#Freq	Total Weight	Target Weight	Gene set 1 (k=4)	Phi 1	Weight function 1
61	22.5966038912	6.50999e+09	ENSP00000265993-uc001klb.3-uc001kla.3, ENSP00000377643-uc002hun.1-uc002huk.1, ENSP00000423228-uc003jlg.1-uc003jlb.1, ENSP00000441202-uc001zcs.2-uc001zcr.2	1.53610046387e-10	E
72	22.5966038912	6.50999e+09	ENSP00000265993-uc001klb.3-uc001kla.3, ENSP00000377643-uc002hun.1-uc002huk.1, ENSP00000384164-uc010gci.1-uc002wpg.1, ENSP00000441202-uc001zcs.2-uc001zcr.2	1.53610046387e-10	E
229	22.2370140866	4.54373e+09	ENSP00000369081-uc003mxv.2-uc010jnz.2, ENSP00000401514, ENSP00000423228-uc003jlg.1-uc003jlb.1, ENSP00000441202-uc001zcs.2-uc001zcr.2	2.200835021e-10	E
36	21.8176187989	2.98725e+09	ENSP00000265993-uc001klb.3-uc001kla.3, ENSP00000374359-uc003eiv.2-uc003eix.2, ENSP00000377643-uc002hun.1-uc002huk.1, ENSP00000441202-uc001zcs.2-uc001zcr.2	3.34756136837e-10	E
29	21.4293103041	2.02596e+09	ENSP00000298281, ENSP00000369081-uc003mxv.2-uc010jnz.2, ENSP00000374359-uc003eiv.2-uc003eix.2, ENSP00000441202-uc001zcs.2-uc001zcr.2	4.93592763503e-10	E
431	21.1993788433	1.6098e+09	ENSP00000230640-uc003jpy.3-uc011cqi.1, ENSP00000377643-uc002hun.1-uc002huk.1, ENSP00000411032-uc002oyg.1-uc010ejd.2, ENSP00000441202-uc001zcs.2-uc001zcr.2	6.21193279505e-10	E
48	20.971226155	1.28141e+09	ENSP00000369081-uc003mxv.2-uc010jnz.2, ENSP00000377643-uc002hun.1-uc002huk.1, ENSP00000423228-uc003jlg.1-uc003jlb.1, ENSP00000441202-uc001zcs.2-uc001zcr.2	7.80390910123e-10	E
17	20.7546257725	1.03186e+09	ENSP00000362298-uc001jrm.2-uc009xqk.2, ENSP00000374359-uc003eiv.2-uc003eix.2, ENSP00000415793, ENSP00000441202-uc001zcs.2-uc001zcr.2	9.69126687104e-10	E
30	20.7283793364	1.00513e+09	ENSP00000358770-uc001kxo.1-uc001kxp.1, ENSP00000369081-uc003mxv.2-uc010jnz.2, ENSP00000415793, ENSP00000441202-uc001zcs.2-uc001zcr.2	9.94899552271e-10	E
7	20.654413634	9.33465e+08	ENSP00000311429-uc002aqb.2-uc010bhv.2, ENSP00000411409, ENSP00000423228-uc003jlg.1-uc003jlb.1, ENSP00000441202-uc001zcs.2-uc001zcr.2	1.07127786574e-09	E
51	20.6436920332	9.2351e+08	ENSP00000369081-uc003mxv.2-uc010jnz.2, ENSP00000374359-uc003eiv.2-uc003eix.2, ENSP00000423228-uc003jlg.1-uc003jlb.1, ENSP00000441202-uc001zcs.2-uc001zcr.2	1.08282547318e-09	E
20	20.4529919058	7.6317e+08	ENSP00000357110-uc003qch.2-uc003qcd.1, ENSP00000401514, ENSP00000423228-uc003jlg.1-uc003jlb.1, ENSP00000441202-uc001zcs.2-uc001zcr.2	1.31032333991e-09	E
65	20.3596426534	6.95153e+08	ENSP00000356849-uc001gdt.1-uc010plf.1, ENSP00000401514, ENSP00000411409, ENSP00000441202-uc001zcs.2-uc001zcr.2	1.43853204951e-09	E
168	20.2326524378	6.12251e+08	ENSP00000019103-uc002tma.2-uc002tlz.2, ENSP00000343617-uc002qqw.2-uc010yhp.1, ENSP00000377643-uc002hun.1-uc002huk.1, ENSP00000441202-uc001zcs.2-uc001zcr.2	1.63331778849e-09	E
1	20.230246928	6.1078e+08	ENSP00000265993-uc001klb.3-uc001kla.3, ENSP00000298281, ENSP00000377643-uc002hun.1-uc002huk.1, ENSP00000441202-uc001zcs.2-uc001zcr.2	1.63725147981e-09	E
26	20.1515148179	5.64536e+08	ENSP00000369081-uc003mxv.2-uc010jnz.2, ENSP00000374359-uc003eiv.2-uc003eix.2, ENSP00000415793, ENSP00000441202-uc001zcs.2-uc001zcr.2	1.77136603318e-09	E
15	20.1515148179	5.64536e+08	ENSP00000369081-uc003mxv.2-uc010jnz.2, ENSP00000374359-uc003eiv.2-uc003eix.2, ENSP00000377643-uc002hun.1-uc002huk.1, ENSP00000441202-uc001zcs.2-uc001zcr.2	1.77136603318e-09	E
17	19.9746894738	4.7304e+08	ENSP00000401514, ENSP00000423228-uc003jlg.1-uc003jlb.1, ENSP00000441202-uc001zcs.2-uc001zcr.2, ENSP00000463916-uc001etp.2-uc001etq.2	2.11398832173e-09	E
16	19.9019089289	4.39834e+08	ENSP00000298281, ENSP00000369081-uc003mxv.2-uc010jnz.2, ENSP00000401514, ENSP00000441202-uc001zcs.2-uc001zcr.2	2.27358278827e-09	E
15	19.8960267607	4.37255e+08	ENSP00000362298-uc001jrm.2-uc009xqk.2, ENSP00000411409, ENSP00000415793, ENSP00000441202-uc001zcs.2-uc001zcr.2	2.28699579469e-09	E
35	19.8727590257	4.27198e+08	ENSP00000377643-uc002hun.1-uc002huk.1, ENSP00000411032-uc002oyg.1-uc010ejd.2, ENSP00000441202-uc001zcs.2-uc001zcr.2, ENSP00000452296-uc001vwc.3-uc001vwb.3	2.34083291177e-09	E
29	19.8700944281	4.26062e+08	ENSP00000400113-uc001mpi.2-uc001mpj.2, ENSP00000401514, ENSP00000411409, ENSP00000441202-uc001zcs.2-uc001zcr.2	2.3470786071e-09	E
31	19.8700944281	4.26062e+08	ENSP00000378438-uc002azq.3-uc002azr.3, ENSP00000401514, ENSP00000411409, ENSP00000441202-uc001zcs.2-uc001zcr.2	2.3470786071e-09	E
13	19.8672691406	4.2486e+08	ENSP00000360199, ENSP00000369081-uc003mxv.2-uc010jnz.2, ENSP00000374359-uc003eiv.2-uc003eix.2, ENSP00000441202-uc001zcs.2-uc001zcr.2	2.35371915526e-09	E
16	19.8672691406	4.2486e+08	ENSP00000360186, ENSP00000369081-uc003mxv.2-uc010jnz.2, ENSP00000374359-uc003eiv.2-uc003eix.2, ENSP00000441202-uc001zcs.2-uc001zcr.2	2.35371915527e-09	E
38	19.8672691406	4.2486e+08	ENSP00000218089, ENSP00000369081-uc003mxv.2-uc010jnz.2, ENSP00000374359-uc003eiv.2-uc003eix.2, ENSP00000441202-uc001zcs.2-uc001zcr.2	2.35371915527e-09	E
5	19.8672691406	4.2486e+08	ENSP00000360187, ENSP00000369081-uc003mxv.2-uc010jnz.2, ENSP00000374359-uc003eiv.2-uc003eix.2, ENSP00000441202-uc001zcs.2-uc001zcr.2	2.35371915527e-09	E
5	19.8672691406	4.2486e+08	ENSP00000360202, ENSP00000369081-uc003mxv.2-uc010jnz.2, ENSP00000374359-uc003eiv.2-uc003eix.2, ENSP00000441202-uc001zcs.2-uc001zcr.2	2.35371915527e-09	E
2	19.7980508946	3.96446e+08	ENSP00000358770-uc001kxo.1-uc001kxp.1, ENSP00000369081-uc003mxv.2-uc010jnz.2, ENSP00000408342-uc002mkd.2-uc002mkc.2, ENSP00000441202-uc001zcs.2-uc001zcr.2	2.52241037483e-09	E
41	19.7598447253	3.81585e+08	ENSP00000298281, ENSP00000374359-uc003eiv.2-uc003eix.2, ENSP00000386626-uc002tzd.3-uc010zch.1, ENSP00000441202-uc001zcs.2-uc001zcr.2	2.62064667983e-09	E
32	19.731292572	3.70844e+08	ENSP00000351627-uc002ozp.3-uc002ozo.3, ENSP00000369695-uc003zoe.2-uc011lnf.1, ENSP00000377643-uc002hun.1-uc002huk.1, ENSP00000441202-uc001zcs.2-uc001zcr.2	2.69655023405e-09	E
3	19.731292572	3.70844e+08	ENSP00000287169-uc001nkx.1-uc001nky.1, ENSP00000411409, ENSP00000415793, ENSP00000441202-uc001zcs.2-uc001zcr.2	2.69655023405e-09	E
45	19.6864296877	3.54575e+08	ENSP00000356849-uc001gdt.1-uc010plf.1, ENSP00000411409, ENSP00000423228-uc003jlg.1-uc003jlb.1, ENSP00000441202-uc001zcs.2-uc001zcr.2	2.82027993917e-09	E
6	19.3855861126	2.62454e+08	ENSP00000287169-uc001nkx.1-uc001nky.1, ENSP00000401514, ENSP00000411409, ENSP00000441202-uc001zcs.2-uc001zcr.2	3.81019254399e-09	E
15	19.209953544	2.20179e+08	ENSP00000400113-uc001mpi.2-uc001mpj.2, ENSP00000411409, ENSP00000423228-uc003jlg.1-uc003jlb.1, ENSP00000441202-uc001zcs.2-uc001zcr.2	4.54174951244e-09	E
5	19.209953544	2.20179e+08	ENSP00000359818-uc001knt.2-uc001knq.2, ENSP00000411409, ENSP00000423228-uc003jlg.1-uc003jlb.1, ENSP00000441202-uc001zcs.2-uc001zcr.2	4.54174951244e-09	E
41	19.209953544	2.20179e+08	ENSP00000378438-uc002azq.3-uc002azr.3, ENSP00000411409, ENSP00000423228-uc003jlg.1-uc003jlb.1, ENSP00000441202-uc001zcs.2-uc001zcr.2	4.54174951244e-09	E
28	19.1702744895	2.11614e+08	ENSP00000298281, ENSP00000362298-uc001jrm.2-uc009xqk.2, ENSP00000415793, ENSP00000441202-uc001zcs.2-uc001zcr.2	4.72558492759e-09	E
7	19.1678450692	2.11101e+08	ENSP00000298281, ENSP00000369081-uc003mxv.2-uc010jnz.2, ENSP00000415793, ENSP00000441202-uc001zcs.2-uc001zcr.2	4.73707931607e-09	E
1	19.1283424918	2.02924e+08	ENSP00000298281, ENSP00000369081-uc003mxv.2-uc010jnz.2, ENSP00000423228-uc003jlg.1-uc003jlb.1, ENSP00000441202-uc001zcs.2-uc001zcr.2	4.92795130632e-09	E
1	19.0773766858	1.92841e+08	ENSP00000358770-uc001kxo.1-uc001kxp.1, ENSP00000360202, ENSP00000369081-uc003mxv.2-uc010jnz.2, ENSP00000441202-uc001zcs.2-uc001zcr.2	5.18561865625e-09	E
12	19.0773766858	1.92841e+08	ENSP00000358770-uc001kxo.1-uc001kxp.1, ENSP00000360199, ENSP00000369081-uc003mxv.2-uc010jnz.2, ENSP00000441202-uc001zcs.2-uc001zcr.2	5.18561865625e-09	E
4	19.0773766858	1.92841e+08	ENSP00000218089, ENSP00000358770-uc001kxo.1-uc001kxp.1, ENSP00000369081-uc003mxv.2-uc010jnz.2, ENSP00000441202-uc001zcs.2-uc001zcr.2	5.18561865625e-09	E
11	19.0510266134	1.87826e+08	ENSP00000369695-uc003zoe.2-uc011lnf.1, ENSP00000377643-uc002hun.1-uc002huk.1, ENSP00000441202-uc001zcs.2-uc001zcr.2, ENSP00000457354-uc002fhe.2-uc002fhd.2	5.32407625604e-09	E
2	19.0330228358	1.84475e+08	ENSP00000356849-uc001gdt.1-uc010plf.1, ENSP00000401514, ENSP00000423228-uc003jlg.1-uc003jlb.1, ENSP00000441202-uc001zcs.2-uc001zcr.2	5.42079780517e-09	E
21	19.0195998155	1.82015e+08	ENSP00000356849-uc001gdt.1-uc010plf.1, ENSP00000374359-uc003eiv.2-uc003eix.2, ENSP00000411409, ENSP00000441202-uc001zcs.2-uc001zcr.2	5.49405182956e-09	E
3	18.9773283146	1.74481e+08	ENSP00000377643-uc002hun.1-uc002huk.1, ENSP00000378056-uc002blh.2-uc002bll.2, ENSP00000441202-uc001zcs.2-uc001zcr.2, ENSP00000457354-uc002fhe.2-uc002fhd.2	5.73127215335e-09	E
19	18.9773283146	1.74481e+08	ENSP00000300658-uc002hsj.2-uc010cvy.2, ENSP00000377643-uc002hun.1-uc002huk.1, ENSP00000441202-uc001zcs.2-uc001zcr.2, ENSP00000457354-uc002fhe.2-uc002fhd.2	5.73127215335e-09	E
6	18.9060130323	1.62471e+08	ENSP00000364037-uc004bas.2-uc011lvf.1, ENSP00000401514, ENSP00000411409, ENSP00000441202-uc001zcs.2-uc001zcr.2	6.15492641722e-09	E
8	18.9060130323	1.62471e+08	ENSP00000343405-uc001jux.2-uc010qkq.1, ENSP00000401514, ENSP00000411409, ENSP00000441202-uc001zcs.2-uc001zcr.2	6.15492641722e-09	E
2	18.8841372699	1.58956e+08	ENSP00000377643-uc002hun.1-uc002huk.1, ENSP00000384164-uc010gci.1-uc002wpg.1, ENSP00000400113-uc001mpi.2-uc001mpj.2, ENSP00000441202-uc001zcs.2-uc001zcr.2	6.2910536402e-09	E
1	18.8841372699	1.58956e+08	ENSP00000377643-uc002hun.1-uc002huk.1, ENSP00000378438-uc002azq.3-uc002azr.3, ENSP00000423228-uc003jlg.1-uc003jlb.1, ENSP00000441202-uc001zcs.2-uc001zcr.2	6.2910536402e-09	E
1	18.8841372699	1.58956e+08	ENSP00000299767-uc001tkb.1-uc010swg.1, ENSP00000377643-uc002hun.1-uc002huk.1, ENSP00000423228-uc003jlg.1-uc003jlb.1, ENSP00000441202-uc001zcs.2-uc001zcr.2	6.2910536402e-09	E
13	18.8841372699	1.58956e+08	ENSP00000347444-uc004axj.2-uc011luy.1, ENSP00000377643-uc002hun.1-uc002huk.1, ENSP00000423228-uc003jlg.1-uc003jlb.1, ENSP00000441202-uc001zcs.2-uc001zcr.2	6.2910536402e-09	E
6	18.8026696305	1.4652e+08	ENSP00000298281, ENSP00000321853-uc002ftk.1-uc010vqr.1, ENSP00000366299-uc002ign.2-uc010czu.2, ENSP00000441202-uc001zcs.2-uc001zcr.2	6.82502638109e-09	E
16	18.7508159639	1.39116e+08	ENSP00000225576, ENSP00000273359-uc003dyk.3-uc011bhq.1, ENSP00000366299-uc002ign.2-uc010czu.2, ENSP00000469540-uc002omt.2-uc002oms.2	7.18826527196e-09	E
6	18.7508159639	1.39116e+08	ENSP00000273359-uc003dyk.3-uc011bhq.1, ENSP00000366299-uc002ign.2-uc010czu.2, ENSP00000429865, ENSP00000469540-uc002omt.2-uc002oms.2	7.18826527196e-09	E
66	18.7508159639	1.39116e+08	ENSP00000273359-uc003dyk.3-uc011bhq.1, ENSP00000366299-uc002ign.2-uc010czu.2, ENSP00000464052, ENSP00000469540-uc002omt.2-uc002oms.2	7.18826527196e-09	E
3	18.7471419872	1.38605e+08	ENSP00000265993-uc001klb.3-uc001kla.3, ENSP00000377643-uc002hun.1-uc002huk.1, ENSP00000441202-uc001zcs.2-uc001zcr.2, ENSP00000467207-uc002lxy.2-uc010dtl.1	7.21472336398e-09	E
7	18.7471419872	1.38605e+08	ENSP00000265993-uc001klb.3-uc001kla.3, ENSP00000354529, ENSP00000377643-uc002hun.1-uc002huk.1, ENSP00000441202-uc001zcs.2-uc001zcr.2	7.21472336398e-09	E
2	18.7471419872	1.38605e+08	ENSP00000265993-uc001klb.3-uc001kla.3, ENSP00000377643-uc002hun.1-uc002huk.1, ENSP00000380891, ENSP00000441202-uc001zcs.2-uc001zcr.2	7.21472336398e-09	E
10	18.7450826655	1.3832e+08	ENSP00000268638-uc002fjh.2-uc010chp.2, ENSP00000298281, ENSP00000401514, ENSP00000441202-uc001zcs.2-uc001zcr.2	7.22959610911e-09	E
2	18.7450826655	1.3832e+08	ENSP00000298281, ENSP00000393571-uc001pjq.2-uc010rvu.1, ENSP00000401514, ENSP00000441202-uc001zcs.2-uc001zcr.2	7.22959610911e-09	E
6	18.7383486333	1.37392e+08	ENSP00000287169-uc001nkx.1-uc001nky.1, ENSP00000411409, ENSP00000423228-uc003jlg.1-uc003jlb.1, ENSP00000441202-uc001zcs.2-uc001zcr.2	7.27844473147e-09	E
2	18.6505330317	1.25841e+08	ENSP00000343617-uc002qqw.2-uc010yhp.1, ENSP00000377643-uc002hun.1-uc002huk.1, ENSP00000441202-uc001zcs.2-uc001zcr.2, ENSP00000457354-uc002fhe.2-uc002fhd.2	7.94650973507e-09	E
2	18.5694500969	1.16041e+08	ENSP00000400113-uc001mpi.2-uc001mpj.2, ENSP00000401514, ENSP00000423228-uc003jlg.1-uc003jlb.1, ENSP00000441202-uc001zcs.2-uc001zcr.2	8.61767856206e-09	E
4	18.5694500969	1.16041e+08	ENSP00000261798-uc003lqy.1-uc003lqu.2, ENSP00000401514, ENSP00000423228-uc003jlg.1-uc003jlb.1, ENSP00000441202-uc001zcs.2-uc001zcr.2	8.61767856206e-09	E
16	18.5694500969	1.16041e+08	ENSP00000378438-uc002azq.3-uc002azr.3, ENSP00000401514, ENSP00000423228-uc003jlg.1-uc003jlb.1, ENSP00000441202-uc001zcs.2-uc001zcr.2	8.61767856206e-09	E
1	18.5694500969	1.16041e+08	ENSP00000347444-uc004axj.2-uc011luy.1, ENSP00000401514, ENSP00000423228-uc003jlg.1-uc003jlb.1, ENSP00000441202-uc001zcs.2-uc001zcr.2	8.61767856206e-09	E
17	18.5560270766	1.14493e+08	ENSP00000374359-uc003eiv.2-uc003eix.2, ENSP00000400113-uc001mpi.2-uc001mpj.2, ENSP00000411409, ENSP00000441202-uc001zcs.2-uc001zcr.2	8.73413367776e-09	E
3	18.453778284	1.03365e+08	ENSP00000362298-uc001jrm.2-uc009xqk.2, ENSP00000384164-uc010gci.1-uc002wpg.1, ENSP00000415793, ENSP00000441202-uc001zcs.2-uc001zcr.2	9.67444190464e-09	E
17	18.453778284	1.03365e+08	ENSP00000362298-uc001jrm.2-uc009xqk.2, ENSP00000415793, ENSP00000423228-uc003jlg.1-uc003jlb.1, ENSP00000441202-uc001zcs.2-uc001zcr.2	9.67444190464e-09	E
4	18.4334470663	1.01285e+08	ENSP00000358770-uc001kxo.1-uc001kxp.1, ENSP00000369081-uc003mxv.2-uc010jnz.2, ENSP00000377643-uc002hun.1-uc002huk.1, ENSP00000441202-uc001zcs.2-uc001zcr.2	9.87314821492e-09	E
1	18.4312737984	1.01065e+08	ENSP00000401514, ENSP00000411409, ENSP00000441202-uc001zcs.2-uc001zcr.2, ENSP00000462521-uc001enn.3-uc001enm.1	9.89462854413e-09	E
10	18.4312737984	1.01065e+08	ENSP00000383401-uc002kod.1-uc002kof.2, ENSP00000401514, ENSP00000411409, ENSP00000441202-uc001zcs.2-uc001zcr.2	9.89462854413e-09	E
1	18.4198018874	9.99122e+07	ENSP00000218089, ENSP00000343617-uc002qqw.2-uc010yhp.1, ENSP00000374359-uc003eiv.2-uc003eix.2, ENSP00000441202-uc001zcs.2-uc001zcr.2	1.00087924289e-08	E
5	18.4198018874	9.99122e+07	ENSP00000019103-uc002tma.2-uc002tlz.2, ENSP00000218089, ENSP00000343617-uc002qqw.2-uc010yhp.1, ENSP00000441202-uc001zcs.2-uc001zcr.2	1.00087924289e-08	E
13	18.4198018874	9.99122e+07	ENSP00000019103-uc002tma.2-uc002tlz.2, ENSP00000343617-uc002qqw.2-uc010yhp.1, ENSP00000360186, ENSP00000441202-uc001zcs.2-uc001zcr.2	1.00087924289e-08	E
17	18.4198018874	9.99122e+07	ENSP00000019103-uc002tma.2-uc002tlz.2, ENSP00000343617-uc002qqw.2-uc010yhp.1, ENSP00000360187, ENSP00000441202-uc001zcs.2-uc001zcr.2	1.00087924289e-08	E
27	18.4198018874	9.99122e+07	ENSP00000019103-uc002tma.2-uc002tlz.2, ENSP00000343617-uc002qqw.2-uc010yhp.1, ENSP00000360202, ENSP00000441202-uc001zcs.2-uc001zcr.2	1.00087924289e-08	E
4	18.4198018874	9.99122e+07	ENSP00000019103-uc002tma.2-uc002tlz.2, ENSP00000343617-uc002qqw.2-uc010yhp.1, ENSP00000360199, ENSP00000441202-uc001zcs.2-uc001zcr.2	1.00087924289e-08	E
2	18.3783529613	9.58556e+07	ENSP00000369695-uc003zoe.2-uc011lnf.1, ENSP00000377643-uc002hun.1-uc002huk.1, ENSP00000423228-uc003jlg.1-uc003jlb.1, ENSP00000441202-uc001zcs.2-uc001zcr.2	1.0432363775e-08	E
2	18.3672914349	9.48011e+07	ENSP00000265993-uc001klb.3-uc001kla.3, ENSP00000358770-uc001kxo.1-uc001kxp.1, ENSP00000377643-uc002hun.1-uc002huk.1, ENSP00000441202-uc001zcs.2-uc001zcr.2	1.05484022405e-08	E
2	18.3649740274	9.45816e+07	ENSP00000369081-uc003mxv.2-uc010jnz.2, ENSP00000374359-uc003eiv.2-uc003eix.2, ENSP00000401514, ENSP00000441202-uc001zcs.2-uc001zcr.2	1.0572875533e-08	E
3	18.3198880723	9.0412e+07	ENSP00000265993-uc001klb.3-uc001kla.3, ENSP00000401514, ENSP00000423228-uc003jlg.1-uc003jlb.1, ENSP00000441202-uc001zcs.2-uc001zcr.2	1.10604730299e-08	E
5	18.2715145789	8.61426e+07	ENSP00000343405-uc001jux.2-uc010qkq.1, ENSP00000411409, ENSP00000423228-uc003jlg.1-uc003jlb.1, ENSP00000441202-uc001zcs.2-uc001zcr.2	1.16086586856e-08	E
4	18.2715145789	8.61426e+07	ENSP00000364037-uc004bas.2-uc011lvf.1, ENSP00000411409, ENSP00000423228-uc003jlg.1-uc003jlb.1, ENSP00000441202-uc001zcs.2-uc001zcr.2	1.16086586856e-08	E
15	18.2715145789	8.61426e+07	ENSP00000273512-uc003fig.2-uc011bpy.1, ENSP00000411409, ENSP00000423228-uc003jlg.1-uc003jlb.1, ENSP00000441202-uc001zcs.2-uc001zcr.2	1.16086586856e-08	E
1	18.2331335386	8.2899e+07	ENSP00000265993-uc001klb.3-uc001kla.3, ENSP00000351627-uc002ozp.3-uc002ozo.3, ENSP00000377643-uc002hun.1-uc002huk.1, ENSP00000441202-uc001zcs.2-uc001zcr.2	1.20628719129e-08	E
30	18.2306300885	8.26917e+07	ENSP00000019103-uc002tma.2-uc002tlz.2, ENSP00000316739-uc001bes.2-uc001ber.2, ENSP00000343617-uc002qqw.2-uc010yhp.1, ENSP00000441202-uc001zcs.2-uc001zcr.2	1.20931085432e-08	E
17	18.2275752718	8.24395e+07	ENSP00000019103-uc002tma.2-uc002tlz.2, ENSP00000356574-uc001gnz.2-uc001goc.2, ENSP00000377643-uc002hun.1-uc002huk.1, ENSP00000441202-uc001zcs.2-uc001zcr.2	1.21301072564e-08	E
5	18.2053930157	8.06309e+07	ENSP00000359818-uc001knt.2-uc001knq.2, ENSP00000374359-uc003eiv.2-uc003eix.2, ENSP00000415793, ENSP00000441202-uc001zcs.2-uc001zcr.2	1.24021869164e-08	E
3	18.2053930157	8.06309e+07	ENSP00000374359-uc003eiv.2-uc003eix.2, ENSP00000377643-uc002hun.1-uc002huk.1, ENSP00000400113-uc001mpi.2-uc001mpj.2, ENSP00000441202-uc001zcs.2-uc001zcr.2	1.24021869164e-08	E
2	18.2053930157	8.06309e+07	ENSP00000374359-uc003eiv.2-uc003eix.2, ENSP00000377643-uc002hun.1-uc002huk.1, ENSP00000378438-uc002azq.3-uc002azr.3, ENSP00000441202-uc001zcs.2-uc001zcr.2	1.24021869164e-08	E
15	18.1624710569	7.72433e+07	ENSP00000383191-uc002zhg.2-uc002zhk.2, ENSP00000408342-uc002mkd.2-uc002mkc.2, ENSP00000429865, ENSP00000469540-uc002omt.2-uc002oms.2	1.29461025321e-08	E
1	18.1624710569	7.72433e+07	ENSP00000225576, ENSP00000383191-uc002zhg.2-uc002zhk.2, ENSP00000408342-uc002mkd.2-uc002mkc.2, ENSP00000469540-uc002omt.2-uc002oms.2	1.29461025321e-08	E
16	18.1624710569	7.72433e+07	ENSP00000383191-uc002zhg.2-uc002zhk.2, ENSP00000408342-uc002mkd.2-uc002mkc.2, ENSP00000464052, ENSP00000469540-uc002omt.2-uc002oms.2	1.29461025321e-08	E
14	18.1105842121	7.33376e+07	ENSP00000345444-uc001qfp.2-uc009zcv.2, ENSP00000401514, ENSP00000423228-uc003jlg.1-uc003jlb.1, ENSP00000441202-uc001zcs.2-uc001zcr.2	1.3635567345e-08	E
7	18.1105842121	7.33376e+07	ENSP00000287169-uc001nkx.1-uc001nky.1, ENSP00000401514, ENSP00000423228-uc003jlg.1-uc003jlb.1, ENSP00000441202-uc001zcs.2-uc001zcr.2	1.3635567345e-08	E
4	18.1105842121	7.33376e+07	ENSP00000393571-uc001pjq.2-uc010rvu.1, ENSP00000401514, ENSP00000423228-uc003jlg.1-uc003jlb.1, ENSP00000441202-uc001zcs.2-uc001zcr.2	1.3635567345e-08	E
11	18.107246542	7.30932e+07	ENSP00000225576, ENSP00000416097-uc011maw.1-uc010mxw.2, ENSP00000432787-uc003pzz.1-uc003pzw.1, ENSP00000469540-uc002omt.2-uc002oms.2	1.36811544046e-08	E
15	18.107246542	7.30932e+07	ENSP00000416097-uc011maw.1-uc010mxw.2, ENSP00000429865, ENSP00000432787-uc003pzz.1-uc003pzw.1, ENSP00000469540-uc002omt.2-uc002oms.2	1.36811544046e-08	E
5	18.0971611917	7.23598e+07	ENSP00000287169-uc001nkx.1-uc001nky.1, ENSP00000374359-uc003eiv.2-uc003eix.2, ENSP00000411409, ENSP00000441202-uc001zcs.2-uc001zcr.2	1.38198317686e-08	E
4	18.0634648827	6.99621e+07	ENSP00000362298-uc001jrm.2-uc009xqk.2, ENSP00000411409, ENSP00000423228-uc003jlg.1-uc003jlb.1, ENSP00000441202-uc001zcs.2-uc001zcr.2	1.42934437662e-08	E
2	18.0298093041	6.76467e+07	ENSP00000267938-uc002bbg.2-uc002bbi.2, ENSP00000298281, ENSP00000415793, ENSP00000441202-uc001zcs.2-uc001zcr.2	1.47826845475e-08	E
3	18.0298093041	6.76467e+07	ENSP00000249075-uc003agz.2-uc011aks.1, ENSP00000298281, ENSP00000415793, ENSP00000441202-uc001zcs.2-uc001zcr.2	1.47826845475e-08	E
10	17.9612701691	6.31656e+07	ENSP00000263196-uc002zoq.1-uc011agr.1, ENSP00000401514, ENSP00000411409, ENSP00000441202-uc001zcs.2-uc001zcr.2	1.58314056706e-08	E
1	17.9486503192	6.23735e+07	ENSP00000357110-uc003qch.2-uc003qcd.1, ENSP00000377643-uc002hun.1-uc002huk.1, ENSP00000423228-uc003jlg.1-uc003jlb.1, ENSP00000441202-uc001zcs.2-uc001zcr.2	1.60324616135e-08	E
3	17.9486503192	6.23735e+07	ENSP00000343617-uc002qqw.2-uc010yhp.1, ENSP00000377643-uc002hun.1-uc002huk.1, ENSP00000423228-uc003jlg.1-uc003jlb.1, ENSP00000441202-uc001zcs.2-uc001zcr.2	1.60324616135e-08	E
3	17.8783708588	5.81404e+07	ENSP00000364037-uc004bas.2-uc011lvf.1, ENSP00000377643-uc002hun.1-uc002huk.1, ENSP00000423228-uc003jlg.1-uc003jlb.1, ENSP00000441202-uc001zcs.2-uc001zcr.2	1.7199752224e-08	E
1	17.8160881593	5.46297e+07	ENSP00000249075-uc003agz.2-uc011aks.1, ENSP00000298281, ENSP00000401514, ENSP00000441202-uc001zcs.2-uc001zcr.2	1.83050628066e-08	E
2	17.8093541271	5.42631e+07	ENSP00000383401-uc002kod.1-uc002kof.2, ENSP00000411409, ENSP00000423228-uc003jlg.1-uc003jlb.1, ENSP00000441202-uc001zcs.2-uc001zcr.2	1.84287456634e-08	E
7	17.8093541271	5.42631e+07	ENSP00000320885-uc002roc.2-uc002rod.2, ENSP00000411409, ENSP00000423228-uc003jlg.1-uc003jlb.1, ENSP00000441202-uc001zcs.2-uc001zcr.2	1.84287456634e-08	E
4	17.8093541271	5.42631e+07	ENSP00000411409, ENSP00000423228-uc003jlg.1-uc003jlb.1, ENSP00000441202-uc001zcs.2-uc001zcr.2, ENSP00000462521-uc001enn.3-uc001enm.1	1.84287456634e-08	E
1	17.7947086745	5.34741e+07	ENSP00000401514, ENSP00000411409, ENSP00000441202-uc001zcs.2-uc001zcr.2, ENSP00000463916-uc001etp.2-uc001etq.2	1.87006290523e-08	E
2	17.6720765993	4.73026e+07	ENSP00000248846-uc003bkb.1-uc010has.1, ENSP00000345895-uc003bfr.2-uc011aqn.1, ENSP00000347942-uc001jal.2-uc010qez.1, ENSP00000464052	2.11404705229e-08	E
18	17.6720765993	4.73026e+07	ENSP00000248846-uc003bkb.1-uc010has.1, ENSP00000345895-uc003bfr.2-uc011aqn.1, ENSP00000347942-uc001jal.2-uc010qez.1, ENSP00000429865	2.11404705229e-08	E
2	17.6638981528	4.69174e+07	ENSP00000362298-uc001jrm.2-uc009xqk.2, ENSP00000415793, ENSP00000441202-uc001zcs.2-uc001zcr.2, ENSP00000472749-uc010noz.2-uc004elo.3	2.13140756719e-08	E
5	17.6580382037	4.66432e+07	ENSP00000308344-uc002jbc.2-uc010wpn.1, ENSP00000351627-uc002ozp.3-uc002ozo.3, ENSP00000377643-uc002hun.1-uc002huk.1, ENSP00000441202-uc001zcs.2-uc001zcr.2	2.14393417387e-08	E
4	17.6563289398	4.65636e+07	ENSP00000364037-uc004bas.2-uc011lvf.1, ENSP00000401514, ENSP00000423228-uc003jlg.1-uc003jlb.1, ENSP00000441202-uc001zcs.2-uc001zcr.2	2.14760185684e-08	E
2	17.6563289398	4.65636e+07	ENSP00000343405-uc001jux.2-uc010qkq.1, ENSP00000401514, ENSP00000423228-uc003jlg.1-uc003jlb.1, ENSP00000441202-uc001zcs.2-uc001zcr.2	2.14760185684e-08	E
1	17.6429059194	4.59427e+07	ENSP00000343405-uc001jux.2-uc010qkq.1, ENSP00000374359-uc003eiv.2-uc003eix.2, ENSP00000411409, ENSP00000441202-uc001zcs.2-uc001zcr.2	2.17662350356e-08	E
2	17.6429059194	4.59427e+07	ENSP00000364037-uc004bas.2-uc011lvf.1, ENSP00000374359-uc003eiv.2-uc003eix.2, ENSP00000411409, ENSP00000441202-uc001zcs.2-uc001zcr.2	2.17662350356e-08	E
1	17.6235847877	4.50636e+07	ENSP00000363894-uc004bci.2-uc004bcj.1, ENSP00000369081-uc003mxv.2-uc010jnz.2, ENSP00000423228-uc003jlg.1-uc003jlb.1, ENSP00000441202-uc001zcs.2-uc001zcr.2	2.21908723571e-08	E
5	17.6043911227	4.42069e+07	ENSP00000218089, ENSP00000369081-uc003mxv.2-uc010jnz.2, ENSP00000415793, ENSP00000441202-uc001zcs.2-uc001zcr.2	2.26209103287e-08	E
1	17.5525613649	4.1974e+07	ENSP00000346065-uc003oyj.2-uc010jze.2, ENSP00000369081-uc003mxv.2-uc010jnz.2, ENSP00000377643-uc002hun.1-uc002huk.1, ENSP00000441202-uc001zcs.2-uc001zcr.2	2.38242619718e-08	E
1	17.5186526707	4.05746e+07	ENSP00000264501, ENSP00000265993-uc001klb.3-uc001kla.3, ENSP00000377643-uc002hun.1-uc002huk.1, ENSP00000441202-uc001zcs.2-uc001zcr.2	2.46459642805e-08	E
5	17.4959069194	3.96621e+07	ENSP00000365757-uc001irl.3-uc010qcu.1, ENSP00000401514, ENSP00000411409, ENSP00000441202-uc001zcs.2-uc001zcr.2	2.52129794013e-08	E
2	17.4959069194	3.96621e+07	ENSP00000401514, ENSP00000411409, ENSP00000416097-uc011maw.1-uc010mxw.2, ENSP00000441202-uc001zcs.2-uc001zcr.2	2.52129794013e-08	E
8	17.4819755526	3.91134e+07	ENSP00000268638-uc002fjh.2-uc010chp.2, ENSP00000298281, ENSP00000374359-uc003eiv.2-uc003eix.2, ENSP00000441202-uc001zcs.2-uc001zcr.2	2.55666887719e-08	E
36	17.4488429396	3.78387e+07	ENSP00000383191-uc002zhg.2-uc002zhk.2, ENSP00000386797-uc002tob.1-uc002toa.1, ENSP00000429865, ENSP00000469540-uc002omt.2-uc002oms.2	2.64279694278e-08	E
8	17.4488429396	3.78387e+07	ENSP00000383191-uc002zhg.2-uc002zhk.2, ENSP00000386797-uc002tob.1-uc002toa.1, ENSP00000464052, ENSP00000469540-uc002omt.2-uc002oms.2	2.64279694278e-08	E
1	17.4448388324	3.76875e+07	ENSP00000248846-uc003bkb.1-uc010has.1, ENSP00000263980-uc001bnm.2-uc001bnl.2, ENSP00000386797-uc002tob.1-uc002toa.1, ENSP00000429865	2.65340019914e-08	E
5	17.3985977196	3.59845e+07	ENSP00000383191-uc002zhg.2-uc002zhk.2, ENSP00000401514, ENSP00000423228-uc003jlg.1-uc003jlb.1, ENSP00000441202-uc001zcs.2-uc001zcr.2	2.77897741673e-08	E
1	17.3985977196	3.59845e+07	ENSP00000362298-uc001jrm.2-uc009xqk.2, ENSP00000401514, ENSP00000423228-uc003jlg.1-uc003jlb.1, ENSP00000441202-uc001zcs.2-uc001zcr.2	2.77897741673e-08	E
5	17.3859608629	3.55326e+07	ENSP00000362298-uc001jrm.2-uc009xqk.2, ENSP00000374359-uc003eiv.2-uc003eix.2, ENSP00000411409, ENSP00000441202-uc001zcs.2-uc001zcr.2	2.81431778159e-08	E
3	17.384089479	3.54662e+07	ENSP00000267938-uc002bbg.2-uc002bbi.2, ENSP00000377643-uc002hun.1-uc002huk.1, ENSP00000423228-uc003jlg.1-uc003jlb.1, ENSP00000441202-uc001zcs.2-uc001zcr.2	2.81958938138e-08	E
4	17.3517730178	3.43383e+07	ENSP00000263196-uc002zoq.1-uc011agr.1, ENSP00000411409, ENSP00000423228-uc003jlg.1-uc003jlb.1, ENSP00000441202-uc001zcs.2-uc001zcr.2	2.91219684558e-08	E
12	17.3517730178	3.43383e+07	ENSP00000411409, ENSP00000422464-uc003iph.1-uc011cir.1, ENSP00000423228-uc003jlg.1-uc003jlb.1, ENSP00000441202-uc001zcs.2-uc001zcr.2	2.91219684558e-08	E
8	17.290754058	3.23057e+07	ENSP00000299767-uc001tkb.1-uc010swg.1, ENSP00000351627-uc002ozp.3-uc002ozo.3, ENSP00000377643-uc002hun.1-uc002huk.1, ENSP00000441202-uc001zcs.2-uc001zcr.2	3.09542955325e-08	E
2	17.2857899062	3.21457e+07	ENSP00000225576, ENSP00000362298-uc001jrm.2-uc009xqk.2, ENSP00000374359-uc003eiv.2-uc003eix.2, ENSP00000415793	3.11083393859e-08	E
4	17.2557441358	3.11942e+07	ENSP00000343617-uc002qqw.2-uc010yhp.1, ENSP00000374359-uc003eiv.2-uc003eix.2, ENSP00000377643-uc002hun.1-uc002huk.1, ENSP00000441202-uc001zcs.2-uc001zcr.2	3.20571966033e-08	E
4	17.2555926229	3.11895e+07	ENSP00000019103-uc002tma.2-uc002tlz.2, ENSP00000345895-uc003bfr.2-uc011aqn.1, ENSP00000377643-uc002hun.1-uc002huk.1, ENSP00000441202-uc001zcs.2-uc001zcr.2	3.20620540489e-08	E
6	17.226585527	3.02978e+07	ENSP00000364037-uc004bas.2-uc011lvf.1, ENSP00000374359-uc003eiv.2-uc003eix.2, ENSP00000377643-uc002hun.1-uc002huk.1, ENSP00000441202-uc001zcs.2-uc001zcr.2	3.30057011913e-08	E
2	17.206591008	2.9698e+07	ENSP00000383401-uc002kod.1-uc002kof.2, ENSP00000401514, ENSP00000423228-uc003jlg.1-uc003jlb.1, ENSP00000441202-uc001zcs.2-uc001zcr.2	3.3672276027e-08	E
1	17.206591008	2.9698e+07	ENSP00000401514, ENSP00000423228-uc003jlg.1-uc003jlb.1, ENSP00000437271-uc001njs.2-uc001njp.2, ENSP00000441202-uc001zcs.2-uc001zcr.2	3.3672276027e-08	E
5	17.206591008	2.9698e+07	ENSP00000401514, ENSP00000423228-uc003jlg.1-uc003jlb.1, ENSP00000441202-uc001zcs.2-uc001zcr.2, ENSP00000462521-uc001enn.3-uc001enm.1	3.3672276027e-08	E
2	17.1931679877	2.9302e+07	ENSP00000374359-uc003eiv.2-uc003eix.2, ENSP00000383401-uc002kod.1-uc002kof.2, ENSP00000411409, ENSP00000441202-uc001zcs.2-uc001zcr.2	3.41273067841e-08	E
1	17.1931679877	2.9302e+07	ENSP00000019103-uc002tma.2-uc002tlz.2, ENSP00000383401-uc002kod.1-uc002kof.2, ENSP00000411409, ENSP00000441202-uc001zcs.2-uc001zcr.2	3.41273067841e-08	E
5	17.1931679877	2.9302e+07	ENSP00000320885-uc002roc.2-uc002rod.2, ENSP00000374359-uc003eiv.2-uc003eix.2, ENSP00000411409, ENSP00000441202-uc001zcs.2-uc001zcr.2	3.41273067841e-08	E
2	17.0316809144	2.49325e+07	ENSP00000308344-uc002jbc.2-uc010wpn.1, ENSP00000377643-uc002hun.1-uc002huk.1, ENSP00000441202-uc001zcs.2-uc001zcr.2, ENSP00000457354-uc002fhe.2-uc002fhd.2	4.010836526e-08	E
11	16.9771779301	2.36099e+07	ENSP00000225576, ENSP00000408342-uc002mkd.2-uc002mkc.2, ENSP00000437271-uc001njs.2-uc001njp.2, ENSP00000469540-uc002omt.2-uc002oms.2	4.2355060525e-08	E
11	16.9771779301	2.36099e+07	ENSP00000408342-uc002mkd.2-uc002mkc.2, ENSP00000437271-uc001njs.2-uc001njp.2, ENSP00000464052, ENSP00000469540-uc002omt.2-uc002oms.2	4.2355060525e-08	E
3	16.9732453666	2.35173e+07	ENSP00000377643-uc002hun.1-uc002huk.1, ENSP00000381031-uc003aet.2-uc003aey.2, ENSP00000441202-uc001zcs.2-uc001zcr.2, ENSP00000457354-uc002fhe.2-uc002fhd.2	4.2521952429e-08	E
18	16.9621482301	2.32577e+07	ENSP00000255121-uc001coj.1-uc001coi.1, ENSP00000383191-uc002zhg.2-uc002zhk.2, ENSP00000408342-uc002mkd.2-uc002mkc.2, ENSP00000464052	4.29964522642e-08	E
1	16.9576933132	2.31544e+07	ENSP00000263980-uc001bnm.2-uc001bnl.2, ENSP00000377643-uc002hun.1-uc002huk.1, ENSP00000423228-uc003jlg.1-uc003jlb.1, ENSP00000441202-uc001zcs.2-uc001zcr.2	4.31884251814e-08	E
1	16.9460340885	2.2886e+07	ENSP00000386626-uc002tzd.3-uc010zch.1, ENSP00000401514, ENSP00000423228-uc003jlg.1-uc003jlb.1, ENSP00000441202-uc001zcs.2-uc001zcr.2	4.36949156416e-08	E
6	16.9460340885	2.2886e+07	ENSP00000343617-uc002qqw.2-uc010yhp.1, ENSP00000423228-uc003jlg.1-uc003jlb.1, ENSP00000441202-uc001zcs.2-uc001zcr.2, ENSP00000457354-uc002fhe.2-uc002fhd.2	4.36949156416e-08	E
2	16.9054138929	2.1975e+07	ENSP00000298281, ENSP00000401514, ENSP00000416097-uc011maw.1-uc010mxw.2, ENSP00000441202-uc001zcs.2-uc001zcr.2	4.55063530658e-08	E
2	16.9054138929	2.1975e+07	ENSP00000298281, ENSP00000308344-uc002jbc.2-uc010wpn.1, ENSP00000401514, ENSP00000441202-uc001zcs.2-uc001zcr.2	4.55063530658e-08	E
2	16.9054138929	2.1975e+07	ENSP00000298281, ENSP00000362608-uc003onk.2-uc011dtw.1, ENSP00000401514, ENSP00000441202-uc001zcs.2-uc001zcr.2	4.55063530658e-08	E
2	16.8986798607	2.18275e+07	ENSP00000411409, ENSP00000416097-uc011maw.1-uc010mxw.2, ENSP00000423228-uc003jlg.1-uc003jlb.1, ENSP00000441202-uc001zcs.2-uc001zcr.2	4.58138284244e-08	E
1	16.8986798607	2.18275e+07	ENSP00000376800-uc003vte.3-uc010lmv.2, ENSP00000411409, ENSP00000423228-uc003jlg.1-uc003jlb.1, ENSP00000441202-uc001zcs.2-uc001zcr.2	4.58138284244e-08	E
1	16.8954117801	2.17563e+07	ENSP00000370074-uc003mug.2-uc003muf.2, ENSP00000377643-uc002hun.1-uc002huk.1, ENSP00000423228-uc003jlg.1-uc003jlb.1, ENSP00000441202-uc001zcs.2-uc001zcr.2	4.59637966318e-08	E
2	16.8954117801	2.17563e+07	ENSP00000370074-uc003mug.2-uc003muf.2, ENSP00000377643-uc002hun.1-uc002huk.1, ENSP00000384164-uc010gci.1-uc002wpg.1, ENSP00000441202-uc001zcs.2-uc001zcr.2	4.59637966318e-08	E
7	16.8920528112	2.16833e+07	ENSP00000369081-uc003mxv.2-uc010jnz.2, ENSP00000374359-uc003eiv.2-uc003eix.2, ENSP00000380891, ENSP00000441202-uc001zcs.2-uc001zcr.2	4.61184471824e-08	E
2	16.8920528112	2.16833e+07	ENSP00000340626, ENSP00000369081-uc003mxv.2-uc010jnz.2, ENSP00000374359-uc003eiv.2-uc003eix.2, ENSP00000441202-uc001zcs.2-uc001zcr.2	4.61184471824e-08	E
30	16.8627364473	2.10568e+07	ENSP00000222145-uc002pki.2-uc002pkh.2, ENSP00000225576, ENSP00000261173-uc001tbh.2-uc009zsr.2, ENSP00000402515	4.74904856872e-08	E
2	16.8627364473	2.10568e+07	ENSP00000222145-uc002pki.2-uc002pkh.2, ENSP00000261173-uc001tbh.2-uc009zsr.2, ENSP00000402515, ENSP00000464052	4.74904856872e-08	E
2	16.8262452944	2.03023e+07	ENSP00000368800-uc010cdu.2-uc002ept.2, ENSP00000369081-uc003mxv.2-uc010jnz.2, ENSP00000377643-uc002hun.1-uc002huk.1, ENSP00000441202-uc001zcs.2-uc001zcr.2	4.92554756689e-08	E
1	16.7958316181	1.96941e+07	ENSP00000264501, ENSP00000369081-uc003mxv.2-uc010jnz.2, ENSP00000377643-uc002hun.1-uc002huk.1, ENSP00000441202-uc001zcs.2-uc001zcr.2	5.07765289275e-08	E
4	16.7765934308	1.93189e+07	ENSP00000019103-uc002tma.2-uc002tlz.2, ENSP00000285039-uc002leb.2-uc002ldz.2, ENSP00000377643-uc002hun.1-uc002huk.1, ENSP00000441202-uc001zcs.2-uc001zcr.2	5.17628342477e-08	E
2	16.7612799913	1.90253e+07	ENSP00000401514, ENSP00000422464-uc003iph.1-uc011cir.1, ENSP00000423228-uc003jlg.1-uc003jlb.1, ENSP00000441202-uc001zcs.2-uc001zcr.2	5.25616016032e-08	E
4	16.747856971	1.87716e+07	ENSP00000263196-uc002zoq.1-uc011agr.1, ENSP00000374359-uc003eiv.2-uc003eix.2, ENSP00000411409, ENSP00000441202-uc001zcs.2-uc001zcr.2	5.32718935167e-08	E
1	16.747856971	1.87716e+07	ENSP00000370074-uc003mug.2-uc003muf.2, ENSP00000374359-uc003eiv.2-uc003eix.2, ENSP00000411409, ENSP00000441202-uc001zcs.2-uc001zcr.2	5.32718935167e-08	E
9	16.710106968	1.80762e+07	ENSP00000364037-uc004bas.2-uc011lvf.1, ENSP00000411409, ENSP00000435697-uc003yyv.2-uc011lki.1, ENSP00000441202-uc001zcs.2-uc001zcr.2	5.53213477285e-08	E
1	16.6813912576	1.75645e+07	ENSP00000263980-uc001bnm.2-uc001bnl.2, ENSP00000411409, ENSP00000423228-uc003jlg.1-uc003jlb.1, ENSP00000441202-uc001zcs.2-uc001zcr.2	5.6932968203e-08	E
16	16.6780882946	1.75066e+07	ENSP00000252999, ENSP00000366299-uc002ign.2-uc010czu.2, ENSP00000379625-uc011ayi.1-uc011ayk.1, ENSP00000464052	5.71213265893e-08	E
2	16.6597353993	1.71882e+07	ENSP00000207457-uc001bzr.2-uc001bzs.2, ENSP00000369081-uc003mxv.2-uc010jnz.2, ENSP00000377643-uc002hun.1-uc002huk.1, ENSP00000441202-uc001zcs.2-uc001zcr.2	5.81793474897e-08	E
1	16.6370965453	1.68035e+07	ENSP00000225388-uc002hdy.3-uc002hdx.3, ENSP00000298281, ENSP00000415793, ENSP00000441202-uc001zcs.2-uc001zcr.2	5.95114833639e-08	E
1	16.6370965453	1.68035e+07	ENSP00000261798-uc003lqy.1-uc003lqu.2, ENSP00000377643-uc002hun.1-uc002huk.1, ENSP00000441202-uc001zcs.2-uc001zcr.2, ENSP00000457354-uc002fhe.2-uc002fhd.2	5.95114833639e-08	E
2	16.6370965453	1.68035e+07	ENSP00000298281, ENSP00000299767-uc001tkb.1-uc010swg.1, ENSP00000377643-uc002hun.1-uc002huk.1, ENSP00000441202-uc001zcs.2-uc001zcr.2	5.95114833639e-08	E
6	16.6370965453	1.68035e+07	ENSP00000298281, ENSP00000299767-uc001tkb.1-uc010swg.1, ENSP00000415793, ENSP00000441202-uc001zcs.2-uc001zcr.2	5.95114833639e-08	E
6	16.6287078476	1.66631e+07	ENSP00000263980-uc001bnm.2-uc001bnl.2, ENSP00000408342-uc002mkd.2-uc002mkc.2, ENSP00000464052, ENSP00000469540-uc002omt.2-uc002oms.2	6.00128069923e-08	E
9	16.6287078476	1.66631e+07	ENSP00000225576, ENSP00000263980-uc001bnm.2-uc001bnl.2, ENSP00000408342-uc002mkd.2-uc002mkc.2, ENSP00000469540-uc002omt.2-uc002oms.2	6.00128069923e-08	E
2	16.628190911	1.66545e+07	ENSP00000248846-uc003bkb.1-uc010has.1, ENSP00000383191-uc002zhg.2-uc002zhk.2, ENSP00000386797-uc002tob.1-uc002toa.1, ENSP00000464052	6.00438378295e-08	E
11	16.6276364876	1.66453e+07	ENSP00000340062, ENSP00000352288-uc003bkv.3-uc003bkt.1, ENSP00000429865, ENSP00000469540-uc002omt.2-uc002oms.2	6.00771367701e-08	E
31	16.6276364876	1.66453e+07	ENSP00000340062, ENSP00000352288-uc003bkv.3-uc003bkt.1, ENSP00000464052, ENSP00000469540-uc002omt.2-uc002oms.2	6.00771367701e-08	E
4	16.6276364876	1.66453e+07	ENSP00000265077, ENSP00000352288-uc003bkv.3-uc003bkt.1, ENSP00000464052, ENSP00000469540-uc002omt.2-uc002oms.2	6.00771367702e-08	E
1	16.5540398283	1.54642e+07	ENSP00000351627-uc002ozp.3-uc002ozo.3, ENSP00000377643-uc002hun.1-uc002huk.1, ENSP00000441202-uc001zcs.2-uc001zcr.2, ENSP00000473060-uc004fel.2-uc004fek.2	6.46653822894e-08	E
2	16.5264485856	1.50434e+07	ENSP00000248846-uc003bkb.1-uc010has.1, ENSP00000287169-uc001nkx.1-uc001nky.1, ENSP00000347942-uc001jal.2-uc010qez.1, ENSP00000429865	6.64744226139e-08	E
5	16.4861177535	1.44487e+07	ENSP00000360199, ENSP00000411409, ENSP00000441202-uc001zcs.2-uc001zcr.2, ENSP00000463916-uc001etp.2-uc001etq.2	6.92101884313e-08	E
2	16.4840812396	1.44193e+07	ENSP00000357448-uc001ffr.2-uc010pep.1, ENSP00000377643-uc002hun.1-uc002huk.1, ENSP00000441202-uc001zcs.2-uc001zcr.2, ENSP00000457354-uc002fhe.2-uc002fhd.2	6.93512795567e-08	E
2	16.4840812396	1.44193e+07	ENSP00000297029-uc003ssn.3-uc003sso.3, ENSP00000377643-uc002hun.1-uc002huk.1, ENSP00000441202-uc001zcs.2-uc001zcr.2, ENSP00000457354-uc002fhe.2-uc002fhd.2	6.93512795567e-08	E
2	16.4840812396	1.44193e+07	ENSP00000264424-uc003ipc.2-uc003ipd.2, ENSP00000377643-uc002hun.1-uc002huk.1, ENSP00000441202-uc001zcs.2-uc001zcr.2, ENSP00000457354-uc002fhe.2-uc002fhd.2	6.93512795568e-08	E
1	16.4232412246	1.35682e+07	ENSP00000248846-uc003bkb.1-uc010has.1, ENSP00000345498-uc001dyb.1-uc001dye.1, ENSP00000347942-uc001jal.2-uc010qez.1, ENSP00000464052	7.370160765e-08	E
1	16.3203081948	1.22411e+07	ENSP00000362608-uc003onk.2-uc011dtw.1, ENSP00000401514, ENSP00000423228-uc003jlg.1-uc003jlb.1, ENSP00000441202-uc001zcs.2-uc001zcr.2	8.16921277929e-08	E
1	16.3203081948	1.22411e+07	ENSP00000376800-uc003vte.3-uc010lmv.2, ENSP00000401514, ENSP00000423228-uc003jlg.1-uc003jlb.1, ENSP00000441202-uc001zcs.2-uc001zcr.2	8.16921277929e-08	E
1	16.3203081948	1.22411e+07	ENSP00000275227-uc003qdw.1-uc010kgd.1, ENSP00000401514, ENSP00000423228-uc003jlg.1-uc003jlb.1, ENSP00000441202-uc001zcs.2-uc001zcr.2	8.16921277929e-08	E
2	16.3203081948	1.22411e+07	ENSP00000401514, ENSP00000416097-uc011maw.1-uc010mxw.2, ENSP00000423228-uc003jlg.1-uc003jlb.1, ENSP00000441202-uc001zcs.2-uc001zcr.2	8.16921277929e-08	E
3	16.3068851744	1.20779e+07	ENSP00000365757-uc001irl.3-uc010qcu.1, ENSP00000374359-uc003eiv.2-uc003eix.2, ENSP00000411409, ENSP00000441202-uc001zcs.2-uc001zcr.2	8.27960754657e-08	E
1	16.3068851744	1.20779e+07	ENSP00000360187, ENSP00000376800-uc003vte.3-uc010lmv.2, ENSP00000411409, ENSP00000441202-uc001zcs.2-uc001zcr.2	8.27960754657e-08	E
2	16.3068851744	1.20779e+07	ENSP00000374359-uc003eiv.2-uc003eix.2, ENSP00000376800-uc003vte.3-uc010lmv.2, ENSP00000411409, ENSP00000441202-uc001zcs.2-uc001zcr.2	8.27960754657e-08	E
11	16.3068851744	1.20779e+07	ENSP00000218089, ENSP00000376800-uc003vte.3-uc010lmv.2, ENSP00000411409, ENSP00000441202-uc001zcs.2-uc001zcr.2	8.27960754657e-08	E
1	16.3021354512	1.20206e+07	ENSP00000019103-uc002tma.2-uc002tlz.2, ENSP00000377643-uc002hun.1-uc002huk.1, ENSP00000380869-uc010tlt.1-uc010ain.2, ENSP00000441202-uc001zcs.2-uc001zcr.2	8.31902693266e-08	E
16	16.2957549134	1.19442e+07	ENSP00000019103-uc002tma.2-uc002tlz.2, ENSP00000343617-uc002qqw.2-uc010yhp.1, ENSP00000408342-uc002mkd.2-uc002mkc.2, ENSP00000441202-uc001zcs.2-uc001zcr.2	8.37227649818e-08	E
1	16.2957549134	1.19442e+07	ENSP00000298281, ENSP00000334143-uc002vxx.3-uc002vxy.2, ENSP00000386626-uc002tzd.3-uc010zch.1, ENSP00000441202-uc001zcs.2-uc001zcr.2	8.37227649818e-08	E
1	16.2957549134	1.19442e+07	ENSP00000343617-uc002qqw.2-uc010yhp.1, ENSP00000360186, ENSP00000441202-uc001zcs.2-uc001zcr.2, ENSP00000457354-uc002fhe.2-uc002fhd.2	8.37227649818e-08	E
8	16.2943238926	1.19271e+07	ENSP00000364037-uc004bas.2-uc011lvf.1, ENSP00000377643-uc002hun.1-uc002huk.1, ENSP00000411409, ENSP00000441202-uc001zcs.2-uc001zcr.2	8.38426597668e-08	E
3	16.2943238926	1.19271e+07	ENSP00000343405-uc001jux.2-uc010qkq.1, ENSP00000411409, ENSP00000415793, ENSP00000441202-uc001zcs.2-uc001zcr.2	8.38426597668e-08	E
3	16.2813066999	1.17729e+07	ENSP00000377643-uc002hun.1-uc002huk.1, ENSP00000393571-uc001pjq.2-uc010rvu.1, ENSP00000429286-uc003xun.2-uc003xum.2, ENSP00000441202-uc001zcs.2-uc001zcr.2	8.49411901994e-08	E
1	16.2813066999	1.17729e+07	ENSP00000356607-uc001glz.2-uc010pnb.1, ENSP00000377643-uc002hun.1-uc002huk.1, ENSP00000393571-uc001pjq.2-uc010rvu.1, ENSP00000441202-uc001zcs.2-uc001zcr.2	8.49411901994e-08	E
1	16.2699156559	1.16395e+07	ENSP00000019103-uc002tma.2-uc002tlz.2, ENSP00000370074-uc003mug.2-uc003muf.2, ENSP00000377643-uc002hun.1-uc002huk.1, ENSP00000441202-uc001zcs.2-uc001zcr.2	8.59142908284e-08	E
18	16.260285179	1.1528e+07	ENSP00000252999, ENSP00000383191-uc002zhg.2-uc002zhk.2, ENSP00000408342-uc002mkd.2-uc002mkc.2, ENSP00000464052	8.67456833489e-08	E
11	16.260285179	1.1528e+07	ENSP00000359245, ENSP00000383191-uc002zhg.2-uc002zhk.2, ENSP00000408342-uc002mkd.2-uc002mkc.2, ENSP00000464052	8.67456833489e-08	E
5	16.260285179	1.1528e+07	ENSP00000347942-uc001jal.2-uc010qez.1, ENSP00000383191-uc002zhg.2-uc002zhk.2, ENSP00000384164-uc010gci.1-uc002wpg.1, ENSP00000429865	8.67456833489e-08	E
2	16.260285179	1.1528e+07	ENSP00000347942-uc001jal.2-uc010qez.1, ENSP00000383191-uc002zhg.2-uc002zhk.2, ENSP00000384164-uc010gci.1-uc002wpg.1, ENSP00000464052	8.67456833489e-08	E
2	16.2376257435	1.12697e+07	ENSP00000298281, ENSP00000356849-uc001gdt.1-uc010plf.1, ENSP00000401514, ENSP00000441202-uc001zcs.2-uc001zcr.2	8.87337305154e-08	E
2	16.1656290272	1.04868e+07	ENSP00000366299-uc002ign.2-uc010czu.2, ENSP00000422464-uc003iph.1-uc011cir.1, ENSP00000464052, ENSP00000469540-uc002omt.2-uc002oms.2	9.53578645702e-08	E
2	16.1656290272	1.04868e+07	ENSP00000225576, ENSP00000366299-uc002ign.2-uc010czu.2, ENSP00000422464-uc003iph.1-uc011cir.1, ENSP00000469540-uc002omt.2-uc002oms.2	9.53578645702e-08	E
5	16.1656290272	1.04868e+07	ENSP00000363894-uc004bci.2-uc004bcj.1, ENSP00000366299-uc002ign.2-uc010czu.2, ENSP00000422464-uc003iph.1-uc011cir.1, ENSP00000464052	9.53578645702e-08	E
3	16.1637824718	1.04675e+07	ENSP00000341957-uc010pvb.1-uc010puz.1, ENSP00000411409, ENSP00000415793, ENSP00000441202-uc001zcs.2-uc001zcr.2	9.55341108264e-08	E
5	16.1637824718	1.04675e+07	ENSP00000304898-uc002vot.2-uc002vox.2, ENSP00000377643-uc002hun.1-uc002huk.1, ENSP00000378056-uc002blh.2-uc002bll.2, ENSP00000441202-uc001zcs.2-uc001zcr.2	9.55341108264e-08	E
1	16.1495831512	1.03199e+07	ENSP00000268638-uc002fjh.2-uc010chp.2, ENSP00000298281, ENSP00000415793, ENSP00000441202-uc001zcs.2-uc001zcr.2	9.6900306864e-08	E
3	16.1495831512	1.03199e+07	ENSP00000287169-uc001nkx.1-uc001nky.1, ENSP00000298281, ENSP00000415793, ENSP00000441202-uc001zcs.2-uc001zcr.2	9.6900306864e-08	E
1	16.1495831512	1.03199e+07	ENSP00000287169-uc001nkx.1-uc001nky.1, ENSP00000377643-uc002hun.1-uc002huk.1, ENSP00000441202-uc001zcs.2-uc001zcr.2, ENSP00000457354-uc002fhe.2-uc002fhd.2	9.6900306864e-08	E
2	16.130618498	1.0126e+07	ENSP00000356849-uc001gdt.1-uc010plf.1, ENSP00000363894-uc004bci.2-uc004bcj.1, ENSP00000408342-uc002mkd.2-uc002mkc.2, ENSP00000464052	9.87555237514e-08	E
4	16.130618498	1.0126e+07	ENSP00000356849-uc001gdt.1-uc010plf.1, ENSP00000408342-uc002mkd.2-uc002mkc.2, ENSP00000432787-uc003pzz.1-uc003pzw.1, ENSP00000464052	9.87555237515e-08	E
1	16.130618498	1.0126e+07	ENSP00000356849-uc001gdt.1-uc010plf.1, ENSP00000408342-uc002mkd.2-uc002mkc.2, ENSP00000429865, ENSP00000432787-uc003pzz.1-uc003pzw.1	9.87555237515e-08	E
2	16.1267498771	1.00869e+07	ENSP00000371535-uc003grg.2-uc003grh.2, ENSP00000401514, ENSP00000411409, ENSP00000441202-uc001zcs.2-uc001zcr.2	9.91383113902e-08	E
1	16.1267498771	1.00869e+07	ENSP00000251241-uc002ixn.1-uc010wof.1, ENSP00000401514, ENSP00000411409, ENSP00000441202-uc001zcs.2-uc001zcr.2	9.91383113902e-08	E
1	16.1267498771	1.00869e+07	ENSP00000380025-uc002vhp.1-uc010zjz.1, ENSP00000401514, ENSP00000411409, ENSP00000441202-uc001zcs.2-uc001zcr.2	9.91383113902e-08	E
2	16.1267498771	1.00869e+07	ENSP00000341957-uc010pvb.1-uc010puz.1, ENSP00000401514, ENSP00000411409, ENSP00000441202-uc001zcs.2-uc001zcr.2	9.91383113902e-08	E
2	16.1201624456	1.00207e+07	ENSP00000265993-uc001klb.3-uc001kla.3, ENSP00000360199, ENSP00000377643-uc002hun.1-uc002huk.1, ENSP00000441202-uc001zcs.2-uc001zcr.2	9.97935339665e-08	E
1	16.1031619351	9.85177e+06	ENSP00000265993-uc001klb.3-uc001kla.3, ENSP00000411409, ENSP00000423228-uc003jlg.1-uc003jlb.1, ENSP00000441202-uc001zcs.2-uc001zcr.2	1.01504578094e-07	E
1	16.0976044621	9.79717e+06	ENSP00000369081-uc003mxv.2-uc010jnz.2, ENSP00000369319-uc002asq.2-uc002asr.2, ENSP00000386797-uc002tob.1-uc002toa.1, ENSP00000441202-uc001zcs.2-uc001zcr.2	1.02070257468e-07	E
5	16.0862936083	9.68698e+06	ENSP00000366299-uc002ign.2-uc010czu.2, ENSP00000429865, ENSP00000439856-uc002nei.1-uc010xpg.1, ENSP00000469540-uc002omt.2-uc002oms.2	1.03231313113e-07	E
2	16.0862936083	9.68698e+06	ENSP00000225576, ENSP00000366299-uc002ign.2-uc010czu.2, ENSP00000439856-uc002nei.1-uc010xpg.1, ENSP00000469540-uc002omt.2-uc002oms.2	1.03231313113e-07	E
5	16.0862936083	9.68698e+06	ENSP00000225576, ENSP00000366299-uc002ign.2-uc010czu.2, ENSP00000379625-uc011ayi.1-uc011ayk.1, ENSP00000469540-uc002omt.2-uc002oms.2	1.03231313113e-07	E
11	16.0862936083	9.68698e+06	ENSP00000366299-uc002ign.2-uc010czu.2, ENSP00000390121-uc002jbv.2-uc010wps.1, ENSP00000464052, ENSP00000469540-uc002omt.2-uc002oms.2	1.03231313113e-07	E
15	16.0862936083	9.68698e+06	ENSP00000366299-uc002ign.2-uc010czu.2, ENSP00000439856-uc002nei.1-uc010xpg.1, ENSP00000464052, ENSP00000469540-uc002omt.2-uc002oms.2	1.03231313113e-07	E
1	16.0862936083	9.68698e+06	ENSP00000322323-uc003sip.2-uc011jvn.1, ENSP00000366299-uc002ign.2-uc010czu.2, ENSP00000464052, ENSP00000469540-uc002omt.2-uc002oms.2	1.03231313113e-07	E
7	16.0862936083	9.68698e+06	ENSP00000290866-uc002jau.1-uc002jav.1, ENSP00000366299-uc002ign.2-uc010czu.2, ENSP00000464052, ENSP00000469540-uc002omt.2-uc002oms.2	1.03231313113e-07	E
5	16.0862936083	9.68698e+06	ENSP00000366299-uc002ign.2-uc010czu.2, ENSP00000379625-uc011ayi.1-uc011ayk.1, ENSP00000464052, ENSP00000469540-uc002omt.2-uc002oms.2	1.03231313113e-07	E
5	16.0862936083	9.68698e+06	ENSP00000322323-uc003sip.2-uc011jvn.1, ENSP00000366299-uc002ign.2-uc010czu.2, ENSP00000429865, ENSP00000469540-uc002omt.2-uc002oms.2	1.03231313113e-07	E
2	16.0862936083	9.68698e+06	ENSP00000225576, ENSP00000366299-uc002ign.2-uc010czu.2, ENSP00000390121-uc002jbv.2-uc010wps.1, ENSP00000469540-uc002omt.2-uc002oms.2	1.03231313113e-07	E
5	16.0862936083	9.68698e+06	ENSP00000225576, ENSP00000322323-uc003sip.2-uc011jvn.1, ENSP00000366299-uc002ign.2-uc010czu.2, ENSP00000469540-uc002omt.2-uc002oms.2	1.03231313113e-07	E
3	16.0558788536	9.39679e+06	ENSP00000222145-uc002pki.2-uc002pkh.2, ENSP00000261173-uc001tbh.2-uc009zsr.2, ENSP00000377643-uc002hun.1-uc002huk.1, ENSP00000441202-uc001zcs.2-uc001zcr.2	1.06419303393e-07	E
1	16.0558788536	9.39679e+06	ENSP00000356574-uc001gnz.2-uc001goc.2, ENSP00000377643-uc002hun.1-uc002huk.1, ENSP00000441202-uc001zcs.2-uc001zcr.2, ENSP00000457354-uc002fhe.2-uc002fhd.2	1.06419303393e-07	E
1	16.0520549732	9.36093e+06	ENSP00000369081-uc003mxv.2-uc010jnz.2, ENSP00000377643-uc002hun.1-uc002huk.1, ENSP00000441202-uc001zcs.2-uc001zcr.2, ENSP00000472749-uc010noz.2-uc004elo.3	1.06827017115e-07	E
1	16.0328618277	9.18298e+06	ENSP00000298281, ENSP00000357110-uc003qch.2-uc003qcd.1, ENSP00000415793, ENSP00000441202-uc001zcs.2-uc001zcr.2	1.0889716638e-07	E
5	16.0112291113	8.98646e+06	ENSP00000225388-uc002hdy.3-uc002hdx.3, ENSP00000368800-uc010cdu.2-uc002ept.2, ENSP00000377643-uc002hun.1-uc002huk.1, ENSP00000441202-uc001zcs.2-uc001zcr.2	1.11278573176e-07	E
1	15.999478811	8.88148e+06	ENSP00000352567-uc003pwt.2-uc003pwu.2, ENSP00000377643-uc002hun.1-uc002huk.1, ENSP00000441202-uc001zcs.2-uc001zcr.2, ENSP00000457354-uc002fhe.2-uc002fhd.2	1.12593842104e-07	E
1	15.999478811	8.88148e+06	ENSP00000377643-uc002hun.1-uc002huk.1, ENSP00000433388-uc003dcn.2-uc010hly.2, ENSP00000441202-uc001zcs.2-uc001zcr.2, ENSP00000457354-uc002fhe.2-uc002fhd.2	1.12593842104e-07	E
1	15.9917648095	8.81323e+06	ENSP00000359818-uc001knt.2-uc001knq.2, ENSP00000377643-uc002hun.1-uc002huk.1, ENSP00000423228-uc003jlg.1-uc003jlb.1, ENSP00000441202-uc001zcs.2-uc001zcr.2	1.13465749792e-07	E
3	15.9917648095	8.81323e+06	ENSP00000225388-uc002hdy.3-uc002hdx.3, ENSP00000377643-uc002hun.1-uc002huk.1, ENSP00000423228-uc003jlg.1-uc003jlb.1, ENSP00000441202-uc001zcs.2-uc001zcr.2	1.13465749792e-07	E
2	15.969515301	8.61931e+06	ENSP00000252999, ENSP00000273359-uc003dyk.3-uc011bhq.1, ENSP00000366299-uc002ign.2-uc010czu.2, ENSP00000464052	1.16018601489e-07	E
2	15.969515301	8.61931e+06	ENSP00000252999, ENSP00000358862-uc001kwt.2-uc001kwu.2, ENSP00000366299-uc002ign.2-uc010czu.2, ENSP00000464052	1.16018601489e-07	E
1	15.9520125586	8.46976e+06	ENSP00000393571-uc001pjq.2-uc010rvu.1, ENSP00000401514, ENSP00000411409, ENSP00000441202-uc001zcs.2-uc001zcr.2	1.18067120241e-07	E
1	15.8703698458	7.80574e+06	ENSP00000366299-uc002ign.2-uc010czu.2, ENSP00000423485-uc010jgh.2-uc003lmh.3, ENSP00000464052, ENSP00000469540-uc002omt.2-uc002oms.2	1.28110861069e-07	E
2	15.8465145216	7.62173e+06	ENSP00000279804-uc002dzw.2-uc002dzx.2, ENSP00000362298-uc001jrm.2-uc009xqk.2, ENSP00000423228-uc003jlg.1-uc003jlb.1, ENSP00000441202-uc001zcs.2-uc001zcr.2	1.31203731222e-07	E
2	15.8054886256	7.31537e+06	ENSP00000267938-uc002bbg.2-uc002bbi.2, ENSP00000411409, ENSP00000415793, ENSP00000441202-uc001zcs.2-uc001zcr.2	1.36698423535e-07	E
1	15.8054886256	7.31537e+06	ENSP00000411409, ENSP00000415793, ENSP00000441202-uc001zcs.2-uc001zcr.2, ENSP00000462521-uc001enn.3-uc001enm.1	1.36698423535e-07	E
5	15.8021463475	7.29096e+06	ENSP00000287169-uc001nkx.1-uc001nky.1, ENSP00000359245, ENSP00000408342-uc002mkd.2-uc002mkc.2, ENSP00000464052	1.37156072049e-07	E
1	15.7996543451	7.27282e+06	ENSP00000308344-uc002jbc.2-uc010wpn.1, ENSP00000374359-uc003eiv.2-uc003eix.2, ENSP00000377643-uc002hun.1-uc002huk.1, ENSP00000441202-uc001zcs.2-uc001zcr.2	1.37498291531e-07	E
5	15.7996543451	7.27282e+06	ENSP00000218089, ENSP00000376800-uc003vte.3-uc010lmv.2, ENSP00000415793, ENSP00000441202-uc001zcs.2-uc001zcr.2	1.37498291531e-07	E
1	15.7996543451	7.27282e+06	ENSP00000377643-uc002hun.1-uc002huk.1, ENSP00000411032-uc002oyg.1-uc010ejd.2, ENSP00000418285, ENSP00000441202-uc001zcs.2-uc001zcr.2	1.37498291531e-07	E
1	15.7996543451	7.27282e+06	ENSP00000360186, ENSP00000376800-uc003vte.3-uc010lmv.2, ENSP00000415793, ENSP00000441202-uc001zcs.2-uc001zcr.2	1.37498291531e-07	E
1	15.7926755167	7.22224e+06	ENSP00000298281, ENSP00000400113-uc001mpi.2-uc001mpj.2, ENSP00000401514, ENSP00000441202-uc001zcs.2-uc001zcr.2	1.38461224682e-07	E
4	15.7926755167	7.22224e+06	ENSP00000261798-uc003lqy.1-uc003lqu.2, ENSP00000401514, ENSP00000441202-uc001zcs.2-uc001zcr.2, ENSP00000457354-uc002fhe.2-uc002fhd.2	1.38461224682e-07	E
1	15.746938432	6.89935e+06	ENSP00000298281, ENSP00000360186, ENSP00000369081-uc003mxv.2-uc010jnz.2, ENSP00000441202-uc001zcs.2-uc001zcr.2	1.44941093034e-07	E
2	15.7407649969	6.85689e+06	ENSP00000366299-uc002ign.2-uc010czu.2, ENSP00000422464-uc003iph.1-uc011cir.1, ENSP00000423228-uc003jlg.1-uc003jlb.1, ENSP00000441202-uc001zcs.2-uc001zcr.2	1.45838645112e-07	E
8	15.7404896995	6.85501e+06	ENSP00000275227-uc003qdw.1-uc010kgd.1, ENSP00000298281, ENSP00000334143-uc002vxx.3-uc002vxy.2, ENSP00000441202-uc001zcs.2-uc001zcr.2	1.4587879963e-07	E
2	15.7345056736	6.81411e+06	ENSP00000225576, ENSP00000362298-uc001jrm.2-uc009xqk.2, ENSP00000384164-uc010gci.1-uc002wpg.1, ENSP00000415793	1.46754359216e-07	E
2	15.7172173972	6.69732e+06	ENSP00000263980-uc001bnm.2-uc001bnl.2, ENSP00000411409, ENSP00000415793, ENSP00000441202-uc001zcs.2-uc001zcr.2	1.49313547384e-07	E
1	15.6901637978	6.51856e+06	ENSP00000252999, ENSP00000295797-uc003fgs.2-uc003fgt.2, ENSP00000429286-uc003xun.2-uc003xum.2, ENSP00000464052	1.53408153461e-07	E
5	15.6836511078	6.47624e+06	ENSP00000295797-uc003fgs.2-uc003fgt.2, ENSP00000415793, ENSP00000429286-uc003xun.2-uc003xum.2, ENSP00000464052	1.54410513697e-07	E
2	15.6836511078	6.47624e+06	ENSP00000225576, ENSP00000295797-uc003fgs.2-uc003fgt.2, ENSP00000415793, ENSP00000429286-uc003xun.2-uc003xum.2	1.54410513697e-07	E
1	15.6682124822	6.37703e+06	ENSP00000273512-uc003fig.2-uc011bpy.1, ENSP00000377643-uc002hun.1-uc002huk.1, ENSP00000441202-uc001zcs.2-uc001zcr.2, ENSP00000457354-uc002fhe.2-uc002fhd.2	1.56812896829e-07	E
2	15.6682124822	6.37703e+06	ENSP00000377643-uc002hun.1-uc002huk.1, ENSP00000441202-uc001zcs.2-uc001zcr.2, ENSP00000454552-uc002fec.2-uc002fed.1, ENSP00000457354-uc002fhe.2-uc002fhd.2	1.56812896829e-07	E
1	15.6524740686	6.27745e+06	ENSP00000383191-uc002zhg.2-uc002zhk.2, ENSP00000408342-uc002mkd.2-uc002mkc.2, ENSP00000429286-uc003xun.2-uc003xum.2, ENSP00000429865	1.59300406444e-07	E
3	15.6231587532	6.09609e+06	ENSP00000252999, ENSP00000366299-uc002ign.2-uc010czu.2, ENSP00000413851-uc002kud.2-uc002kub.2, ENSP00000464052	1.64039472314e-07	E
9	15.6231587532	6.09609e+06	ENSP00000252999, ENSP00000278903-uc001qca.2-uc010sbf.1, ENSP00000366299-uc002ign.2-uc010czu.2, ENSP00000464052	1.64039472314e-07	E
2	15.6231587532	6.09609e+06	ENSP00000184956-uc002iyk.1-uc010ddk.1, ENSP00000252999, ENSP00000366299-uc002ign.2-uc010czu.2, ENSP00000464052	1.64039472314e-07	E
9	15.6225917527	6.09264e+06	ENSP00000225576, ENSP00000318775-uc003gro.2-uc003grp.2, ENSP00000327179-uc002ews.3-uc010cfi.2, ENSP00000394902-uc001lei.1-uc010qtb.1	1.64132509163e-07	E
34	15.6225917527	6.09264e+06	ENSP00000318775-uc003gro.2-uc003grp.2, ENSP00000327179-uc002ews.3-uc010cfi.2, ENSP00000394902-uc001lei.1-uc010qtb.1, ENSP00000429865	1.64132509163e-07	E
23	15.6225917527	6.09264e+06	ENSP00000318775-uc003gro.2-uc003grp.2, ENSP00000327179-uc002ews.3-uc010cfi.2, ENSP00000394902-uc001lei.1-uc010qtb.1, ENSP00000464052	1.64132509163e-07	E
12	15.6195084583	6.07388e+06	ENSP00000222145-uc002pki.2-uc002pkh.2, ENSP00000225576, ENSP00000261173-uc001tbh.2-uc009zsr.2, ENSP00000359245	1.6463935898e-07	E
4	15.6195084583	6.07388e+06	ENSP00000222145-uc002pki.2-uc002pkh.2, ENSP00000261173-uc001tbh.2-uc009zsr.2, ENSP00000359245, ENSP00000464052	1.6463935898e-07	E
3	15.6195084583	6.07388e+06	ENSP00000222145-uc002pki.2-uc002pkh.2, ENSP00000252999, ENSP00000261173-uc001tbh.2-uc009zsr.2, ENSP00000464052	1.6463935898e-07	E
3	15.6069300326	5.99796e+06	ENSP00000356849-uc001gdt.1-uc010plf.1, ENSP00000360199, ENSP00000411409, ENSP00000441202-uc001zcs.2-uc001zcr.2	1.66723342059e-07	E
3	15.5761309329	5.81604e+06	ENSP00000298281, ENSP00000313007-uc003yjs.1-uc011lhd.1, ENSP00000415793, ENSP00000441202-uc001zcs.2-uc001zcr.2	1.719381646e-07	E
1	15.5761309329	5.81604e+06	ENSP00000278193-uc001mrl.2-uc009yii.2, ENSP00000377643-uc002hun.1-uc002huk.1, ENSP00000441202-uc001zcs.2-uc001zcr.2, ENSP00000457354-uc002fhe.2-uc002fhd.2	1.71938164601e-07	E
3	15.5761309329	5.81604e+06	ENSP00000293261-uc002pix.1-uc010xzo.1, ENSP00000377643-uc002hun.1-uc002huk.1, ENSP00000441202-uc001zcs.2-uc001zcr.2, ENSP00000457354-uc002fhe.2-uc002fhd.2	1.71938164601e-07	E
3	15.574276584	5.80527e+06	ENSP00000225576, ENSP00000359245, ENSP00000362298-uc001jrm.2-uc009xqk.2, ENSP00000386797-uc002tob.1-uc002toa.1	1.72257293739e-07	E
2	15.5721888598	5.79316e+06	ENSP00000281924-uc002ttx.2-uc002tty.2, ENSP00000313007-uc003yjs.1-uc011lhd.1, ENSP00000401514, ENSP00000441202-uc001zcs.2-uc001zcr.2	1.72617295127e-07	E
4	15.5686809293	5.77288e+06	ENSP00000362298-uc001jrm.2-uc009xqk.2, ENSP00000408342-uc002mkd.2-uc002mkc.2, ENSP00000464052, ENSP00000469540-uc002omt.2-uc002oms.2	1.73223887916e-07	E
1	15.5686809293	5.77288e+06	ENSP00000225576, ENSP00000340626, ENSP00000383191-uc002zhg.2-uc002zhk.2, ENSP00000408342-uc002mkd.2-uc002mkc.2	1.73223887916e-07	E
1	15.5686809293	5.77288e+06	ENSP00000383191-uc002zhg.2-uc002zhk.2, ENSP00000384797, ENSP00000408342-uc002mkd.2-uc002mkc.2, ENSP00000464052	1.73223887916e-07	E
7	15.5686809293	5.77288e+06	ENSP00000340626, ENSP00000383191-uc002zhg.2-uc002zhk.2, ENSP00000408342-uc002mkd.2-uc002mkc.2, ENSP00000464052	1.73223887916e-07	E
2	15.5686809293	5.77288e+06	ENSP00000355183, ENSP00000383191-uc002zhg.2-uc002zhk.2, ENSP00000408342-uc002mkd.2-uc002mkc.2, ENSP00000464052	1.73223887916e-07	E
1	15.5686809293	5.77288e+06	ENSP00000265077, ENSP00000347942-uc001jal.2-uc010qez.1, ENSP00000383191-uc002zhg.2-uc002zhk.2, ENSP00000429865	1.73223887916e-07	E
6	15.5686809293	5.77288e+06	ENSP00000347665, ENSP00000347942-uc001jal.2-uc010qez.1, ENSP00000383191-uc002zhg.2-uc002zhk.2, ENSP00000429865	1.73223887916e-07	E
5	15.5686809293	5.77288e+06	ENSP00000347942-uc001jal.2-uc010qez.1, ENSP00000363894-uc004bci.2-uc004bcj.1, ENSP00000383191-uc002zhg.2-uc002zhk.2, ENSP00000429865	1.73223887916e-07	E
6	15.5686809293	5.77288e+06	ENSP00000380891, ENSP00000383191-uc002zhg.2-uc002zhk.2, ENSP00000408342-uc002mkd.2-uc002mkc.2, ENSP00000464052	1.73223887916e-07	E
2	15.5686809293	5.77288e+06	ENSP00000347942-uc001jal.2-uc010qez.1, ENSP00000383191-uc002zhg.2-uc002zhk.2, ENSP00000429865, ENSP00000469540-uc002omt.2-uc002oms.2	1.73223887916e-07	E
4	15.5686809293	5.77288e+06	ENSP00000335652, ENSP00000383191-uc002zhg.2-uc002zhk.2, ENSP00000408342-uc002mkd.2-uc002mkc.2, ENSP00000464052	1.73223887916e-07	E
2	15.5686809293	5.77288e+06	ENSP00000363894-uc004bci.2-uc004bcj.1, ENSP00000383191-uc002zhg.2-uc002zhk.2, ENSP00000408342-uc002mkd.2-uc002mkc.2, ENSP00000429865	1.73223887916e-07	E
5	15.5686809293	5.77288e+06	ENSP00000363894-uc004bci.2-uc004bcj.1, ENSP00000383191-uc002zhg.2-uc002zhk.2, ENSP00000408342-uc002mkd.2-uc002mkc.2, ENSP00000464052	1.73223887916e-07	E
1	15.5683505167	5.77097e+06	ENSP00000225576, ENSP00000279281-uc001ocr.1-uc001ocs.1, ENSP00000366299-uc002ign.2-uc010czu.2, ENSP00000469540-uc002omt.2-uc002oms.2	1.73281132726e-07	E
5	15.5683505167	5.77097e+06	ENSP00000366299-uc002ign.2-uc010czu.2, ENSP00000415057-uc010ukd.1-uc010bik.1, ENSP00000429865, ENSP00000469540-uc002omt.2-uc002oms.2	1.73281132726e-07	E
2	15.5683505167	5.77097e+06	ENSP00000225576, ENSP00000298317-uc001qde.2-uc010sbl.1, ENSP00000366299-uc002ign.2-uc010czu.2, ENSP00000469540-uc002omt.2-uc002oms.2	1.73281132726e-07	E
1	15.5683505167	5.77097e+06	ENSP00000298317-uc001qde.2-uc010sbl.1, ENSP00000366299-uc002ign.2-uc010czu.2, ENSP00000464052, ENSP00000469540-uc002omt.2-uc002oms.2	1.73281132726e-07	E
3	15.5683505167	5.77097e+06	ENSP00000366299-uc002ign.2-uc010czu.2, ENSP00000366475-uc001obx.2-uc001obw.2, ENSP00000464052, ENSP00000469540-uc002omt.2-uc002oms.2	1.73281132726e-07	E
1	15.5683505167	5.77097e+06	ENSP00000347445-uc002cwl.2-uc010uxk.1, ENSP00000366299-uc002ign.2-uc010czu.2, ENSP00000429865, ENSP00000469540-uc002omt.2-uc002oms.2	1.73281132726e-07	E
5	15.5683505167	5.77097e+06	ENSP00000347445-uc002cwl.2-uc010uxk.1, ENSP00000366299-uc002ign.2-uc010czu.2, ENSP00000464052, ENSP00000469540-uc002omt.2-uc002oms.2	1.73281132726e-07	E
1	15.5683505167	5.77097e+06	ENSP00000366299-uc002ign.2-uc010czu.2, ENSP00000366475-uc001obx.2-uc001obw.2, ENSP00000429865, ENSP00000469540-uc002omt.2-uc002oms.2	1.73281132726e-07	E
1	15.5683505167	5.77097e+06	ENSP00000366299-uc002ign.2-uc010czu.2, ENSP00000415057-uc010ukd.1-uc010bik.1, ENSP00000464052, ENSP00000469540-uc002omt.2-uc002oms.2	1.73281132726e-07	E
1	15.5654548276	5.75428e+06	ENSP00000371535-uc003grg.2-uc003grh.2, ENSP00000411409, ENSP00000423228-uc003jlg.1-uc003jlb.1, ENSP00000441202-uc001zcs.2-uc001zcr.2	1.73783628202e-07	E
2	15.5654548276	5.75428e+06	ENSP00000341957-uc010pvb.1-uc010puz.1, ENSP00000411409, ENSP00000423228-uc003jlg.1-uc003jlb.1, ENSP00000441202-uc001zcs.2-uc001zcr.2	1.73783628202e-07	E
1	15.5654548276	5.75428e+06	ENSP00000226004-uc002ied.3-uc002ief.1, ENSP00000411409, ENSP00000423228-uc003jlg.1-uc003jlb.1, ENSP00000441202-uc001zcs.2-uc001zcr.2	1.73783628202e-07	E
1	15.5512515077	5.67313e+06	ENSP00000298281, ENSP00000311429-uc002aqb.2-uc010bhv.2, ENSP00000415793, ENSP00000441202-uc001zcs.2-uc001zcr.2	1.76269545018e-07	E
20	15.5335368091	5.57352e+06	ENSP00000321498-uc003vvo.2-uc003vvn.2, ENSP00000356554-uc003qjr.3-uc010khh.2, ENSP00000441202-uc001zcs.2-uc001zcr.2, ENSP00000457354-uc002fhe.2-uc002fhd.2	1.79419928541e-07	E
2	15.5208208945	5.50309e+06	ENSP00000324842-uc001uhc.2-uc009zyh.2, ENSP00000377643-uc002hun.1-uc002huk.1, ENSP00000411409, ENSP00000441202-uc001zcs.2-uc001zcr.2	1.81715984314e-07	E
1	15.5193521741	5.49502e+06	ENSP00000377643-uc002hun.1-uc002huk.1, ENSP00000377867-uc004ewk.1-uc004ewm.1, ENSP00000441202-uc001zcs.2-uc001zcr.2, ENSP00000457354-uc002fhe.2-uc002fhd.2	1.81983070377e-07	E
1	15.5193521741	5.49502e+06	ENSP00000375809-uc002pbj.2-uc002pbi.2, ENSP00000377643-uc002hun.1-uc002huk.1, ENSP00000441202-uc001zcs.2-uc001zcr.2, ENSP00000457354-uc002fhe.2-uc002fhd.2	1.81983070377e-07	E
7	15.4754995744	5.25925e+06	ENSP00000321498-uc003vvo.2-uc003vvn.2, ENSP00000356554-uc003qjr.3-uc010khh.2, ENSP00000377643-uc002hun.1-uc002huk.1, ENSP00000441202-uc001zcs.2-uc001zcr.2	1.90141068514e-07	E
1	15.4745616773	5.25432e+06	ENSP00000225576, ENSP00000356849-uc001gdt.1-uc010plf.1, ENSP00000386797-uc002tob.1-uc002toa.1, ENSP00000432787-uc003pzz.1-uc003pzw.1	1.90319484937e-07	E
3	15.4718825876	5.24026e+06	ENSP00000248846-uc003bkb.1-uc010has.1, ENSP00000347942-uc001jal.2-uc010qez.1, ENSP00000462521-uc001enn.3-uc001enm.1, ENSP00000464052	1.90830051527e-07	E
1	15.4497109238	5.12536e+06	ENSP00000252999, ENSP00000264669-uc003jeb.2-uc003jec.2, ENSP00000366299-uc002ign.2-uc010czu.2, ENSP00000464052	1.95108324226e-07	E
3	15.4497109238	5.12536e+06	ENSP00000225576, ENSP00000252999, ENSP00000264669-uc003jeb.2-uc003jec.2, ENSP00000366299-uc002ign.2-uc010czu.2	1.95108324226e-07	E
2	15.4411696792	5.08177e+06	ENSP00000265993-uc001klb.3-uc001kla.3, ENSP00000374359-uc003eiv.2-uc003eix.2, ENSP00000411409, ENSP00000441202-uc001zcs.2-uc001zcr.2	1.96781929302e-07	E
1	15.4021424763	4.88726e+06	ENSP00000248846-uc003bkb.1-uc010has.1, ENSP00000265077, ENSP00000357110-uc003qch.2-uc003qcd.1, ENSP00000429865	2.04613607819e-07	E
4	15.4021424763	4.88726e+06	ENSP00000225576, ENSP00000248846-uc003bkb.1-uc010has.1, ENSP00000357110-uc003qch.2-uc003qcd.1, ENSP00000432787-uc003pzz.1-uc003pzw.1	2.04613607819e-07	E
1	15.3664981923	4.71613e+06	ENSP00000019103-uc002tma.2-uc002tlz.2, ENSP00000264424-uc003ipc.2-uc003ipd.2, ENSP00000377643-uc002hun.1-uc002huk.1, ENSP00000441202-uc001zcs.2-uc001zcr.2	2.12038453912e-07	E
2	15.360679987	4.68877e+06	ENSP00000353114, ENSP00000369081-uc003mxv.2-uc010jnz.2, ENSP00000377643-uc002hun.1-uc002huk.1, ENSP00000441202-uc001zcs.2-uc001zcr.2	2.13275733063e-07	E
2	15.3576677678	4.67466e+06	ENSP00000273359-uc003dyk.3-uc011bhq.1, ENSP00000366299-uc002ign.2-uc010czu.2, ENSP00000380891, ENSP00000464052	2.13919134866e-07	E
2	15.3576677678	4.67466e+06	ENSP00000225576, ENSP00000273359-uc003dyk.3-uc011bhq.1, ENSP00000355183, ENSP00000366299-uc002ign.2-uc010czu.2	2.13919134866e-07	E
2	15.3576677678	4.67466e+06	ENSP00000273359-uc003dyk.3-uc011bhq.1, ENSP00000363894-uc004bci.2-uc004bcj.1, ENSP00000366299-uc002ign.2-uc010czu.2, ENSP00000464052	2.13919134866e-07	E
3	15.3576677678	4.67466e+06	ENSP00000273359-uc003dyk.3-uc011bhq.1, ENSP00000335652, ENSP00000366299-uc002ign.2-uc010czu.2, ENSP00000464052	2.13919134866e-07	E
1	15.3576677678	4.67466e+06	ENSP00000225576, ENSP00000273359-uc003dyk.3-uc011bhq.1, ENSP00000363894-uc004bci.2-uc004bcj.1, ENSP00000366299-uc002ign.2-uc010czu.2	2.13919134866e-07	E
4	15.3576677678	4.67466e+06	ENSP00000225576, ENSP00000273359-uc003dyk.3-uc011bhq.1, ENSP00000366299-uc002ign.2-uc010czu.2, ENSP00000384797	2.13919134866e-07	E
2	15.3576677678	4.67466e+06	ENSP00000225576, ENSP00000334738-uc003adk.2-uc011akg.1, ENSP00000366299-uc002ign.2-uc010czu.2, ENSP00000469540-uc002omt.2-uc002oms.2	2.13919134866e-07	E
2	15.3576677678	4.67466e+06	ENSP00000273359-uc003dyk.3-uc011bhq.1, ENSP00000366299-uc002ign.2-uc010czu.2, ENSP00000384797, ENSP00000464052	2.13919134866e-07	E
7	15.3576677678	4.67466e+06	ENSP00000273359-uc003dyk.3-uc011bhq.1, ENSP00000340626, ENSP00000366299-uc002ign.2-uc010czu.2, ENSP00000464052	2.13919134866e-07	E
14	15.3576677678	4.67466e+06	ENSP00000273359-uc003dyk.3-uc011bhq.1, ENSP00000342263-uc003cbm.2-uc003cbl.3, ENSP00000366299-uc002ign.2-uc010czu.2, ENSP00000464052	2.13919134866e-07	E
5	15.3576677678	4.67466e+06	ENSP00000273359-uc003dyk.3-uc011bhq.1, ENSP00000366299-uc002ign.2-uc010czu.2, ENSP00000374359-uc003eiv.2-uc003eix.2, ENSP00000464052	2.13919134866e-07	E
1	15.3547035914	4.66083e+06	ENSP00000299767-uc001tkb.1-uc010swg.1, ENSP00000335652, ENSP00000377643-uc002hun.1-uc002huk.1, ENSP00000441202-uc001zcs.2-uc001zcr.2	2.14554169628e-07	E
1	15.3547035914	4.66083e+06	ENSP00000299767-uc001tkb.1-uc010swg.1, ENSP00000340626, ENSP00000377643-uc002hun.1-uc002huk.1, ENSP00000441202-uc001zcs.2-uc001zcr.2	2.14554169628e-07	E
1	15.3527855333	4.6519e+06	ENSP00000298281, ENSP00000363482-uc001jcu.2-uc001jcw.2, ENSP00000401514, ENSP00000441202-uc001zcs.2-uc001zcr.2	2.14966091902e-07	E
3	15.3227867265	4.51442e+06	ENSP00000263196-uc002zoq.1-uc011agr.1, ENSP00000411409, ENSP00000415793, ENSP00000441202-uc001zcs.2-uc001zcr.2	2.21512519746e-07	E
3	15.3227867265	4.51442e+06	ENSP00000370074-uc003mug.2-uc003muf.2, ENSP00000377643-uc002hun.1-uc002huk.1, ENSP00000411409, ENSP00000441202-uc001zcs.2-uc001zcr.2	2.21512519746e-07	E
1	15.3212020323	4.50727e+06	ENSP00000360199, ENSP00000369081-uc003mxv.2-uc010jnz.2, ENSP00000377643-uc002hun.1-uc002huk.1, ENSP00000441202-uc001zcs.2-uc001zcr.2	2.21863827626e-07	E
1	15.3212020323	4.50727e+06	ENSP00000369081-uc003mxv.2-uc010jnz.2, ENSP00000377643-uc002hun.1-uc002huk.1, ENSP00000441202-uc001zcs.2-uc001zcr.2, ENSP00000467207-uc002lxy.2-uc010dtl.1	2.21863827626e-07	E
3	15.3102615616	4.45823e+06	ENSP00000261798-uc003lqy.1-uc003lqu.2, ENSP00000429286-uc003xun.2-uc003xum.2, ENSP00000441202-uc001zcs.2-uc001zcr.2, ENSP00000457354-uc002fhe.2-uc002fhd.2	2.24304448769e-07	E
6	15.3102615616	4.45823e+06	ENSP00000261798-uc003lqy.1-uc003lqu.2, ENSP00000401514, ENSP00000429286-uc003xun.2-uc003xum.2, ENSP00000441202-uc001zcs.2-uc001zcr.2	2.24304448769e-07	E
3	15.2971548755	4.40018e+06	ENSP00000263980-uc001bnm.2-uc001bnl.2, ENSP00000429865, ENSP00000432787-uc003pzz.1-uc003pzw.1, ENSP00000469540-uc002omt.2-uc002oms.2	2.27263687312e-07	E
8	15.2664760741	4.26723e+06	ENSP00000334738-uc003adk.2-uc011akg.1, ENSP00000366299-uc002ign.2-uc010czu.2, ENSP00000374359-uc003eiv.2-uc003eix.2, ENSP00000441202-uc001zcs.2-uc001zcr.2	2.34343916002e-07	E
8	15.244190496	4.17319e+06	ENSP00000374359-uc003eiv.2-uc003eix.2, ENSP00000423228-uc003jlg.1-uc003jlb.1, ENSP00000441202-uc001zcs.2-uc001zcr.2, ENSP00000463916-uc001etp.2-uc001etq.2	2.39625033439e-07	E
1	15.2355595016	4.13732e+06	ENSP00000346643-uc001jpf.3-uc009xqb.2, ENSP00000401514, ENSP00000411409, ENSP00000441202-uc001zcs.2-uc001zcr.2	2.41702186812e-07	E
1	15.2355595016	4.13732e+06	ENSP00000401514, ENSP00000411409, ENSP00000418823-uc002ehr.2-uc002ehs.2, ENSP00000441202-uc001zcs.2-uc001zcr.2	2.41702186812e-07	E
2	15.2346797724	4.13368e+06	ENSP00000356849-uc001gdt.1-uc010plf.1, ENSP00000379353-uc001rfo.3-uc009zix.2, ENSP00000411409, ENSP00000441202-uc001zcs.2-uc001zcr.2	2.4191491286e-07	E
1	15.1951401723	3.97343e+06	ENSP00000348359-uc001ptt.2-uc009zai.1, ENSP00000411409, ENSP00000415793, ENSP00000441202-uc001zcs.2-uc001zcr.2	2.51671751402e-07	E
1	15.1928960328	3.96452e+06	ENSP00000267938-uc002bbg.2-uc002bbi.2, ENSP00000377643-uc002hun.1-uc002huk.1, ENSP00000441202-uc001zcs.2-uc001zcr.2, ENSP00000457354-uc002fhe.2-uc002fhd.2	2.52237172137e-07	E
1	15.1905494349	3.95523e+06	ENSP00000359050-uc009xwy.1-uc009xwx.1, ENSP00000429865, ENSP00000432787-uc003pzz.1-uc003pzw.1, ENSP00000469540-uc002omt.2-uc002oms.2	2.52829766374e-07	E
1	15.1874226313	3.94288e+06	ENSP00000299767-uc001tkb.1-uc010swg.1, ENSP00000401514, ENSP00000423228-uc003jlg.1-uc003jlb.1, ENSP00000441202-uc001zcs.2-uc001zcr.2	2.53621552618e-07	E
1	15.1874226313	3.94288e+06	ENSP00000261798-uc003lqy.1-uc003lqu.2, ENSP00000384164-uc010gci.1-uc002wpg.1, ENSP00000401514, ENSP00000441202-uc001zcs.2-uc001zcr.2	2.53621552618e-07	E
1	15.1869512759	3.94102e+06	ENSP00000225576, ENSP00000248846-uc003bkb.1-uc010has.1, ENSP00000369695-uc003zoe.2-uc011lnf.1, ENSP00000432787-uc003pzz.1-uc003pzw.1	2.53741126699e-07	E
1	15.1816053478	3.92001e+06	ENSP00000354897, ENSP00000362298-uc001jrm.2-uc009xqk.2, ENSP00000415793, ENSP00000441202-uc001zcs.2-uc001zcr.2	2.55101240804e-07	E
2	15.1816053478	3.92001e+06	ENSP00000362298-uc001jrm.2-uc009xqk.2, ENSP00000377643-uc002hun.1-uc002huk.1, ENSP00000384797, ENSP00000441202-uc001zcs.2-uc001zcr.2	2.55101240804e-07	E
1	15.1816053478	3.92001e+06	ENSP00000019103-uc002tma.2-uc002tlz.2, ENSP00000362298-uc001jrm.2-uc009xqk.2, ENSP00000377643-uc002hun.1-uc002huk.1, ENSP00000441202-uc001zcs.2-uc001zcr.2	2.55101240804e-07	E
1	15.1816053478	3.92001e+06	ENSP00000344666, ENSP00000362298-uc001jrm.2-uc009xqk.2, ENSP00000377643-uc002hun.1-uc002huk.1, ENSP00000441202-uc001zcs.2-uc001zcr.2	2.55101240804e-07	E
1	15.1748601963	3.89366e+06	ENSP00000360199, ENSP00000400113-uc001mpi.2-uc001mpj.2, ENSP00000411409, ENSP00000441202-uc001zcs.2-uc001zcr.2	2.56827753588e-07	E
2	15.1421765512	3.76846e+06	ENSP00000321853-uc002ftk.1-uc010vqr.1, ENSP00000366299-uc002ign.2-uc010czu.2, ENSP00000464052, ENSP00000469540-uc002omt.2-uc002oms.2	2.65360501829e-07	E
2	15.141266176	3.76503e+06	ENSP00000366299-uc002ign.2-uc010czu.2, ENSP00000374359-uc003eiv.2-uc003eix.2, ENSP00000422464-uc003iph.1-uc011cir.1, ENSP00000441202-uc001zcs.2-uc001zcr.2	2.65602189435e-07	E
2	15.1294529957	3.72081e+06	ENSP00000265565-uc003crh.1-uc003crg.2, ENSP00000411409, ENSP00000423228-uc003jlg.1-uc003jlb.1, ENSP00000441202-uc001zcs.2-uc001zcr.2	2.68758401754e-07	E
4	15.101709991	3.61901e+06	ENSP00000261191-uc001rhk.3-uc001rhj.3, ENSP00000326804-uc003wey.2-uc003wez.2, ENSP00000377643-uc002hun.1-uc002huk.1, ENSP00000441202-uc001zcs.2-uc001zcr.2	2.76318958693e-07	E
2	15.101709991	3.61901e+06	ENSP00000222145-uc002pki.2-uc002pkh.2, ENSP00000345895-uc003bfr.2-uc011aqn.1, ENSP00000377643-uc002hun.1-uc002huk.1, ENSP00000441202-uc001zcs.2-uc001zcr.2	2.76318958693e-07	E
1	15.101709991	3.61901e+06	ENSP00000345895-uc003bfr.2-uc011aqn.1, ENSP00000377643-uc002hun.1-uc002huk.1, ENSP00000441202-uc001zcs.2-uc001zcr.2, ENSP00000457354-uc002fhe.2-uc002fhd.2	2.76318958693e-07	E
1	15.061825115	3.4775e+06	ENSP00000249075-uc003agz.2-uc011aks.1, ENSP00000401514, ENSP00000411409, ENSP00000441202-uc001zcs.2-uc001zcr.2	2.87562642064e-07	E
2	15.0551747156	3.45445e+06	ENSP00000278903-uc001qca.2-uc010sbf.1, ENSP00000366299-uc002ign.2-uc010czu.2, ENSP00000464052, ENSP00000469540-uc002omt.2-uc002oms.2	2.8948142173e-07	E
1	15.0551747156	3.45445e+06	ENSP00000366299-uc002ign.2-uc010czu.2, ENSP00000413851-uc002kud.2-uc002kub.2, ENSP00000464052, ENSP00000469540-uc002omt.2-uc002oms.2	2.8948142173e-07	E
1	15.0551747156	3.45445e+06	ENSP00000184956-uc002iyk.1-uc010ddk.1, ENSP00000366299-uc002ign.2-uc010czu.2, ENSP00000464052, ENSP00000469540-uc002omt.2-uc002oms.2	2.8948142173e-07	E
2	15.0551747156	3.45445e+06	ENSP00000357551-uc001lmg.1-uc001lmf.1, ENSP00000366299-uc002ign.2-uc010czu.2, ENSP00000429865, ENSP00000469540-uc002omt.2-uc002oms.2	2.8948142173e-07	E
1	15.0551747156	3.45445e+06	ENSP00000225576, ENSP00000245206-uc002eof.1-uc010vim.1, ENSP00000366299-uc002ign.2-uc010czu.2, ENSP00000469540-uc002omt.2-uc002oms.2	2.8948142173e-07	E
1	15.0551747156	3.45445e+06	ENSP00000366299-uc002ign.2-uc010czu.2, ENSP00000367830-uc001aiq.2-uc009vla.2, ENSP00000429865, ENSP00000469540-uc002omt.2-uc002oms.2	2.8948142173e-07	E
5	15.0551747156	3.45445e+06	ENSP00000225576, ENSP00000357551-uc001lmg.1-uc001lmf.1, ENSP00000366299-uc002ign.2-uc010czu.2, ENSP00000469540-uc002omt.2-uc002oms.2	2.8948142173e-07	E
1	15.0551747156	3.45445e+06	ENSP00000245206-uc002eof.1-uc010vim.1, ENSP00000366299-uc002ign.2-uc010czu.2, ENSP00000464052, ENSP00000469540-uc002omt.2-uc002oms.2	2.8948142173e-07	E
1	15.0551747156	3.45445e+06	ENSP00000184956-uc002iyk.1-uc010ddk.1, ENSP00000225576, ENSP00000366299-uc002ign.2-uc010czu.2, ENSP00000469540-uc002omt.2-uc002oms.2	2.8948142173e-07	E
1	15.0551747156	3.45445e+06	ENSP00000248054-uc002nez.1-uc010eaj.1, ENSP00000366299-uc002ign.2-uc010czu.2, ENSP00000429865, ENSP00000469540-uc002omt.2-uc002oms.2	2.8948142173e-07	E
2	15.0551747156	3.45445e+06	ENSP00000366299-uc002ign.2-uc010czu.2, ENSP00000367830-uc001aiq.2-uc009vla.2, ENSP00000464052, ENSP00000469540-uc002omt.2-uc002oms.2	2.8948142173e-07	E
1	15.0436178701	3.41476e+06	ENSP00000377643-uc002hun.1-uc002huk.1, ENSP00000384203-uc003oqt.1-uc003oqr.1, ENSP00000441202-uc001zcs.2-uc001zcr.2, ENSP00000457354-uc002fhe.2-uc002fhd.2	2.92846320147e-07	E
1	15.0419518697	3.40908e+06	ENSP00000019103-uc002tma.2-uc002tlz.2, ENSP00000343617-uc002qqw.2-uc010yhp.1, ENSP00000374359-uc003eiv.2-uc003eix.2, ENSP00000441202-uc001zcs.2-uc001zcr.2	2.93334608879e-07	E
1	15.0317980176	3.37464e+06	ENSP00000352798, ENSP00000362298-uc001jrm.2-uc009xqk.2, ENSP00000415793, ENSP00000464052	2.96328257914e-07	E
1	15.0317980176	3.37464e+06	ENSP00000362298-uc001jrm.2-uc009xqk.2, ENSP00000379154-uc001jap.1-uc001jao.1, ENSP00000415793, ENSP00000464052	2.96328257914e-07	E
1	15.0317980176	3.37464e+06	ENSP00000335652, ENSP00000362298-uc001jrm.2-uc009xqk.2, ENSP00000415793, ENSP00000464052	2.96328257914e-07	E
2	15.0317980176	3.37464e+06	ENSP00000362298-uc001jrm.2-uc009xqk.2, ENSP00000415793, ENSP00000432787-uc003pzz.1-uc003pzw.1, ENSP00000464052	2.96328257914e-07	E
2	15.0317980176	3.37464e+06	ENSP00000340062, ENSP00000362298-uc001jrm.2-uc009xqk.2, ENSP00000415793, ENSP00000464052	2.96328257914e-07	E
1	15.0165206913	3.32347e+06	ENSP00000351627-uc002ozp.3-uc002ozo.3, ENSP00000362298-uc001jrm.2-uc009xqk.2, ENSP00000415793, ENSP00000464052	3.00890119203e-07	E
1	15.0091668298	3.29912e+06	ENSP00000341957-uc010pvb.1-uc010puz.1, ENSP00000374359-uc003eiv.2-uc003eix.2, ENSP00000411409, ENSP00000441202-uc001zcs.2-uc001zcr.2	3.03110979421e-07	E
1	15.0091668298	3.29912e+06	ENSP00000360199, ENSP00000380025-uc002vhp.1-uc010zjz.1, ENSP00000411409, ENSP00000441202-uc001zcs.2-uc001zcr.2	3.03110979421e-07	E
1	15.0091668298	3.29912e+06	ENSP00000371535-uc003grg.2-uc003grh.2, ENSP00000374359-uc003eiv.2-uc003eix.2, ENSP00000411409, ENSP00000441202-uc001zcs.2-uc001zcr.2	3.03110979421e-07	E
1	15.0091668298	3.29912e+06	ENSP00000329867-uc001ouw.2-uc001oux.2, ENSP00000374359-uc003eiv.2-uc003eix.2, ENSP00000411409, ENSP00000441202-uc001zcs.2-uc001zcr.2	3.03110979421e-07	E
1	15.0091668298	3.29912e+06	ENSP00000374359-uc003eiv.2-uc003eix.2, ENSP00000380025-uc002vhp.1-uc010zjz.1, ENSP00000411409, ENSP00000441202-uc001zcs.2-uc001zcr.2	3.03110979421e-07	E
1	14.996821979	3.25864e+06	ENSP00000225576, ENSP00000359245, ENSP00000374359-uc003eiv.2-uc003eix.2, ENSP00000378438-uc002azq.3-uc002azr.3	3.06876030918e-07	E
2	14.996821979	3.25864e+06	ENSP00000225576, ENSP00000359245, ENSP00000359818-uc001knt.2-uc001knq.2, ENSP00000374359-uc003eiv.2-uc003eix.2	3.06876030918e-07	E
2	14.996821979	3.25864e+06	ENSP00000292616-uc003uzn.2-uc003uzo.2, ENSP00000359245, ENSP00000359818-uc001knt.2-uc001knq.2, ENSP00000464052	3.06876030918e-07	E
1	14.996821979	3.25864e+06	ENSP00000359245, ENSP00000359818-uc001knt.2-uc001knq.2, ENSP00000432787-uc003pzz.1-uc003pzw.1, ENSP00000464052	3.06876030918e-07	E
5	14.996821979	3.25864e+06	ENSP00000359245, ENSP00000359818-uc001knt.2-uc001knq.2, ENSP00000374359-uc003eiv.2-uc003eix.2, ENSP00000464052	3.06876030918e-07	E
3	14.994947526	3.25254e+06	ENSP00000293261-uc002pix.1-uc010xzo.1, ENSP00000377643-uc002hun.1-uc002huk.1, ENSP00000419879-uc002wls.2-uc010zqv.1, ENSP00000441202-uc001zcs.2-uc001zcr.2	3.07451795082e-07	E
2	14.994947526	3.25254e+06	ENSP00000377643-uc002hun.1-uc002huk.1, ENSP00000378056-uc002blh.2-uc002bll.2, ENSP00000431883-uc001qhb.1-uc009zcz.1, ENSP00000441202-uc001zcs.2-uc001zcr.2	3.07451795082e-07	E
2	14.9870762961	3.22704e+06	ENSP00000254260-uc002nuf.2-uc010xro.1, ENSP00000298281, ENSP00000366299-uc002ign.2-uc010czu.2, ENSP00000441202-uc001zcs.2-uc001zcr.2	3.09881368164e-07	E
1	14.9544559607	3.12347e+06	ENSP00000279804-uc002dzw.2-uc002dzx.2, ENSP00000423228-uc003jlg.1-uc003jlb.1, ENSP00000441202-uc001zcs.2-uc001zcr.2, ENSP00000463916-uc001etp.2-uc001etq.2	3.20156479993e-07	E
2	14.9357201242	3.0655e+06	ENSP00000252999, ENSP00000318131-uc002peq.3-uc002per.3, ENSP00000366299-uc002ign.2-uc010czu.2, ENSP00000464052	3.26211424563e-07	E
2	14.9051526258	2.97321e+06	ENSP00000019103-uc002tma.2-uc002tlz.2, ENSP00000377643-uc002hun.1-uc002huk.1, ENSP00000433388-uc003dcn.2-uc010hly.2, ENSP00000441202-uc001zcs.2-uc001zcr.2	3.36336857929e-07	E
4	14.8983895618	2.95317e+06	ENSP00000359245, ENSP00000362298-uc001jrm.2-uc009xqk.2, ENSP00000374359-uc003eiv.2-uc003eix.2, ENSP00000464052	3.38619234878e-07	E
2	14.8983895618	2.95317e+06	ENSP00000340062, ENSP00000359245, ENSP00000362298-uc001jrm.2-uc009xqk.2, ENSP00000464052	3.38619234878e-07	E
2	14.8983895618	2.95317e+06	ENSP00000225576, ENSP00000359245, ENSP00000362298-uc001jrm.2-uc009xqk.2, ENSP00000374359-uc003eiv.2-uc003eix.2	3.38619234878e-07	E
1	14.8983895618	2.95317e+06	ENSP00000225576, ENSP00000265077, ENSP00000359245, ENSP00000362298-uc001jrm.2-uc009xqk.2	3.38619234878e-07	E
1	14.8947564786	2.94246e+06	ENSP00000298281, ENSP00000320663-uc002rsi.2-uc010ynv.1, ENSP00000374359-uc003eiv.2-uc003eix.2, ENSP00000441202-uc001zcs.2-uc001zcr.2	3.398517042e-07	E
5	14.8878927947	2.92233e+06	ENSP00000265077, ENSP00000367024-uc009yoz.2-uc010rmy.1, ENSP00000401470-uc003azu.2-uc003azr.2, ENSP00000429865	3.42192362456e-07	E
5	14.8878927947	2.92233e+06	ENSP00000340062, ENSP00000367024-uc009yoz.2-uc010rmy.1, ENSP00000401470-uc003azu.2-uc003azr.2, ENSP00000429865	3.42192362456e-07	E
1	14.8874260158	2.92097e+06	ENSP00000345498-uc001dyb.1-uc001dye.1, ENSP00000359245, ENSP00000374359-uc003eiv.2-uc003eix.2, ENSP00000464052	3.42352127899e-07	E
3	14.8874260158	2.92097e+06	ENSP00000332256-uc002bwn.3-uc010bpb.2, ENSP00000359245, ENSP00000432787-uc003pzz.1-uc003pzw.1, ENSP00000464052	3.42352127899e-07	E
1	14.8748594599	2.88449e+06	ENSP00000019103-uc002tma.2-uc002tlz.2, ENSP00000170564-uc002nug.1-uc002nuh.1, ENSP00000377643-uc002hun.1-uc002huk.1, ENSP00000441202-uc001zcs.2-uc001zcr.2	3.46681460476e-07	E
1	14.8748594599	2.88449e+06	ENSP00000340626, ENSP00000377643-uc002hun.1-uc002huk.1, ENSP00000441202-uc001zcs.2-uc001zcr.2, ENSP00000450613-uc010fyv.2-uc002vxp.3	3.46681460476e-07	E
1	14.8507118078	2.81567e+06	ENSP00000224949-uc001igt.1-uc001igs.1, ENSP00000366299-uc002ign.2-uc010czu.2, ENSP00000464052, ENSP00000469540-uc002omt.2-uc002oms.2	3.55154898855e-07	E
1	14.8507118078	2.81567e+06	ENSP00000347416-uc002lva.2-uc010dsv.2, ENSP00000366299-uc002ign.2-uc010czu.2, ENSP00000464052, ENSP00000469540-uc002omt.2-uc002oms.2	3.55154898855e-07	E
2	14.8507118078	2.81567e+06	ENSP00000225576, ENSP00000347416-uc002lva.2-uc010dsv.2, ENSP00000366299-uc002ign.2-uc010czu.2, ENSP00000469540-uc002omt.2-uc002oms.2	3.55154898855e-07	E
1	14.8406531001	2.78749e+06	ENSP00000362298-uc001jrm.2-uc009xqk.2, ENSP00000377643-uc002hun.1-uc002huk.1, ENSP00000411409, ENSP00000441202-uc001zcs.2-uc001zcr.2	3.58745325436e-07	E
2	14.8406531001	2.78749e+06	ENSP00000353114, ENSP00000377643-uc002hun.1-uc002huk.1, ENSP00000383191-uc002zhg.2-uc002zhk.2, ENSP00000441202-uc001zcs.2-uc001zcr.2	3.58745325436e-07	E
1	14.8306293046	2.75969e+06	ENSP00000321853-uc002ftk.1-uc010vqr.1, ENSP00000366299-uc002ign.2-uc010czu.2, ENSP00000386797-uc002tob.1-uc002toa.1, ENSP00000441202-uc001zcs.2-uc001zcr.2	3.6235939833e-07	E
1	14.8271268931	2.75004e+06	ENSP00000340062, ENSP00000356849-uc001gdt.1-uc010plf.1, ENSP00000429865, ENSP00000469540-uc002omt.2-uc002oms.2	3.63630755133e-07	E
1	14.8271268931	2.75004e+06	ENSP00000340062, ENSP00000356849-uc001gdt.1-uc010plf.1, ENSP00000429865, ENSP00000432787-uc003pzz.1-uc003pzw.1	3.63630755133e-07	E
2	14.8271268931	2.75004e+06	ENSP00000356849-uc001gdt.1-uc010plf.1, ENSP00000374359-uc003eiv.2-uc003eix.2, ENSP00000429865, ENSP00000469540-uc002omt.2-uc002oms.2	3.63630755133e-07	E
6	14.8271268931	2.75004e+06	ENSP00000340062, ENSP00000356849-uc001gdt.1-uc010plf.1, ENSP00000374359-uc003eiv.2-uc003eix.2, ENSP00000429865	3.63630755133e-07	E
3	14.8271268931	2.75004e+06	ENSP00000342263-uc003cbm.2-uc003cbl.3, ENSP00000356849-uc001gdt.1-uc010plf.1, ENSP00000374359-uc003eiv.2-uc003eix.2, ENSP00000429865	3.63630755133e-07	E
1	14.8055401675	2.69131e+06	ENSP00000265993-uc001klb.3-uc001kla.3, ENSP00000374359-uc003eiv.2-uc003eix.2, ENSP00000401514, ENSP00000441202-uc001zcs.2-uc001zcr.2	3.71565688975e-07	E
1	14.7961928419	2.66627e+06	ENSP00000320688-uc003etr.2-uc011bmz.1, ENSP00000401514, ENSP00000411409, ENSP00000441202-uc001zcs.2-uc001zcr.2	3.75055117467e-07	E
1	14.7961928419	2.66627e+06	ENSP00000221200-uc003xeo.2-uc011lad.1, ENSP00000401514, ENSP00000411409, ENSP00000441202-uc001zcs.2-uc001zcr.2	3.75055117467e-07	E
1	14.7802797972	2.62418e+06	ENSP00000386626-uc002tzd.3-uc010zch.1, ENSP00000411409, ENSP00000423228-uc003jlg.1-uc003jlb.1, ENSP00000441202-uc001zcs.2-uc001zcr.2	3.81071125869e-07	E
1	14.7587913279	2.56839e+06	ENSP00000299767-uc001tkb.1-uc010swg.1, ENSP00000365200-uc001vpo.2-uc001vpp.2, ENSP00000377643-uc002hun.1-uc002huk.1, ENSP00000441202-uc001zcs.2-uc001zcr.2	3.89348375263e-07	E
1	14.7537738989	2.55554e+06	ENSP00000225576, ENSP00000248846-uc003bkb.1-uc010has.1, ENSP00000264346-uc011cdi.1-uc011cdl.1, ENSP00000359245	3.91306812135e-07	E
1	14.7531319222	2.5539e+06	ENSP00000374359-uc003eiv.2-uc003eix.2, ENSP00000416097-uc011maw.1-uc010mxw.2, ENSP00000464052, ENSP00000469540-uc002omt.2-uc002oms.2	3.91558102643e-07	E
1	14.7531319222	2.5539e+06	ENSP00000340062, ENSP00000416097-uc011maw.1-uc010mxw.2, ENSP00000429865, ENSP00000432787-uc003pzz.1-uc003pzw.1	3.91558102643e-07	E
6	14.7531319222	2.5539e+06	ENSP00000340062, ENSP00000416097-uc011maw.1-uc010mxw.2, ENSP00000432787-uc003pzz.1-uc003pzw.1, ENSP00000464052	3.91558102643e-07	E
11	14.7531319222	2.5539e+06	ENSP00000225576, ENSP00000292616-uc003uzn.2-uc003uzo.2, ENSP00000416097-uc011maw.1-uc010mxw.2, ENSP00000432787-uc003pzz.1-uc003pzw.1	3.91558102643e-07	E
1	14.7235504961	2.47946e+06	ENSP00000370074-uc003mug.2-uc003muf.2, ENSP00000377643-uc002hun.1-uc002huk.1, ENSP00000441202-uc001zcs.2-uc001zcr.2, ENSP00000457354-uc002fhe.2-uc002fhd.2	4.03313970146e-07	E
1	14.7220982287	2.47586e+06	ENSP00000335652, ENSP00000343617-uc002qqw.2-uc010yhp.1, ENSP00000377643-uc002hun.1-uc002huk.1, ENSP00000441202-uc001zcs.2-uc001zcr.2	4.03900115366e-07	E
1	14.7205458056	2.47202e+06	ENSP00000224949-uc001igt.1-uc001igs.1, ENSP00000225576, ENSP00000340062, ENSP00000469540-uc002omt.2-uc002oms.2	4.04527626198e-07	E
1	14.7188363081	2.4678e+06	ENSP00000221200-uc003xeo.2-uc011lad.1, ENSP00000411409, ENSP00000415793, ENSP00000441202-uc001zcs.2-uc001zcr.2	4.0521975662e-07	E
1	14.6851837103	2.38613e+06	ENSP00000248846-uc003bkb.1-uc010has.1, ENSP00000273512-uc003fig.2-uc011bpy.1, ENSP00000340062, ENSP00000464052	4.19088504952e-07	E
3	14.6337072208	2.26641e+06	ENSP00000344772-uc001apy.2-uc001apz.2, ENSP00000374359-uc003eiv.2-uc003eix.2, ENSP00000441202-uc001zcs.2-uc001zcr.2, ENSP00000463916-uc001etp.2-uc001etq.2	4.41226617877e-07	E
1	14.6325399646	2.26377e+06	ENSP00000285039-uc002leb.2-uc002ldz.2, ENSP00000377643-uc002hun.1-uc002huk.1, ENSP00000441202-uc001zcs.2-uc001zcr.2, ENSP00000457354-uc002fhe.2-uc002fhd.2	4.4174194306e-07	E
1	14.6079041206	2.20868e+06	ENSP00000298281, ENSP00000356849-uc001gdt.1-uc010plf.1, ENSP00000377643-uc002hun.1-uc002huk.1, ENSP00000441202-uc001zcs.2-uc001zcr.2	4.5275978838e-07	E
1	14.5981488405	2.18724e+06	ENSP00000345895-uc003bfr.2-uc011aqn.1, ENSP00000401514, ENSP00000423228-uc003jlg.1-uc003jlb.1, ENSP00000441202-uc001zcs.2-uc001zcr.2	4.57198200684e-07	E
9	14.5981488405	2.18724e+06	ENSP00000310657-uc001jvk.2-uc010qks.1, ENSP00000386797-uc002tob.1-uc002toa.1, ENSP00000392264-uc010rre.1-uc009yth.2, ENSP00000441202-uc001zcs.2-uc001zcr.2	4.57198200684e-07	E
4	14.5889406773	2.16719e+06	ENSP00000225388-uc002hdy.3-uc002hdx.3, ENSP00000298281, ENSP00000363894-uc004bci.2-uc004bcj.1, ENSP00000441202-uc001zcs.2-uc001zcr.2	4.61427598956e-07	E
2	14.5835862574	2.15561e+06	ENSP00000318775-uc003gro.2-uc003grp.2, ENSP00000319255-uc001pdg.2-uc009yvz.2, ENSP00000394902-uc001lei.1-uc010qtb.1, ENSP00000464052	4.6390490244e-07	E
5	14.5835862574	2.15561e+06	ENSP00000225576, ENSP00000318775-uc003gro.2-uc003grp.2, ENSP00000319255-uc001pdg.2-uc009yvz.2, ENSP00000394902-uc001lei.1-uc010qtb.1	4.6390490244e-07	E
1	14.5678568871	2.12197e+06	ENSP00000264832-uc002mnq.2-uc010xle.1, ENSP00000368800-uc010cdu.2-uc002ept.2, ENSP00000377643-uc002hun.1-uc002huk.1, ENSP00000441202-uc001zcs.2-uc001zcr.2	4.71259524581e-07	E
1	14.5466773816	2.0775e+06	ENSP00000225576, ENSP00000308315-uc001cuv.2-uc010ons.1, ENSP00000366299-uc002ign.2-uc010czu.2, ENSP00000469540-uc002omt.2-uc002oms.2	4.81347015202e-07	E
1	14.5466773816	2.0775e+06	ENSP00000225576, ENSP00000271688-uc001evz.2-uc009wmh.2, ENSP00000366299-uc002ign.2-uc010czu.2, ENSP00000469540-uc002omt.2-uc002oms.2	4.81347015202e-07	E
2	14.5466773816	2.0775e+06	ENSP00000271688-uc001evz.2-uc009wmh.2, ENSP00000366299-uc002ign.2-uc010czu.2, ENSP00000464052, ENSP00000469540-uc002omt.2-uc002oms.2	4.81347015202e-07	E
3	14.5466773816	2.0775e+06	ENSP00000225576, ENSP00000360151-uc001kmp.2-uc001kmo.2, ENSP00000366299-uc002ign.2-uc010czu.2, ENSP00000469540-uc002omt.2-uc002oms.2	4.81347015202e-07	E
1	14.5466773816	2.0775e+06	ENSP00000366299-uc002ign.2-uc010czu.2, ENSP00000385839-uc001snt.2-uc009zpn.1, ENSP00000429865, ENSP00000469540-uc002omt.2-uc002oms.2	4.81347015202e-07	E
1	14.5466773816	2.0775e+06	ENSP00000225576, ENSP00000326604-uc003wmw.3-uc003wmv.3, ENSP00000366299-uc002ign.2-uc010czu.2, ENSP00000469540-uc002omt.2-uc002oms.2	4.81347015202e-07	E
1	14.5466773816	2.0775e+06	ENSP00000308315-uc001cuv.2-uc010ons.1, ENSP00000366299-uc002ign.2-uc010czu.2, ENSP00000464052, ENSP00000469540-uc002omt.2-uc002oms.2	4.81347015202e-07	E
2	14.5466773816	2.0775e+06	ENSP00000225576, ENSP00000332979-uc002yyw.2-uc010goo.2, ENSP00000366299-uc002ign.2-uc010czu.2, ENSP00000469540-uc002omt.2-uc002oms.2	4.81347015202e-07	E
3	14.5466773816	2.0775e+06	ENSP00000332979-uc002yyw.2-uc010goo.2, ENSP00000366299-uc002ign.2-uc010czu.2, ENSP00000464052, ENSP00000469540-uc002omt.2-uc002oms.2	4.81347015202e-07	E
1	14.5466773816	2.0775e+06	ENSP00000326604-uc003wmw.3-uc003wmv.3, ENSP00000366299-uc002ign.2-uc010czu.2, ENSP00000464052, ENSP00000469540-uc002omt.2-uc002oms.2	4.81347015202e-07	E
1	14.5466773816	2.0775e+06	ENSP00000360151-uc001kmp.2-uc001kmo.2, ENSP00000366299-uc002ign.2-uc010czu.2, ENSP00000429865, ENSP00000469540-uc002omt.2-uc002oms.2	4.81347015202e-07	E
1	14.5466773816	2.0775e+06	ENSP00000360151-uc001kmp.2-uc001kmo.2, ENSP00000366299-uc002ign.2-uc010czu.2, ENSP00000464052, ENSP00000469540-uc002omt.2-uc002oms.2	4.81347015202e-07	E
1	14.5329822705	2.04925e+06	ENSP00000261191-uc001rhk.3-uc001rhj.3, ENSP00000359245, ENSP00000377643-uc002hun.1-uc002huk.1, ENSP00000441202-uc001zcs.2-uc001zcr.2	4.87984462625e-07	E
1	14.5299727219	2.04309e+06	ENSP00000264346-uc011cdi.1-uc011cdl.1, ENSP00000408342-uc002mkd.2-uc002mkc.2, ENSP00000429865, ENSP00000469540-uc002omt.2-uc002oms.2	4.89455287705e-07	E
1	14.5299727219	2.04309e+06	ENSP00000264346-uc011cdi.1-uc011cdl.1, ENSP00000408342-uc002mkd.2-uc002mkc.2, ENSP00000464052, ENSP00000469540-uc002omt.2-uc002oms.2	4.89455287705e-07	E
1	14.5252279928	2.03342e+06	ENSP00000287169-uc001nkx.1-uc001nky.1, ENSP00000359245, ENSP00000374359-uc003eiv.2-uc003eix.2, ENSP00000464052	4.91783138607e-07	E
2	14.5252279928	2.03342e+06	ENSP00000359245, ENSP00000363482-uc001jcu.2-uc001jcw.2, ENSP00000374359-uc003eiv.2-uc003eix.2, ENSP00000464052	4.91783138607e-07	E
1	14.5252279928	2.03342e+06	ENSP00000359245, ENSP00000374359-uc003eiv.2-uc003eix.2, ENSP00000393571-uc001pjq.2-uc010rvu.1, ENSP00000464052	4.91783138607e-07	E
7	14.5170083787	2.01677e+06	ENSP00000184956-uc002iyk.1-uc010ddk.1, ENSP00000356554-uc003qjr.3-uc010khh.2, ENSP00000423228-uc003jlg.1-uc003jlb.1, ENSP00000441202-uc001zcs.2-uc001zcr.2	4.95842064795e-07	E
4	14.5050087054	1.99272e+06	ENSP00000265077, ENSP00000318775-uc003gro.2-uc003grp.2, ENSP00000394902-uc001lei.1-uc010qtb.1, ENSP00000464052	5.01827849494e-07	E
3	14.5050087054	1.99272e+06	ENSP00000318775-uc003gro.2-uc003grp.2, ENSP00000357336-uc001fkj.2-uc001fks.2, ENSP00000394902-uc001lei.1-uc010qtb.1, ENSP00000464052	5.01827849494e-07	E
1	14.481568537	1.94655e+06	ENSP00000249075-uc003agz.2-uc011aks.1, ENSP00000411409, ENSP00000423228-uc003jlg.1-uc003jlb.1, ENSP00000441202-uc001zcs.2-uc001zcr.2	5.13729724791e-07	E
3	14.481568537	1.94655e+06	ENSP00000320885-uc002roc.2-uc002rod.2, ENSP00000386797-uc002tob.1-uc002toa.1, ENSP00000411409, ENSP00000441202-uc001zcs.2-uc001zcr.2	5.13729724791e-07	E
3	14.4778626747	1.93935e+06	ENSP00000281924-uc002ttx.2-uc002tty.2, ENSP00000313007-uc003yjs.1-uc011lhd.1, ENSP00000374359-uc003eiv.2-uc003eix.2, ENSP00000441202-uc001zcs.2-uc001zcr.2	5.15637068441e-07	E
2	14.4680105059	1.92034e+06	ENSP00000383191-uc002zhg.2-uc002zhk.2, ENSP00000408342-uc002mkd.2-uc002mkc.2, ENSP00000411409, ENSP00000464052	5.20742319483e-07	E
19	14.4622001422	1.90921e+06	ENSP00000321498-uc003vvo.2-uc003vvn.2, ENSP00000356554-uc003qjr.3-uc010khh.2, ENSP00000375051-uc001chn.2-uc001chp.2, ENSP00000441202-uc001zcs.2-uc001zcr.2	5.23776829009e-07	E
1	14.4480155072	1.88232e+06	ENSP00000019103-uc002tma.2-uc002tlz.2, ENSP00000305533-uc003hnt.2-uc003hnv.2, ENSP00000377643-uc002hun.1-uc002huk.1, ENSP00000441202-uc001zcs.2-uc001zcr.2	5.31259355137e-07	E
6	14.4465114216	1.87949e+06	ENSP00000225576, ENSP00000416097-uc011maw.1-uc010mxw.2, ENSP00000432787-uc003pzz.1-uc003pzw.1, ENSP00000435299-uc001lrv.2-uc001lrw.2	5.32059015883e-07	E
2	14.4465114216	1.87949e+06	ENSP00000416097-uc011maw.1-uc010mxw.2, ENSP00000429865, ENSP00000432787-uc003pzz.1-uc003pzw.1, ENSP00000435299-uc001lrv.2-uc001lrw.2	5.32059015883e-07	E
3	14.4399291371	1.86716e+06	ENSP00000347665, ENSP00000377643-uc002hun.1-uc002huk.1, ENSP00000441202-uc001zcs.2-uc001zcr.2, ENSP00000454552-uc002fec.2-uc002fed.1	5.3557273115e-07	E
1	14.4399291371	1.86716e+06	ENSP00000019103-uc002tma.2-uc002tlz.2, ENSP00000377643-uc002hun.1-uc002huk.1, ENSP00000441202-uc001zcs.2-uc001zcr.2, ENSP00000454552-uc002fec.2-uc002fed.1	5.3557273115e-07	E
6	14.4320716273	1.85255e+06	ENSP00000222145-uc002pki.2-uc002pkh.2, ENSP00000377643-uc002hun.1-uc002huk.1, ENSP00000441202-uc001zcs.2-uc001zcr.2, ENSP00000462521-uc001enn.3-uc001enm.1	5.39797575783e-07	E
3	14.4273626645	1.84384e+06	ENSP00000340062, ENSP00000357110-uc003qch.2-uc003qcd.1, ENSP00000359245, ENSP00000464052	5.42345456726e-07	E
3	14.4273626645	1.84384e+06	ENSP00000357110-uc003qch.2-uc003qcd.1, ENSP00000359245, ENSP00000432787-uc003pzz.1-uc003pzw.1, ENSP00000464052	5.42345456726e-07	E
1	14.4201703096	1.83063e+06	ENSP00000293261-uc002pix.1-uc010xzo.1, ENSP00000374359-uc003eiv.2-uc003eix.2, ENSP00000377643-uc002hun.1-uc002huk.1, ENSP00000441202-uc001zcs.2-uc001zcr.2	5.46260259209e-07	E
1	14.4201703096	1.83063e+06	ENSP00000340626, ENSP00000377643-uc002hun.1-uc002huk.1, ENSP00000387258-uc002tcd.3-uc010ywe.1, ENSP00000441202-uc001zcs.2-uc001zcr.2	5.46260259209e-07	E
1	14.4201703096	1.83063e+06	ENSP00000374359-uc003eiv.2-uc003eix.2, ENSP00000378322-uc003hvu.2-uc010ilk.2, ENSP00000415793, ENSP00000441202-uc001zcs.2-uc001zcr.2	5.46260259209e-07	E
2	14.4201703096	1.83063e+06	ENSP00000251241-uc002ixn.1-uc010wof.1, ENSP00000377643-uc002hun.1-uc002huk.1, ENSP00000441202-uc001zcs.2-uc001zcr.2, ENSP00000467207-uc002lxy.2-uc010dtl.1	5.46260259209e-07	E
1	14.4164193552	1.82378e+06	ENSP00000356849-uc001gdt.1-uc010plf.1, ENSP00000363894-uc004bci.2-uc004bcj.1, ENSP00000423228-uc003jlg.1-uc003jlb.1, ENSP00000441202-uc001zcs.2-uc001zcr.2	5.48313104185e-07	E
2	14.3986523244	1.79166e+06	ENSP00000225576, ENSP00000248846-uc003bkb.1-uc010has.1, ENSP00000263980-uc001bnm.2-uc001bnl.2, ENSP00000342263-uc003cbm.2-uc003cbl.3	5.58142057078e-07	E
7	14.3986523244	1.79166e+06	ENSP00000225576, ENSP00000248846-uc003bkb.1-uc010has.1, ENSP00000263980-uc001bnm.2-uc001bnl.2, ENSP00000354529	5.58142057078e-07	E
2	14.3986523244	1.79166e+06	ENSP00000225576, ENSP00000248846-uc003bkb.1-uc010has.1, ENSP00000263980-uc001bnm.2-uc001bnl.2, ENSP00000379154-uc001jap.1-uc001jao.1	5.58142057078e-07	E
1	14.3986523244	1.79166e+06	ENSP00000248846-uc003bkb.1-uc010has.1, ENSP00000263980-uc001bnm.2-uc001bnl.2, ENSP00000265077, ENSP00000429865	5.58142057078e-07	E
1	14.3690657919	1.73943e+06	ENSP00000357110-uc003qch.2-uc003qcd.1, ENSP00000411409, ENSP00000415793, ENSP00000441202-uc001zcs.2-uc001zcr.2	5.74902260762e-07	E
1	14.364027266	1.73068e+06	ENSP00000218089, ENSP00000347665, ENSP00000369081-uc003mxv.2-uc010jnz.2, ENSP00000441202-uc001zcs.2-uc001zcr.2	5.77806230389e-07	E
2	14.3631643116	1.72919e+06	ENSP00000374359-uc003eiv.2-uc003eix.2, ENSP00000378438-uc002azq.3-uc002azr.3, ENSP00000464052, ENSP00000469540-uc002omt.2-uc002oms.2	5.78305066024e-07	E
1	14.3631643116	1.72919e+06	ENSP00000225576, ENSP00000340062, ENSP00000378438-uc002azq.3-uc002azr.3, ENSP00000469540-uc002omt.2-uc002oms.2	5.78305066024e-07	E
1	14.3494263203	1.7056e+06	ENSP00000225576, ENSP00000264424-uc003ipc.2-uc003ipd.2, ENSP00000366299-uc002ign.2-uc010czu.2, ENSP00000469540-uc002omt.2-uc002oms.2	5.8630463921e-07	E
3	14.3429264877	1.69455e+06	ENSP00000356849-uc001gdt.1-uc010plf.1, ENSP00000363894-uc004bci.2-uc004bcj.1, ENSP00000379353-uc001rfo.3-uc009zix.2, ENSP00000464052	5.90127933168e-07	E
7	14.338293785	1.68672e+06	ENSP00000252999, ENSP00000265077, ENSP00000359819-uc004eyb.2-uc010nrv.2, ENSP00000464052	5.9286816286e-07	E
1	14.3322120653	1.67649e+06	ENSP00000255121-uc001coj.1-uc001coi.1, ENSP00000362298-uc001jrm.2-uc009xqk.2, ENSP00000415793, ENSP00000464052	5.96484807387e-07	E
2	14.3253585671	1.66504e+06	ENSP00000360199, ENSP00000364037-uc004bas.2-uc011lvf.1, ENSP00000411409, ENSP00000441202-uc001zcs.2-uc001zcr.2	6.00586855611e-07	E
1	14.3122061392	1.64328e+06	ENSP00000356607-uc001glz.2-uc010pnb.1, ENSP00000360112-uc001dbs.1-uc010opb.1, ENSP00000377643-uc002hun.1-uc002huk.1, ENSP00000441202-uc001zcs.2-uc001zcr.2	6.08538206084e-07	E
1	14.3115279937	1.64217e+06	ENSP00000359818-uc001knt.2-uc001knq.2, ENSP00000408342-uc002mkd.2-uc002mkc.2, ENSP00000411409, ENSP00000429865	6.08951023463e-07	E
1	14.2695833504	1.57471e+06	ENSP00000320688-uc003etr.2-uc011bmz.1, ENSP00000411409, ENSP00000423228-uc003jlg.1-uc003jlb.1, ENSP00000441202-uc001zcs.2-uc001zcr.2	6.35036505711e-07	E
1	14.2561594635	1.55372e+06	ENSP00000321853-uc002ftk.1-uc010vqr.1, ENSP00000366299-uc002ign.2-uc010czu.2, ENSP00000380891, ENSP00000441202-uc001zcs.2-uc001zcr.2	6.43618637877e-07	E
3	14.2549121761	1.55178e+06	ENSP00000264424-uc003ipc.2-uc003ipd.2, ENSP00000340062, ENSP00000464052, ENSP00000469540-uc002omt.2-uc002oms.2	6.44421916152e-07	E
6	14.2549121761	1.55178e+06	ENSP00000225576, ENSP00000333667-uc001snf.1-uc010srj.1, ENSP00000340062, ENSP00000458302-uc003uae.1-uc003uaf.1	6.44421916152e-07	E
5	14.2549121761	1.55178e+06	ENSP00000225576, ENSP00000292616-uc003uzn.2-uc003uzo.2, ENSP00000340062, ENSP00000458302-uc003uae.1-uc003uaf.1	6.44421916152e-07	E
5	14.2549121761	1.55178e+06	ENSP00000333667-uc001snf.1-uc010srj.1, ENSP00000340062, ENSP00000458302-uc003uae.1-uc003uaf.1, ENSP00000464052	6.44421916152e-07	E
1	14.2549121761	1.55178e+06	ENSP00000355623-uc001hub.2-uc009xfh.1, ENSP00000432787-uc003pzz.1-uc003pzw.1, ENSP00000464052, ENSP00000469540-uc002omt.2-uc002oms.2	6.44421916152e-07	E
23	14.2549121761	1.55178e+06	ENSP00000333667-uc001snf.1-uc010srj.1, ENSP00000340062, ENSP00000429865, ENSP00000458302-uc003uae.1-uc003uaf.1	6.44421916152e-07	E
3	14.2549121761	1.55178e+06	ENSP00000292616-uc003uzn.2-uc003uzo.2, ENSP00000340062, ENSP00000458302-uc003uae.1-uc003uaf.1, ENSP00000464052	6.44421916152e-07	E
1	14.2511238608	1.54591e+06	ENSP00000248846-uc003bkb.1-uc010has.1, ENSP00000345895-uc003bfr.2-uc011aqn.1, ENSP00000386797-uc002tob.1-uc002toa.1, ENSP00000464052	6.46867819531e-07	E
5	14.2477801239	1.54075e+06	ENSP00000260453-uc002adr.2-uc010bfo.2, ENSP00000377643-uc002hun.1-uc002huk.1, ENSP00000381031-uc003aet.2-uc003aey.2, ENSP00000441202-uc001zcs.2-uc001zcr.2	6.4903439552e-07	E
1	14.2380938852	1.5259e+06	ENSP00000225576, ENSP00000342263-uc003cbm.2-uc003cbl.3, ENSP00000362298-uc001jrm.2-uc009xqk.2, ENSP00000374359-uc003eiv.2-uc003eix.2	6.55351643442e-07	E
3	14.2380938852	1.5259e+06	ENSP00000225576, ENSP00000265077, ENSP00000362298-uc001jrm.2-uc009xqk.2, ENSP00000374359-uc003eiv.2-uc003eix.2	6.55351643442e-07	E
1	14.229183347	1.51236e+06	ENSP00000225576, ENSP00000248846-uc003bkb.1-uc010has.1, ENSP00000263980-uc001bnm.2-uc001bnl.2, ENSP00000346065-uc003oyj.2-uc010jze.2	6.61217273431e-07	E
1	14.2212803204	1.50046e+06	ENSP00000313953-uc002rom.2-uc002ron.2, ENSP00000360199, ENSP00000374359-uc003eiv.2-uc003eix.2, ENSP00000441202-uc001zcs.2-uc001zcr.2	6.66463594706e-07	E
2	14.1924280216	1.45778e+06	ENSP00000366299-uc002ign.2-uc010czu.2, ENSP00000411409, ENSP00000422464-uc003iph.1-uc011cir.1, ENSP00000441202-uc001zcs.2-uc001zcr.2	6.85972689234e-07	E
4	14.1805575822	1.44058e+06	ENSP00000345444-uc001qfp.2-uc009zcv.2, ENSP00000386797-uc002tob.1-uc002toa.1, ENSP00000423228-uc003jlg.1-uc003jlb.1, ENSP00000441202-uc001zcs.2-uc001zcr.2	6.9416400759e-07	E
5	14.1743203673	1.43162e+06	ENSP00000268638-uc002fjh.2-uc010chp.2, ENSP00000298281, ENSP00000344772-uc001apy.2-uc001apz.2, ENSP00000441202-uc001zcs.2-uc001zcr.2	6.985071883e-07	E
1	14.1685489802	1.42339e+06	ENSP00000265870-uc001joi.2-uc010qiy.1, ENSP00000377643-uc002hun.1-uc002huk.1, ENSP00000377880-uc003dof.2-uc003doe.2, ENSP00000441202-uc001zcs.2-uc001zcr.2	7.02550199322e-07	E
1	14.1685489802	1.42339e+06	ENSP00000298281, ENSP00000377643-uc002hun.1-uc002huk.1, ENSP00000380869-uc010tlt.1-uc010ain.2, ENSP00000441202-uc001zcs.2-uc001zcr.2	7.02550199322e-07	E
1	14.1642228347	1.41724e+06	ENSP00000348359-uc001ptt.2-uc009zai.1, ENSP00000374359-uc003eiv.2-uc003eix.2, ENSP00000411409, ENSP00000441202-uc001zcs.2-uc001zcr.2	7.05596117457e-07	E
1	14.1642228347	1.41724e+06	ENSP00000374359-uc003eiv.2-uc003eix.2, ENSP00000411409, ENSP00000423485-uc010jgh.2-uc003lmh.3, ENSP00000441202-uc001zcs.2-uc001zcr.2	7.05596117457e-07	E
1	14.1642228347	1.41724e+06	ENSP00000374359-uc003eiv.2-uc003eix.2, ENSP00000411409, ENSP00000441202-uc001zcs.2-uc001zcr.2, ENSP00000471186-uc004fli.3-uc004flj.2	7.05596117457e-07	E
2	14.1614216981	1.41328e+06	ENSP00000377643-uc002hun.1-uc002huk.1, ENSP00000411032-uc002oyg.1-uc010ejd.2, ENSP00000419231-uc003esl.2-uc011bmm.1, ENSP00000441202-uc001zcs.2-uc001zcr.2	7.07575359356e-07	E
1	14.1599910371	1.41126e+06	ENSP00000318775-uc003gro.2-uc003grp.2, ENSP00000377643-uc002hun.1-uc002huk.1, ENSP00000419231-uc003esl.2-uc011bmm.1, ENSP00000441202-uc001zcs.2-uc001zcr.2	7.0858838432e-07	E
2	14.1592241118	1.41017e+06	ENSP00000019103-uc002tma.2-uc002tlz.2, ENSP00000343617-uc002qqw.2-uc010yhp.1, ENSP00000411409, ENSP00000441202-uc001zcs.2-uc001zcr.2	7.09132027088e-07	E
1	14.1592241118	1.41017e+06	ENSP00000357110-uc003qch.2-uc003qcd.1, ENSP00000374359-uc003eiv.2-uc003eix.2, ENSP00000411409, ENSP00000441202-uc001zcs.2-uc001zcr.2	7.09132027088e-07	E
1	14.1592241118	1.41017e+06	ENSP00000374359-uc003eiv.2-uc003eix.2, ENSP00000386626-uc002tzd.3-uc010zch.1, ENSP00000411409, ENSP00000441202-uc001zcs.2-uc001zcr.2	7.09132027088e-07	E
1	14.144596025	1.3897e+06	ENSP00000341957-uc010pvb.1-uc010puz.1, ENSP00000366299-uc002ign.2-uc010czu.2, ENSP00000464052, ENSP00000469540-uc002omt.2-uc002oms.2	7.19581513598e-07	E
1	14.144596025	1.3897e+06	ENSP00000225576, ENSP00000248846-uc003bkb.1-uc010has.1, ENSP00000264346-uc011cdi.1-uc011cdl.1, ENSP00000340062	7.19581513598e-07	E
1	14.1319981633	1.3723e+06	ENSP00000355180-uc002zhu.1-uc002zhw.1, ENSP00000377643-uc002hun.1-uc002huk.1, ENSP00000431883-uc001qhb.1-uc009zcz.1, ENSP00000441202-uc001zcs.2-uc001zcr.2	7.28704043553e-07	E
2	14.1050041064	1.33575e+06	ENSP00000265870-uc001joi.2-uc010qiy.1, ENSP00000271732-uc001evj.2-uc010pci.1, ENSP00000377643-uc002hun.1-uc002huk.1, ENSP00000441202-uc001zcs.2-uc001zcr.2	7.48642622828e-07	E
2	14.0769331245	1.29878e+06	ENSP00000290866-uc002jau.1-uc002jav.1, ENSP00000298281, ENSP00000366299-uc002ign.2-uc010czu.2, ENSP00000441202-uc001zcs.2-uc001zcr.2	7.69955493421e-07	E
1	14.0766737524	1.29844e+06	ENSP00000252999, ENSP00000306340-uc011cbp.1-uc003hiq.2, ENSP00000366299-uc002ign.2-uc010czu.2, ENSP00000464052	7.70155224323e-07	E
1	14.076127473	1.29773e+06	ENSP00000253024-uc002qtg.1-uc002qth.1, ENSP00000377643-uc002hun.1-uc002huk.1, ENSP00000423228-uc003jlg.1-uc003jlb.1, ENSP00000441202-uc001zcs.2-uc001zcr.2	7.70576059167e-07	E
1	14.0584546179	1.275e+06	ENSP00000267836-uc001zwj.3-uc001zwh.3, ENSP00000367815-uc002fhl.3-uc010vnw.1, ENSP00000367868-uc001imo.3-uc001imn.2, ENSP00000369319-uc002asq.2-uc002asr.2	7.84315387225e-07	E
1	14.056387925	1.27236e+06	ENSP00000364493-uc004aur.2-uc011luh.1, ENSP00000411409, ENSP00000423228-uc003jlg.1-uc003jlb.1, ENSP00000441202-uc001zcs.2-uc001zcr.2	7.8593800235e-07	E
2	14.0427722007	1.25516e+06	ENSP00000362285-uc001jrr.3-uc001jru.3, ENSP00000366299-uc002ign.2-uc010czu.2, ENSP00000464052, ENSP00000469540-uc002omt.2-uc002oms.2	7.96712301024e-07	E
1	14.0427722007	1.25516e+06	ENSP00000225576, ENSP00000366299-uc002ign.2-uc010czu.2, ENSP00000419231-uc003esl.2-uc011bmm.1, ENSP00000469540-uc002omt.2-uc002oms.2	7.96712301024e-07	E
1	14.0427722007	1.25516e+06	ENSP00000225576, ENSP00000362285-uc001jrr.3-uc001jru.3, ENSP00000366299-uc002ign.2-uc010czu.2, ENSP00000469540-uc002omt.2-uc002oms.2	7.96712301024e-07	E
1	14.0427722007	1.25516e+06	ENSP00000290810-uc002eqf.2-uc002eqg.2, ENSP00000366299-uc002ign.2-uc010czu.2, ENSP00000429865, ENSP00000469540-uc002omt.2-uc002oms.2	7.96712301024e-07	E
2	14.0427722007	1.25516e+06	ENSP00000355973-uc001hif.2-uc009xcz.2, ENSP00000366299-uc002ign.2-uc010czu.2, ENSP00000429865, ENSP00000469540-uc002omt.2-uc002oms.2	7.96712301024e-07	E
1	14.0095920411	1.2142e+06	ENSP00000225388-uc002hdy.3-uc002hdx.3, ENSP00000363894-uc004bci.2-uc004bcj.1, ENSP00000386797-uc002tob.1-uc002toa.1, ENSP00000441202-uc001zcs.2-uc001zcr.2	8.23590792745e-07	E
2	13.9991222317	1.20155e+06	ENSP00000368800-uc010cdu.2-uc002ept.2, ENSP00000383191-uc002zhg.2-uc002zhk.2, ENSP00000386797-uc002tob.1-uc002toa.1, ENSP00000441202-uc001zcs.2-uc001zcr.2	8.32258929073e-07	E
1	13.9911828739	1.19205e+06	ENSP00000313490-uc002gkr.2-uc002gks.2, ENSP00000340626, ENSP00000377643-uc002hun.1-uc002huk.1, ENSP00000441202-uc001zcs.2-uc001zcr.2	8.38892830083e-07	E
1	13.9911828739	1.19205e+06	ENSP00000267938-uc002bbg.2-uc002bbi.2, ENSP00000360186, ENSP00000415793, ENSP00000441202-uc001zcs.2-uc001zcr.2	8.38892830083e-07	E
1	13.9911828739	1.19205e+06	ENSP00000267938-uc002bbg.2-uc002bbi.2, ENSP00000360202, ENSP00000415793, ENSP00000441202-uc001zcs.2-uc001zcr.2	8.38892830083e-07	E
2	13.9705230211	1.16767e+06	ENSP00000261191-uc001rhk.3-uc001rhj.3, ENSP00000377643-uc002hun.1-uc002huk.1, ENSP00000441202-uc001zcs.2-uc001zcr.2, ENSP00000467207-uc002lxy.2-uc010dtl.1	8.56404503933e-07	E
1	13.9507330155	1.14479e+06	ENSP00000352288-uc003bkv.3-uc003bkt.1, ENSP00000359245, ENSP00000374359-uc003eiv.2-uc003eix.2, ENSP00000429865	8.73521568638e-07	E
1	13.9507330155	1.14479e+06	ENSP00000225576, ENSP00000264346-uc011cdi.1-uc011cdl.1, ENSP00000359245, ENSP00000374359-uc003eiv.2-uc003eix.2	8.73521568638e-07	E
1	13.9507330155	1.14479e+06	ENSP00000352288-uc003bkv.3-uc003bkt.1, ENSP00000359245, ENSP00000432787-uc003pzz.1-uc003pzw.1, ENSP00000464052	8.73521568638e-07	E
1	13.9507330155	1.14479e+06	ENSP00000225576, ENSP00000264346-uc011cdi.1-uc011cdl.1, ENSP00000292616-uc003uzn.2-uc003uzo.2, ENSP00000359245	8.73521568638e-07	E
1	13.9507330155	1.14479e+06	ENSP00000264346-uc011cdi.1-uc011cdl.1, ENSP00000340062, ENSP00000359245, ENSP00000464052	8.73521568638e-07	E
5	13.9507330155	1.14479e+06	ENSP00000293261-uc002pix.1-uc010xzo.1, ENSP00000419879-uc002wls.2-uc010zqv.1, ENSP00000464052, ENSP00000469540-uc002omt.2-uc002oms.2	8.73521568638e-07	E
1	13.9506754413	1.14473e+06	ENSP00000383191-uc002zhg.2-uc002zhk.2, ENSP00000408342-uc002mkd.2-uc002mkc.2, ENSP00000464052, ENSP00000472749-uc010noz.2-uc004elo.3	8.73571862332e-07	E
3	13.9384678802	1.13084e+06	ENSP00000019103-uc002tma.2-uc002tlz.2, ENSP00000254260-uc002nuf.2-uc010xro.1, ENSP00000366299-uc002ign.2-uc010czu.2, ENSP00000441202-uc001zcs.2-uc001zcr.2	8.84301401745e-07	E
2	13.9320318539	1.12358e+06	ENSP00000307387-uc003cfx.2-uc011axw.1, ENSP00000369431-uc003zqc.2-uc003zqb.2, ENSP00000429865, ENSP00000469540-uc002omt.2-uc002oms.2	8.90011143196e-07	E
1	13.9248826448	1.11558e+06	ENSP00000252999, ENSP00000271657-uc001exr.2-uc010pcw.1, ENSP00000366299-uc002ign.2-uc010czu.2, ENSP00000464052	8.96396817976e-07	E
2	13.9202845068	1.11046e+06	ENSP00000347942-uc001jal.2-uc010qez.1, ENSP00000423228-uc003jlg.1-uc003jlb.1, ENSP00000441202-uc001zcs.2-uc001zcr.2, ENSP00000462521-uc001enn.3-uc001enm.1	9.00528064966e-07	E
2	13.9202845068	1.11046e+06	ENSP00000267938-uc002bbg.2-uc002bbi.2, ENSP00000298281, ENSP00000423228-uc003jlg.1-uc003jlb.1, ENSP00000441202-uc001zcs.2-uc001zcr.2	9.00528064966e-07	E
2	13.9202845068	1.11046e+06	ENSP00000384164-uc010gci.1-uc002wpg.1, ENSP00000401514, ENSP00000441202-uc001zcs.2-uc001zcr.2, ENSP00000462521-uc001enn.3-uc001enm.1	9.00528064967e-07	E
1	13.9169404231	1.10675e+06	ENSP00000248846-uc003bkb.1-uc010has.1, ENSP00000357110-uc003qch.2-uc003qcd.1, ENSP00000359245, ENSP00000464052	9.03544547131e-07	E
1	13.9077738953	1.09665e+06	ENSP00000350331-uc001iig.2-uc001iii.2, ENSP00000374359-uc003eiv.2-uc003eix.2, ENSP00000411409, ENSP00000441202-uc001zcs.2-uc001zcr.2	9.11864989806e-07	E
1	13.9077738953	1.09665e+06	ENSP00000360187, ENSP00000383401-uc002kod.1-uc002kof.2, ENSP00000411409, ENSP00000441202-uc001zcs.2-uc001zcr.2	9.11864989806e-07	E
1	13.9077738953	1.09665e+06	ENSP00000311949-uc001gew.2-uc001gez.2, ENSP00000374359-uc003eiv.2-uc003eix.2, ENSP00000411409, ENSP00000441202-uc001zcs.2-uc001zcr.2	9.11864989806e-07	E
1	13.9072907839	1.09612e+06	ENSP00000247178-uc001xbx.1-uc001xbw.1, ENSP00000359245, ENSP00000401470-uc003azu.2-uc003azr.2, ENSP00000429865	9.12305628636e-07	E
4	13.9051836816	1.09382e+06	ENSP00000225576, ENSP00000340062, ENSP00000363482-uc001jcu.2-uc001jcw.2, ENSP00000469540-uc002omt.2-uc002oms.2	9.14229976623e-07	E
8	13.8853575683	1.07234e+06	ENSP00000306920-uc003cfi.1-uc003cfj.1, ENSP00000359245, ENSP00000401470-uc003azu.2-uc003azr.2, ENSP00000429865	9.3253647743e-07	E
2	13.8697279705	1.05571e+06	ENSP00000318176-uc002umf.2-uc002umd.2, ENSP00000359245, ENSP00000432787-uc003pzz.1-uc003pzw.1, ENSP00000464052	9.47226145259e-07	E
3	13.8679211148	1.05381e+06	ENSP00000359245, ENSP00000408342-uc002mkd.2-uc002mkc.2, ENSP00000464052, ENSP00000474435-uc002hjr.2-uc010wcj.1	9.48939193397e-07	E
6	13.8661315649	1.05192e+06	ENSP00000369319-uc002asq.2-uc002asr.2, ENSP00000383191-uc002zhg.2-uc002zhk.2, ENSP00000441202-uc001zcs.2-uc001zcr.2, ENSP00000452120-uc001shh.2-uc001shg.2	9.50638887798e-07	E
2	13.8537406875	1.03897e+06	ENSP00000300584-uc002bcy.3-uc010bla.2, ENSP00000366299-uc002ign.2-uc010czu.2, ENSP00000464052, ENSP00000469540-uc002omt.2-uc002oms.2	9.62491417709e-07	E
1	13.8455648344	1.03051e+06	ENSP00000336923-uc003ilf.2-uc003ili.2, ENSP00000411409, ENSP00000423228-uc003jlg.1-uc003jlb.1, ENSP00000441202-uc001zcs.2-uc001zcr.2	9.7039286266e-07	E
1	13.8295399852	1.01413e+06	ENSP00000248846-uc003bkb.1-uc010has.1, ENSP00000386797-uc002tob.1-uc002toa.1, ENSP00000464052, ENSP00000474435-uc002hjr.2-uc010wcj.1	9.86068526519e-07	E
1	13.8266176974	1.01117e+06	ENSP00000343405-uc001jux.2-uc010qkq.1, ENSP00000377643-uc002hun.1-uc002huk.1, ENSP00000411409, ENSP00000441202-uc001zcs.2-uc001zcr.2	9.88954317049e-07	E
1	13.8234198117	1.00794e+06	ENSP00000360187, ENSP00000374359-uc003eiv.2-uc003eix.2, ENSP00000441202-uc001zcs.2-uc001zcr.2, ENSP00000450613-uc010fyv.2-uc002vxp.3	9.92121942119e-07	E
3	13.8234198117	1.00794e+06	ENSP00000218089, ENSP00000374359-uc003eiv.2-uc003eix.2, ENSP00000441202-uc001zcs.2-uc001zcr.2, ENSP00000450613-uc010fyv.2-uc002vxp.3	9.92121942119e-07	E
1	13.8162297427	1.00072e+06	ENSP00000378438-uc002azq.3-uc002azr.3, ENSP00000411409, ENSP00000429865, ENSP00000469540-uc002omt.2-uc002oms.2	9.99281073799e-07	E
1	13.7935666096	978295	ENSP00000359819-uc004eyb.2-uc010nrv.2, ENSP00000375051-uc001chn.2-uc001chp.2, ENSP00000464052, ENSP00000469540-uc002omt.2-uc002oms.2	1.02218648769e-06	E
3	13.7935666096	978295	ENSP00000225576, ENSP00000359819-uc004eyb.2-uc010nrv.2, ENSP00000375051-uc001chn.2-uc001chp.2, ENSP00000469540-uc002omt.2-uc002oms.2	1.02218648769e-06	E
3	13.7935666096	978295	ENSP00000265077, ENSP00000359819-uc004eyb.2-uc010nrv.2, ENSP00000375051-uc001chn.2-uc001chp.2, ENSP00000464052	1.02218648769e-06	E
4	13.7935666096	978295	ENSP00000265077, ENSP00000401470-uc003azu.2-uc003azr.2, ENSP00000429865, ENSP00000432787-uc003pzz.1-uc003pzw.1	1.02218648769e-06	E
1	13.7636463033	949458	ENSP00000295797-uc003fgs.2-uc003fgt.2, ENSP00000401514, ENSP00000411409, ENSP00000441202-uc001zcs.2-uc001zcr.2	1.05323276133e-06	E
1	13.7610074464	946956	ENSP00000237596-uc003hre.2-uc011cdg.1, ENSP00000401514, ENSP00000423228-uc003jlg.1-uc003jlb.1, ENSP00000441202-uc001zcs.2-uc001zcr.2	1.05601576231e-06	E
6	13.7542981925	940623	ENSP00000367064, ENSP00000378548-uc010apj.2-uc001xed.2, ENSP00000379350-uc001iwt.3-uc001iwr.3, ENSP00000409493	1.0631246612e-06	E
1	13.747584426	934329	ENSP00000326534-uc001zpc.2-uc001zpb.2, ENSP00000374359-uc003eiv.2-uc003eix.2, ENSP00000411409, ENSP00000441202-uc001zcs.2-uc001zcr.2	1.07028624558e-06	E
1	13.747584426	934329	ENSP00000261531-uc001xuf.2-uc010asu.2, ENSP00000360199, ENSP00000411409, ENSP00000441202-uc001zcs.2-uc001zcr.2	1.07028624558e-06	E
1	13.7439884032	930976	ENSP00000248846-uc003bkb.1-uc010has.1, ENSP00000347665, ENSP00000383191-uc002zhg.2-uc002zhk.2, ENSP00000464052	1.07414194777e-06	E
1	13.7439884032	930976	ENSP00000225576, ENSP00000248846-uc003bkb.1-uc010has.1, ENSP00000265077, ENSP00000362298-uc001jrm.2-uc009xqk.2	1.07414194777e-06	E
6	13.7439884032	930976	ENSP00000248846-uc003bkb.1-uc010has.1, ENSP00000354897, ENSP00000383191-uc002zhg.2-uc002zhk.2, ENSP00000464052	1.07414194777e-06	E
6	13.7435868808	930602	ENSP00000311429-uc002aqb.2-uc010bhv.2, ENSP00000368800-uc010cdu.2-uc002ept.2, ENSP00000408342-uc002mkd.2-uc002mkc.2, ENSP00000441202-uc001zcs.2-uc001zcr.2	1.07457332646e-06	E
4	13.7246722935	913165	ENSP00000367064, ENSP00000378548-uc010apj.2-uc001xed.2, ENSP00000379350-uc001iwt.3-uc001iwr.3, ENSP00000423228-uc003jlg.1-uc003jlb.1	1.09509187569e-06	E
2	13.7097655417	899654	ENSP00000225576, ENSP00000342263-uc003cbm.2-uc003cbl.3, ENSP00000346065-uc003oyj.2-uc010jze.2, ENSP00000369081-uc003mxv.2-uc010jnz.2	1.11153841611e-06	E
1	13.7096693628	899567	ENSP00000260570-uc002rku.2-uc010ezb.2, ENSP00000265870-uc001joi.2-uc010qiy.1, ENSP00000377643-uc002hun.1-uc002huk.1, ENSP00000441202-uc001zcs.2-uc001zcr.2	1.11164532779e-06	E
1	13.7096693628	899567	ENSP00000230901-uc003lcg.2-uc011cyl.1, ENSP00000326804-uc003wey.2-uc003wez.2, ENSP00000377643-uc002hun.1-uc002huk.1, ENSP00000441202-uc001zcs.2-uc001zcr.2	1.11164532779e-06	E
2	13.6882456467	880500	ENSP00000273359-uc003dyk.3-uc011bhq.1, ENSP00000366299-uc002ign.2-uc010czu.2, ENSP00000411409, ENSP00000441202-uc001zcs.2-uc001zcr.2	1.13571784236e-06	E
2	13.6668505733	861862	ENSP00000225576, ENSP00000342263-uc003cbm.2-uc003cbl.3, ENSP00000356849-uc001gdt.1-uc010plf.1, ENSP00000408342-uc002mkd.2-uc002mkc.2	1.16027840963e-06	E
4	13.6668505733	861862	ENSP00000225576, ENSP00000255121-uc001coj.1-uc001coi.1, ENSP00000342263-uc003cbm.2-uc003cbl.3, ENSP00000356849-uc001gdt.1-uc010plf.1	1.16027840963e-06	E
1	13.6649269693	860206	ENSP00000263980-uc001bnm.2-uc001bnl.2, ENSP00000415793, ENSP00000441202-uc001zcs.2-uc001zcr.2, ENSP00000472749-uc010noz.2-uc004elo.3	1.16251247391e-06	E
1	13.6648061547	860102	ENSP00000225576, ENSP00000342263-uc003cbm.2-uc003cbl.3, ENSP00000355183, ENSP00000369081-uc003mxv.2-uc010jnz.2	1.1626529309e-06	E
5	13.6648061547	860102	ENSP00000225576, ENSP00000342263-uc003cbm.2-uc003cbl.3, ENSP00000354897, ENSP00000369081-uc003mxv.2-uc010jnz.2	1.1626529309e-06	E
4	13.6648061547	860102	ENSP00000225576, ENSP00000342263-uc003cbm.2-uc003cbl.3, ENSP00000354529, ENSP00000369081-uc003mxv.2-uc010jnz.2	1.1626529309e-06	E
3	13.6648061547	860102	ENSP00000342263-uc003cbm.2-uc003cbl.3, ENSP00000352798, ENSP00000369081-uc003mxv.2-uc010jnz.2, ENSP00000464052	1.1626529309e-06	E
1	13.6648061547	860102	ENSP00000225576, ENSP00000342263-uc003cbm.2-uc003cbl.3, ENSP00000369081-uc003mxv.2-uc010jnz.2, ENSP00000380891	1.1626529309e-06	E
1	13.6648061547	860102	ENSP00000225576, ENSP00000340626, ENSP00000342263-uc003cbm.2-uc003cbl.3, ENSP00000369081-uc003mxv.2-uc010jnz.2	1.1626529309e-06	E
1	13.6584976821	854693	ENSP00000225388-uc002hdy.3-uc002hdx.3, ENSP00000386797-uc002tob.1-uc002toa.1, ENSP00000435697-uc003yyv.2-uc011lki.1, ENSP00000441202-uc001zcs.2-uc001zcr.2	1.17001067875e-06	E
7	13.6243153887	825971	ENSP00000265000-uc003isz.3-uc011ckb.1, ENSP00000280700-uc003cdl.2-uc003cdk.2, ENSP00000377643-uc002hun.1-uc002huk.1, ENSP00000441202-uc001zcs.2-uc001zcr.2	1.2106957196e-06	E
2	13.6025814695	808213	ENSP00000225576, ENSP00000264346-uc011cdi.1-uc011cdl.1, ENSP00000359245, ENSP00000366506-uc003mdc.3-uc003mdd.2	1.23729690955e-06	E
13	13.6010067121	806942	ENSP00000271588, ENSP00000347444-uc004axj.2-uc011luy.1, ENSP00000378548-uc010apj.2-uc001xed.2, ENSP00000379353-uc001rfo.3-uc009zix.2	1.23924688689e-06	E
5	13.6001484132	806249	ENSP00000225576, ENSP00000359245, ENSP00000374359-uc003eiv.2-uc003eix.2, ENSP00000437271-uc001njs.2-uc001njp.2	1.24031098782e-06	E
2	13.6000090524	806137	ENSP00000316924-uc002wub.2-uc010gdc.2, ENSP00000358450-uc001ehg.2-uc001ehf.2, ENSP00000401514, ENSP00000441202-uc001zcs.2-uc001zcr.2	1.24048385051e-06	E
1	13.5893874835	797620	ENSP00000253024-uc002qtg.1-uc002qth.1, ENSP00000408342-uc002mkd.2-uc002mkc.2, ENSP00000464052, ENSP00000469540-uc002omt.2-uc002oms.2	1.2537299579e-06	E
2	13.5749518372	786188	ENSP00000248846-uc003bkb.1-uc010has.1, ENSP00000383191-uc002zhg.2-uc002zhk.2, ENSP00000429286-uc003xun.2-uc003xum.2, ENSP00000464052	1.27195962214e-06	E
1	13.5727964889	784496	ENSP00000322323-uc003sip.2-uc011jvn.1, ENSP00000366299-uc002ign.2-uc010czu.2, ENSP00000386797-uc002tob.1-uc002toa.1, ENSP00000441202-uc001zcs.2-uc001zcr.2	1.27470409466e-06	E
2	13.5704039452	782621	ENSP00000252999, ENSP00000366299-uc002ign.2-uc010czu.2, ENSP00000377617-uc002skk.2-uc010yrp.1, ENSP00000464052	1.27775753126e-06	E
1	13.5639108296	777556	ENSP00000335652, ENSP00000357110-uc003qch.2-uc003qcd.1, ENSP00000401514, ENSP00000441202-uc001zcs.2-uc001zcr.2	1.28608115245e-06	E
1	13.548097967	765357	ENSP00000242209-uc003tdh.2-uc011kam.1, ENSP00000360202, ENSP00000415793, ENSP00000441202-uc001zcs.2-uc001zcr.2	1.306579418e-06	E
1	13.548097967	765357	ENSP00000347665, ENSP00000370074-uc003mug.2-uc003muf.2, ENSP00000377643-uc002hun.1-uc002huk.1, ENSP00000441202-uc001zcs.2-uc001zcr.2	1.306579418e-06	E
1	13.5433752728	761751	ENSP00000313854-uc003jch.2-uc003jcg.2, ENSP00000366299-uc002ign.2-uc010czu.2, ENSP00000464052, ENSP00000469540-uc002omt.2-uc002oms.2	1.31276458691e-06	E
1	13.5433752728	761751	ENSP00000225576, ENSP00000355929-uc001hjz.2-uc010ptq.1, ENSP00000366299-uc002ign.2-uc010czu.2, ENSP00000469540-uc002omt.2-uc002oms.2	1.31276458691e-06	E
1	13.5433752728	761751	ENSP00000366299-uc002ign.2-uc010czu.2, ENSP00000400175-uc003cwu.2-uc010hku.2, ENSP00000429865, ENSP00000469540-uc002omt.2-uc002oms.2	1.31276458691e-06	E
1	13.5433752728	761751	ENSP00000308622-uc004bvj.2-uc010myd.2, ENSP00000366299-uc002ign.2-uc010czu.2, ENSP00000464052, ENSP00000469540-uc002omt.2-uc002oms.2	1.31276458691e-06	E
1	13.5433752728	761751	ENSP00000306340-uc011cbp.1-uc003hiq.2, ENSP00000366299-uc002ign.2-uc010czu.2, ENSP00000464052, ENSP00000469540-uc002omt.2-uc002oms.2	1.31276458691e-06	E
1	13.5433752728	761751	ENSP00000225576, ENSP00000279068-uc010gjy.1-uc010zzz.1, ENSP00000366299-uc002ign.2-uc010czu.2, ENSP00000469540-uc002omt.2-uc002oms.2	1.31276458691e-06	E
1	13.5433752728	761751	ENSP00000261292-uc002ldv.2-uc010xdh.1, ENSP00000366299-uc002ign.2-uc010czu.2, ENSP00000464052, ENSP00000469540-uc002omt.2-uc002oms.2	1.31276458691e-06	E
1	13.5433752728	761751	ENSP00000306340-uc011cbp.1-uc003hiq.2, ENSP00000366299-uc002ign.2-uc010czu.2, ENSP00000429865, ENSP00000469540-uc002omt.2-uc002oms.2	1.31276458691e-06	E
3	13.5388869215	758340	ENSP00000367868-uc001imo.3-uc001imn.2, ENSP00000369319-uc002asq.2-uc002asr.2, ENSP00000378438-uc002azq.3-uc002azr.3, ENSP00000384797	1.31866997833e-06	E
1	13.5254044417	748184	ENSP00000222145-uc002pki.2-uc002pkh.2, ENSP00000225576, ENSP00000261173-uc001tbh.2-uc009zsr.2, ENSP00000429286-uc003xun.2-uc003xum.2	1.33656931222e-06	E
3	13.5073627025	734807	ENSP00000353533-uc003eil.2-uc011bkh.1, ENSP00000386797-uc002tob.1-uc002toa.1, ENSP00000401514, ENSP00000441202-uc001zcs.2-uc001zcr.2	1.36090219091e-06	E
1	13.5073627025	734807	ENSP00000265742-uc003ulw.2-uc010lew.1, ENSP00000401514, ENSP00000423228-uc003jlg.1-uc003jlb.1, ENSP00000441202-uc001zcs.2-uc001zcr.2	1.36090219091e-06	E
1	13.5052282601	733240	ENSP00000263980-uc001bnm.2-uc001bnl.2, ENSP00000359245, ENSP00000429865, ENSP00000432787-uc003pzz.1-uc003pzw.1	1.36381006041e-06	E
1	13.4902952686	722372	ENSP00000260382-uc002asw.2-uc002asz.2, ENSP00000292616-uc003uzn.2-uc003uzo.2, ENSP00000392264-uc010rre.1-uc009yth.2, ENSP00000429865	1.38432864511e-06	E
5	13.4902952686	722372	ENSP00000225576, ENSP00000258962-uc002ivi.2-uc002ivj.2, ENSP00000292616-uc003uzn.2-uc003uzo.2, ENSP00000392264-uc010rre.1-uc009yth.2	1.38432864511e-06	E
12	13.4885724805	721128	ENSP00000264381-uc003fem.3-uc003fen.3, ENSP00000344223-uc002fhi.2-uc002fhh.2, ENSP00000386797-uc002tob.1-uc002toa.1, ENSP00000441202-uc001zcs.2-uc001zcr.2	1.38671560555e-06	E
1	13.4793574213	714514	ENSP00000225576, ENSP00000248846-uc003bkb.1-uc010has.1, ENSP00000263634-uc002rxg.1-uc002rxf.1, ENSP00000347942-uc001jal.2-uc010qez.1	1.39955333132e-06	E
1	13.4793574213	714514	ENSP00000248846-uc003bkb.1-uc010has.1, ENSP00000263634-uc002rxg.1-uc002rxf.1, ENSP00000347942-uc001jal.2-uc010qez.1, ENSP00000464052	1.39955333132e-06	E
3	13.4583507252	699661	ENSP00000218089, ENSP00000369081-uc003mxv.2-uc010jnz.2, ENSP00000441202-uc001zcs.2-uc001zcr.2, ENSP00000457354-uc002fhe.2-uc002fhd.2	1.42926429479e-06	E
1	13.4583507252	699661	ENSP00000218089, ENSP00000264501, ENSP00000369081-uc003mxv.2-uc010jnz.2, ENSP00000441202-uc001zcs.2-uc001zcr.2	1.42926429479e-06	E
1	13.4583507252	699661	ENSP00000352798, ENSP00000369081-uc003mxv.2-uc010jnz.2, ENSP00000401514, ENSP00000441202-uc001zcs.2-uc001zcr.2	1.42926429479e-06	E
1	13.4517268814	695042	ENSP00000352288-uc003bkv.3-uc003bkt.1, ENSP00000379353-uc001rfo.3-uc009zix.2, ENSP00000411409, ENSP00000441202-uc001zcs.2-uc001zcr.2	1.43876294237e-06	E
1	13.4517268814	695042	ENSP00000378322-uc003hvu.2-uc010ilk.2, ENSP00000411409, ENSP00000415793, ENSP00000441202-uc001zcs.2-uc001zcr.2	1.43876294237e-06	E
1	13.4495210097	693510	ENSP00000222145-uc002pki.2-uc002pkh.2, ENSP00000261173-uc001tbh.2-uc009zsr.2, ENSP00000262518, ENSP00000464052	1.44194017178e-06	E
1	13.4469210113	691709	ENSP00000263980-uc001bnm.2-uc001bnl.2, ENSP00000377643-uc002hun.1-uc002huk.1, ENSP00000411409, ENSP00000441202-uc001zcs.2-uc001zcr.2	1.44569409198e-06	E
1	13.4292542588	679596	ENSP00000360187, ENSP00000371535-uc003grg.2-uc003grh.2, ENSP00000374359-uc003eiv.2-uc003eix.2, ENSP00000441202-uc001zcs.2-uc001zcr.2	1.47146175685e-06	E
1	13.4279006138	678677	ENSP00000252999, ENSP00000290866-uc002jau.1-uc002jav.1, ENSP00000366299-uc002ign.2-uc010czu.2, ENSP00000464052	1.4734549425e-06	E
1	13.42534372	676944	ENSP00000225576, ENSP00000248846-uc003bkb.1-uc010has.1, ENSP00000340062, ENSP00000400113-uc001mpi.2-uc001mpj.2	1.47722723097e-06	E
7	13.4054223624	663592	ENSP00000225576, ENSP00000256649-uc001egz.2-uc001eha.2, ENSP00000359245, ENSP00000369431-uc003zqc.2-uc003zqb.2	1.50695068564e-06	E
1	13.3997315529	659826	ENSP00000252999, ENSP00000260649-uc002ruc.3-uc002rue.3, ENSP00000347942-uc001jal.2-uc010qez.1, ENSP00000429865	1.51555090281e-06	E
1	13.3951473825	656808	ENSP00000252999, ENSP00000429865, ENSP00000440926-uc003xfp.1-uc003xfq.1, ENSP00000467423-uc002mcg.2-uc010xiu.1	1.52251439511e-06	E
1	13.3917132399	654557	ENSP00000207457-uc001bzr.2-uc001bzs.2, ENSP00000343405-uc001jux.2-uc010qkq.1, ENSP00000411409, ENSP00000441202-uc001zcs.2-uc001zcr.2	1.52775191466e-06	E
2	13.3780185684	645654	ENSP00000292616-uc003uzn.2-uc003uzo.2, ENSP00000329867-uc001ouw.2-uc001oux.2, ENSP00000342263-uc003cbm.2-uc003cbl.3, ENSP00000429865	1.54881789185e-06	E
7	13.3780185684	645654	ENSP00000225576, ENSP00000264346-uc011cdi.1-uc011cdl.1, ENSP00000375051-uc001chn.2-uc001chp.2, ENSP00000469540-uc002omt.2-uc002oms.2	1.54881789185e-06	E
1	13.3780185684	645654	ENSP00000340062, ENSP00000378322-uc003hvu.2-uc010ilk.2, ENSP00000429865, ENSP00000432787-uc003pzz.1-uc003pzw.1	1.54881789185e-06	E
1	13.3780185684	645654	ENSP00000225576, ENSP00000251241-uc002ixn.1-uc010wof.1, ENSP00000265077, ENSP00000335652	1.54881789185e-06	E
2	13.3780185684	645654	ENSP00000264346-uc011cdi.1-uc011cdl.1, ENSP00000375051-uc001chn.2-uc001chp.2, ENSP00000429865, ENSP00000469540-uc002omt.2-uc002oms.2	1.54881789185e-06	E
3	13.3780185684	645654	ENSP00000225576, ENSP00000251241-uc002ixn.1-uc010wof.1, ENSP00000265077, ENSP00000344666	1.54881789185e-06	E
3	13.3780185684	645654	ENSP00000225576, ENSP00000292616-uc003uzn.2-uc003uzo.2, ENSP00000329867-uc001ouw.2-uc001oux.2, ENSP00000340062	1.54881789185e-06	E
1	13.3733983124	642677	ENSP00000295373-uc002rrf.2-uc002rrd.3, ENSP00000318775-uc003gro.2-uc003grp.2, ENSP00000377643-uc002hun.1-uc002huk.1, ENSP00000441202-uc001zcs.2-uc001zcr.2	1.55599038359e-06	E
2	13.3719357503	641738	ENSP00000347665, ENSP00000383191-uc002zhg.2-uc002zhk.2, ENSP00000386797-uc002tob.1-uc002toa.1, ENSP00000441202-uc001zcs.2-uc001zcr.2	1.55826778117e-06	E
2	13.3635893988	636404	ENSP00000248846-uc003bkb.1-uc010has.1, ENSP00000340062, ENSP00000375809-uc002pbj.2-uc002pbi.2, ENSP00000464052	1.57132805889e-06	E
1	13.3635893988	636404	ENSP00000303147-uc002spr.2-uc010fgk.2, ENSP00000366299-uc002ign.2-uc010czu.2, ENSP00000464052, ENSP00000469540-uc002omt.2-uc002oms.2	1.57132805889e-06	E
1	13.3590477538	633521	ENSP00000019103-uc002tma.2-uc002tlz.2, ENSP00000298281, ENSP00000383401-uc002kod.1-uc002kof.2, ENSP00000441202-uc001zcs.2-uc001zcr.2	1.57848070326e-06	E
1	13.3505837022	628181	ENSP00000298281, ENSP00000377643-uc002hun.1-uc002huk.1, ENSP00000441202-uc001zcs.2-uc001zcr.2, ENSP00000450613-uc010fyv.2-uc002vxp.3	1.59189774651e-06	E
1	13.3453032356	624873	ENSP00000225576, ENSP00000347416-uc002lva.2-uc010dsv.2, ENSP00000366299-uc002ign.2-uc010czu.2, ENSP00000408342-uc002mkd.2-uc002mkc.2	1.60032594224e-06	E
1	13.3347392106	618306	ENSP00000257548-uc010sxi.1-uc001tnw.3, ENSP00000374359-uc003eiv.2-uc003eix.2, ENSP00000411409, ENSP00000441202-uc001zcs.2-uc001zcr.2	1.61732143777e-06	E
2	13.3314187769	616257	ENSP00000360186, ENSP00000374359-uc003eiv.2-uc003eix.2, ENSP00000429865, ENSP00000463916-uc001etp.2-uc001etq.2	1.62270057205e-06	E
1	13.324139889	611787	ENSP00000247178-uc001xbx.1-uc001xbw.1, ENSP00000340062, ENSP00000401470-uc003azu.2-uc003azr.2, ENSP00000429865	1.63455511915e-06	E
6	13.324139889	611787	ENSP00000247178-uc001xbx.1-uc001xbw.1, ENSP00000265077, ENSP00000401470-uc003azu.2-uc003azr.2, ENSP00000429865	1.63455511915e-06	E
1	13.3151396063	606306	ENSP00000347444-uc004axj.2-uc011luy.1, ENSP00000367064, ENSP00000378548-uc010apj.2-uc001xed.2, ENSP00000379353-uc001rfo.3-uc009zix.2	1.6493329801e-06	E
1	13.3082216685	602126	ENSP00000252999, ENSP00000383191-uc002zhg.2-uc002zhk.2, ENSP00000384164-uc010gci.1-uc002wpg.1, ENSP00000429865	1.66078252089e-06	E
2	13.3030315688	599009	ENSP00000362298-uc001jrm.2-uc009xqk.2, ENSP00000379154-uc001jap.1-uc001jao.1, ENSP00000408342-uc002mkd.2-uc002mkc.2, ENSP00000429865	1.66942455485e-06	E
1	13.3030315688	599009	ENSP00000225576, ENSP00000379154-uc001jap.1-uc001jao.1, ENSP00000383191-uc002zhg.2-uc002zhk.2, ENSP00000408342-uc002mkd.2-uc002mkc.2	1.66942455485e-06	E
1	13.3030315688	599009	ENSP00000340062, ENSP00000362298-uc001jrm.2-uc009xqk.2, ENSP00000408342-uc002mkd.2-uc002mkc.2, ENSP00000429865	1.66942455485e-06	E
1	13.3030315688	599009	ENSP00000383191-uc002zhg.2-uc002zhk.2, ENSP00000393596, ENSP00000408342-uc002mkd.2-uc002mkc.2, ENSP00000429865	1.66942455485e-06	E
1	13.3030315688	599009	ENSP00000383191-uc002zhg.2-uc002zhk.2, ENSP00000393596, ENSP00000408342-uc002mkd.2-uc002mkc.2, ENSP00000464052	1.66942455485e-06	E
2	13.2649565577	576630	ENSP00000248846-uc003bkb.1-uc010has.1, ENSP00000359050-uc009xwy.1-uc009xwx.1, ENSP00000386797-uc002tob.1-uc002toa.1, ENSP00000429865	1.73421350648e-06	E
1	13.263423496	575747	ENSP00000248846-uc003bkb.1-uc010has.1, ENSP00000335652, ENSP00000357110-uc003qch.2-uc003qcd.1, ENSP00000464052	1.7368742019e-06	E
1	13.2558376648	571396	ENSP00000223357-uc003tkb.2-uc003tkd.2, ENSP00000377643-uc002hun.1-uc002huk.1, ENSP00000441202-uc001zcs.2-uc001zcr.2, ENSP00000457354-uc002fhe.2-uc002fhd.2	1.75009993705e-06	E
1	13.2413057704	563153	ENSP00000264669-uc003jeb.2-uc003jec.2, ENSP00000321330-uc002qys.2-uc002qyt.2, ENSP00000411409, ENSP00000441202-uc001zcs.2-uc001zcr.2	1.77571789233e-06	E
1	13.2217260882	552233	ENSP00000362608-uc003onk.2-uc011dtw.1, ENSP00000366299-uc002ign.2-uc010czu.2, ENSP00000464052, ENSP00000469540-uc002omt.2-uc002oms.2	1.8108284899e-06	E
1	13.2080743439	544746	ENSP00000255121-uc001coj.1-uc001coi.1, ENSP00000400113-uc001mpi.2-uc001mpj.2, ENSP00000464052, ENSP00000469540-uc002omt.2-uc002oms.2	1.83571897008e-06	E
1	13.2014287419	541138	ENSP00000314420-uc002gkd.2-uc010cns.2, ENSP00000367868-uc001imo.3-uc001imn.2, ENSP00000369319-uc002asq.2-uc002asr.2, ENSP00000384797	1.84795905397e-06	E
1	13.2014287419	541138	ENSP00000314420-uc002gkd.2-uc010cns.2, ENSP00000354897, ENSP00000367868-uc001imo.3-uc001imn.2, ENSP00000369319-uc002asq.2-uc002asr.2	1.84795905397e-06	E
1	13.2014287419	541138	ENSP00000314420-uc002gkd.2-uc010cns.2, ENSP00000355183, ENSP00000367868-uc001imo.3-uc001imn.2, ENSP00000369319-uc002asq.2-uc002asr.2	1.84795905397e-06	E
1	13.184919927	532277	ENSP00000324842-uc001uhc.2-uc009zyh.2, ENSP00000408342-uc002mkd.2-uc002mkc.2, ENSP00000429286-uc003xun.2-uc003xum.2, ENSP00000429865	1.87871988171e-06	E
1	13.1830153534	531265	ENSP00000184956-uc002iyk.1-uc010ddk.1, ENSP00000298281, ENSP00000366299-uc002ign.2-uc010czu.2, ENSP00000441202-uc001zcs.2-uc001zcr.2	1.88230145168e-06	E
1	13.148882347	513437	ENSP00000262144-uc002fdh.1-uc002fdf.1, ENSP00000364448-uc001vup.2-uc001vut.2, ENSP00000377643-uc002hun.1-uc002huk.1, ENSP00000441202-uc001zcs.2-uc001zcr.2	1.94765914098e-06	E
2	13.1467856288	512361	ENSP00000255121-uc001coj.1-uc001coi.1, ENSP00000300432-uc004bsu.2-uc011mao.1, ENSP00000383191-uc002zhg.2-uc002zhk.2, ENSP00000464052	1.95174711758e-06	E
1	13.1467856288	512361	ENSP00000261047-uc003dxj.2-uc003dxk.2, ENSP00000383191-uc002zhg.2-uc002zhk.2, ENSP00000408342-uc002mkd.2-uc002mkc.2, ENSP00000464052	1.95174711758e-06	E
2	13.1467856288	512361	ENSP00000347942-uc001jal.2-uc010qez.1, ENSP00000351627-uc002ozp.3-uc002ozo.3, ENSP00000383191-uc002zhg.2-uc002zhk.2, ENSP00000429865	1.95174711758e-06	E
1	13.1465121717	512221	ENSP00000340062, ENSP00000359245, ENSP00000422464-uc003iph.1-uc011cir.1, ENSP00000464052	1.95228090967e-06	E
1	13.134896105	506306	ENSP00000347445-uc002cwl.2-uc010uxk.1, ENSP00000366299-uc002ign.2-uc010czu.2, ENSP00000386797-uc002tob.1-uc002toa.1, ENSP00000441202-uc001zcs.2-uc001zcr.2	1.97509095986e-06	E
1	13.1332171788	505456	ENSP00000359245, ENSP00000386797-uc002tob.1-uc002toa.1, ENSP00000417509-uc003die.3-uc003dib.3, ENSP00000464052	1.97840977719e-06	E
4	13.1270054037	502326	ENSP00000253490-uc003mdk.2-uc010jjy.1, ENSP00000316426-uc002hqi.3-uc010cvn.1, ENSP00000347942-uc001jal.2-uc010qez.1, ENSP00000429865	1.99073746248e-06	E
4	13.1190801844	498361	ENSP00000344772-uc001apy.2-uc001apz.2, ENSP00000367064, ENSP00000378548-uc010apj.2-uc001xed.2, ENSP00000379350-uc001iwt.3-uc001iwr.3	2.0065771771e-06	E
4	13.1190801844	498361	ENSP00000360187, ENSP00000367064, ENSP00000378548-uc010apj.2-uc001xed.2, ENSP00000379350-uc001iwt.3-uc001iwr.3	2.0065771771e-06	E
3	13.1190801844	498361	ENSP00000305483-uc001ifc.1-uc001ifd.1, ENSP00000367064, ENSP00000378548-uc010apj.2-uc001xed.2, ENSP00000379350-uc001iwt.3-uc001iwr.3	2.0065771771e-06	E
1	13.110606125	494156	ENSP00000308344-uc002jbc.2-uc010wpn.1, ENSP00000344666, ENSP00000379353-uc001rfo.3-uc009zix.2, ENSP00000441202-uc001zcs.2-uc001zcr.2	2.02365328122e-06	E
2	13.110606125	494156	ENSP00000019103-uc002tma.2-uc002tlz.2, ENSP00000377643-uc002hun.1-uc002huk.1, ENSP00000441202-uc001zcs.2-uc001zcr.2, ENSP00000474435-uc002hjr.2-uc010wcj.1	2.02365328122e-06	E
1	13.110606125	494156	ENSP00000374359-uc003eiv.2-uc003eix.2, ENSP00000377643-uc002hun.1-uc002huk.1, ENSP00000416097-uc011maw.1-uc010mxw.2, ENSP00000441202-uc001zcs.2-uc001zcr.2	2.02365328122e-06	E
1	13.110606125	494156	ENSP00000347665, ENSP00000365757-uc001irl.3-uc010qcu.1, ENSP00000377643-uc002hun.1-uc002huk.1, ENSP00000441202-uc001zcs.2-uc001zcr.2	2.02365328122e-06	E
1	13.1010916832	489476	ENSP00000019103-uc002tma.2-uc002tlz.2, ENSP00000377643-uc002hun.1-uc002huk.1, ENSP00000399584-uc004csx.3-uc010ndt.2, ENSP00000441202-uc001zcs.2-uc001zcr.2	2.04299909893e-06	E
1	13.1010916832	489476	ENSP00000019103-uc002tma.2-uc002tlz.2, ENSP00000267836-uc001zwj.3-uc001zwh.3, ENSP00000377643-uc002hun.1-uc002huk.1, ENSP00000441202-uc001zcs.2-uc001zcr.2	2.04299909893e-06	E
1	13.0959199311	486952	ENSP00000225576, ENSP00000248846-uc003bkb.1-uc010has.1, ENSP00000347942-uc001jal.2-uc010qez.1, ENSP00000356849-uc001gdt.1-uc010plf.1	2.05359235306e-06	E
1	13.0865817976	482426	ENSP00000360186, ENSP00000365757-uc001irl.3-uc010qcu.1, ENSP00000411409, ENSP00000441202-uc001zcs.2-uc001zcr.2	2.07285888934e-06	E
1	13.0865817976	482426	ENSP00000362608-uc003onk.2-uc011dtw.1, ENSP00000374359-uc003eiv.2-uc003eix.2, ENSP00000411409, ENSP00000441202-uc001zcs.2-uc001zcr.2	2.07285888934e-06	E
1	13.0860871494	482187	ENSP00000221200-uc003xeo.2-uc011lad.1, ENSP00000347665, ENSP00000377643-uc002hun.1-uc002huk.1, ENSP00000441202-uc001zcs.2-uc001zcr.2	2.07388447886e-06	E
1	13.0860871494	482187	ENSP00000356155-uc001haw.2-uc010pqv.1, ENSP00000360202, ENSP00000415793, ENSP00000441202-uc001zcs.2-uc001zcr.2	2.07388447886e-06	E
1	13.0823065725	480367	ENSP00000252999, ENSP00000347427-uc010vsl.1-uc010vsp.1, ENSP00000429865, ENSP00000467423-uc002mcg.2-uc010xiu.1	2.08173979813e-06	E
1	13.0784717731	478529	ENSP00000361009-uc002xtw.1-uc002xtv.1, ENSP00000401514, ENSP00000411409, ENSP00000441202-uc001zcs.2-uc001zcr.2	2.08973817894e-06	E
1	13.0730207013	475927	ENSP00000290866-uc002jau.1-uc002jav.1, ENSP00000366299-uc002ign.2-uc010czu.2, ENSP00000374359-uc003eiv.2-uc003eix.2, ENSP00000441202-uc001zcs.2-uc001zcr.2	2.1011605956e-06	E
1	13.0702835792	474627	ENSP00000348359-uc001ptt.2-uc009zai.1, ENSP00000366299-uc002ign.2-uc010czu.2, ENSP00000386797-uc002tob.1-uc002toa.1, ENSP00000441202-uc001zcs.2-uc001zcr.2	2.10691960667e-06	E
1	13.0702835792	474627	ENSP00000248846-uc003bkb.1-uc010has.1, ENSP00000386797-uc002tob.1-uc002toa.1, ENSP00000400717-uc002jfc.2-uc010wqh.1, ENSP00000441202-uc001zcs.2-uc001zcr.2	2.10691960667e-06	E
3	13.0702835792	474627	ENSP00000346643-uc001jpf.3-uc009xqb.2, ENSP00000366299-uc002ign.2-uc010czu.2, ENSP00000386797-uc002tob.1-uc002toa.1, ENSP00000441202-uc001zcs.2-uc001zcr.2	2.10691960667e-06	E
2	13.0686077281	473832	ENSP00000252999, ENSP00000366299-uc002ign.2-uc010czu.2, ENSP00000382034-uc003obw.2-uc010juc.1, ENSP00000464052	2.11045345051e-06	E
1	13.0686077281	473832	ENSP00000252999, ENSP00000349174-uc003hwc.2-uc003hwa.1, ENSP00000366299-uc002ign.2-uc010czu.2, ENSP00000464052	2.11045345051e-06	E
1	13.0539508736	466938	ENSP00000356849-uc001gdt.1-uc010plf.1, ENSP00000359245, ENSP00000374359-uc003eiv.2-uc003eix.2, ENSP00000429865	2.14161385865e-06	E
2	13.0539508736	466938	ENSP00000356849-uc001gdt.1-uc010plf.1, ENSP00000432787-uc003pzz.1-uc003pzw.1, ENSP00000464052, ENSP00000472749-uc010noz.2-uc004elo.3	2.14161385865e-06	E
1	13.0484050208	464355	ENSP00000289407-uc003vop.1-uc003voq.1, ENSP00000366299-uc002ign.2-uc010czu.2, ENSP00000429865, ENSP00000469540-uc002omt.2-uc002oms.2	2.1535239291e-06	E
1	13.0484050208	464355	ENSP00000366299-uc002ign.2-uc010czu.2, ENSP00000414786-uc003yen.2-uc003yeo.2, ENSP00000429865, ENSP00000469540-uc002omt.2-uc002oms.2	2.1535239291e-06	E
1	13.0484050208	464355	ENSP00000347427-uc010vsl.1-uc010vsp.1, ENSP00000366299-uc002ign.2-uc010czu.2, ENSP00000429865, ENSP00000469540-uc002omt.2-uc002oms.2	2.1535239291e-06	E
1	13.0484050208	464355	ENSP00000366299-uc002ign.2-uc010czu.2, ENSP00000414786-uc003yen.2-uc003yeo.2, ENSP00000464052, ENSP00000469540-uc002omt.2-uc002oms.2	2.1535239291e-06	E
1	13.0484050208	464355	ENSP00000225576, ENSP00000366299-uc002ign.2-uc010czu.2, ENSP00000414786-uc003yen.2-uc003yeo.2, ENSP00000469540-uc002omt.2-uc002oms.2	2.1535239291e-06	E
1	13.0484050208	464355	ENSP00000225576, ENSP00000347427-uc010vsl.1-uc010vsp.1, ENSP00000366299-uc002ign.2-uc010czu.2, ENSP00000469540-uc002omt.2-uc002oms.2	2.1535239291e-06	E
1	13.0484050208	464355	ENSP00000263238-uc002tkx.1-uc010yyd.1, ENSP00000366299-uc002ign.2-uc010czu.2, ENSP00000464052, ENSP00000469540-uc002omt.2-uc002oms.2	2.1535239291e-06	E
1	13.0484050208	464355	ENSP00000366299-uc002ign.2-uc010czu.2, ENSP00000377617-uc002skk.2-uc010yrp.1, ENSP00000464052, ENSP00000469540-uc002omt.2-uc002oms.2	2.1535239291e-06	E
1	13.0484050208	464355	ENSP00000323927-uc002hrg.2-uc010cvr.1, ENSP00000366299-uc002ign.2-uc010czu.2, ENSP00000429865, ENSP00000469540-uc002omt.2-uc002oms.2	2.1535239291e-06	E
1	13.0467991359	463610	ENSP00000268638-uc002fjh.2-uc010chp.2, ENSP00000344772-uc001apy.2-uc001apz.2, ENSP00000374359-uc003eiv.2-uc003eix.2, ENSP00000441202-uc001zcs.2-uc001zcr.2	2.15698501889e-06	E
2	13.0387148009	459877	ENSP00000218089, ENSP00000262679-uc001ctd.3-uc009vzb.2, ENSP00000374359-uc003eiv.2-uc003eix.2, ENSP00000441202-uc001zcs.2-uc001zcr.2	2.17449348512e-06	E
1	13.0387148009	459877	ENSP00000360199, ENSP00000374359-uc003eiv.2-uc003eix.2, ENSP00000416892-uc003auf.2-uc003auh.2, ENSP00000441202-uc001zcs.2-uc001zcr.2	2.17449348512e-06	E
1	13.0382172954	459648	ENSP00000225576, ENSP00000264346-uc011cdi.1-uc011cdl.1, ENSP00000359245, ENSP00000402515	2.17557557692e-06	E
2	13.0350388822	458190	ENSP00000359245, ENSP00000423485-uc010jgh.2-uc003lmh.3, ENSP00000432787-uc003pzz.1-uc003pzw.1, ENSP00000464052	2.18250145586e-06	E
3	13.0325115378	457033	ENSP00000225576, ENSP00000342263-uc003cbm.2-uc003cbl.3, ENSP00000374359-uc003eiv.2-uc003eix.2, ENSP00000386626-uc002tzd.3-uc010zch.1	2.18802436478e-06	E
1	13.0238564412	453095	ENSP00000225576, ENSP00000255121-uc001coj.1-uc001coi.1, ENSP00000342263-uc003cbm.2-uc003cbl.3, ENSP00000369081-uc003mxv.2-uc010jnz.2	2.20704411725e-06	E
5	13.0238564412	453095	ENSP00000225576, ENSP00000342263-uc003cbm.2-uc003cbl.3, ENSP00000369081-uc003mxv.2-uc010jnz.2, ENSP00000408342-uc002mkd.2-uc002mkc.2	2.20704411725e-06	E
1	13.0165660097	449803	ENSP00000293261-uc002pix.1-uc010xzo.1, ENSP00000408342-uc002mkd.2-uc002mkc.2, ENSP00000429286-uc003xun.2-uc003xum.2, ENSP00000464052	2.22319321665e-06	E
1	13.0157334324	449429	ENSP00000298281, ENSP00000401514, ENSP00000441202-uc001zcs.2-uc001zcr.2, ENSP00000473060-uc004fel.2-uc004fek.2	2.2250449675e-06	E
1	13.0130472591	448223	ENSP00000225576, ENSP00000367868-uc001imo.3-uc001imn.2, ENSP00000437271-uc001njs.2-uc001njp.2, ENSP00000469540-uc002omt.2-uc002oms.2	2.23102985852e-06	E
1	13.0130472591	448223	ENSP00000367868-uc001imo.3-uc001imn.2, ENSP00000437271-uc001njs.2-uc001njp.2, ENSP00000464052, ENSP00000469540-uc002omt.2-uc002oms.2	2.23102985852e-06	E
1	13.0107762695	447207	ENSP00000347444-uc004axj.2-uc011luy.1, ENSP00000378548-uc010apj.2-uc001xed.2, ENSP00000379353-uc001rfo.3-uc009zix.2, ENSP00000410545	2.23610226172e-06	E
4	13.0089994003	446413	ENSP00000356966-uc001fze.2-uc009wue.2, ENSP00000384998-uc010zoj.1-uc002wan.1, ENSP00000411409, ENSP00000441202-uc001zcs.2-uc001zcr.2	2.24007905512e-06	E
2	13.0068614142	445459	ENSP00000347665, ENSP00000429865, ENSP00000437271-uc001njs.2-uc001njp.2, ENSP00000469540-uc002omt.2-uc002oms.2	2.24487343626e-06	E
4	13.0068614142	445459	ENSP00000225576, ENSP00000360199, ENSP00000437271-uc001njs.2-uc001njp.2, ENSP00000469540-uc002omt.2-uc002oms.2	2.24487343626e-06	E
1	13.0068614142	445459	ENSP00000225576, ENSP00000360199, ENSP00000432787-uc003pzz.1-uc003pzw.1, ENSP00000437271-uc001njs.2-uc001njp.2	2.24487343626e-06	E
1	13.0068614142	445459	ENSP00000352798, ENSP00000429865, ENSP00000437271-uc001njs.2-uc001njp.2, ENSP00000469540-uc002omt.2-uc002oms.2	2.24487343626e-06	E
3	13.0068614142	445459	ENSP00000225576, ENSP00000360186, ENSP00000437271-uc001njs.2-uc001njp.2, ENSP00000469540-uc002omt.2-uc002oms.2	2.24487343626e-06	E
2	13.0068614142	445459	ENSP00000342263-uc003cbm.2-uc003cbl.3, ENSP00000429865, ENSP00000437271-uc001njs.2-uc001njp.2, ENSP00000469540-uc002omt.2-uc002oms.2	2.24487343626e-06	E
1	13.0068614142	445459	ENSP00000340062, ENSP00000437271-uc001njs.2-uc001njp.2, ENSP00000464052, ENSP00000469540-uc002omt.2-uc002oms.2	2.24487343626e-06	E
2	12.9972722181	441208	ENSP00000347942-uc001jal.2-uc010qez.1, ENSP00000369319-uc002asq.2-uc002asr.2, ENSP00000441202-uc001zcs.2-uc001zcr.2, ENSP00000462521-uc001enn.3-uc001enm.1	2.26650350969e-06	E
4	12.9803422842	433801	ENSP00000225576, ENSP00000262304, ENSP00000383191-uc002zhg.2-uc002zhk.2, ENSP00000408342-uc002mkd.2-uc002mkc.2	2.30520192068e-06	E
1	12.9803422842	433801	ENSP00000262304, ENSP00000383191-uc002zhg.2-uc002zhk.2, ENSP00000408342-uc002mkd.2-uc002mkc.2, ENSP00000464052	2.30520192068e-06	E
3	12.974406327	431234	ENSP00000225576, ENSP00000261733-uc001tst.2-uc010syi.1, ENSP00000318775-uc003gro.2-uc003grp.2, ENSP00000394902-uc001lei.1-uc010qtb.1	2.31892619365e-06	E
1	12.9615591741	425729	ENSP00000226004-uc002ied.3-uc002ief.1, ENSP00000248846-uc003bkb.1-uc010has.1, ENSP00000347942-uc001jal.2-uc010qez.1, ENSP00000464052	2.34890998388e-06	E
2	12.958257701	424326	ENSP00000344666, ENSP00000353533-uc003eil.2-uc011bkh.1, ENSP00000401514, ENSP00000441202-uc001zcs.2-uc001zcr.2	2.35667766224e-06	E
1	12.949790737	420749	ENSP00000248846-uc003bkb.1-uc010has.1, ENSP00000268638-uc002fjh.2-uc010chp.2, ENSP00000384797, ENSP00000464052	2.37671628056e-06	E
1	12.9471015524	419619	ENSP00000360199, ENSP00000377643-uc002hun.1-uc002huk.1, ENSP00000400113-uc001mpi.2-uc001mpj.2, ENSP00000441202-uc001zcs.2-uc001zcr.2	2.3831163111e-06	E
10	12.9452988417	418863	ENSP00000300738-uc001lyw.3-uc010qyd.1, ENSP00000452037-uc001xoq.3-uc010arv.2, ENSP00000464052, ENSP00000469540-uc002omt.2-uc002oms.2	2.38741625478e-06	E
2	12.9452988417	418863	ENSP00000239906-uc003lcw.2-uc011cyr.1, ENSP00000394902-uc001lei.1-uc010qtb.1, ENSP00000429865, ENSP00000469540-uc002omt.2-uc002oms.2	2.38741625478e-06	E
1	12.9452988417	418863	ENSP00000359245, ENSP00000397552-uc003fjw.2-uc003fjx.2, ENSP00000432787-uc003pzz.1-uc003pzw.1, ENSP00000464052	2.38741625478e-06	E
1	12.9452988417	418863	ENSP00000300249-uc002kyg.2-uc010xcd.1, ENSP00000340062, ENSP00000394902-uc001lei.1-uc010qtb.1, ENSP00000429865	2.38741625478e-06	E
1	12.9433592144	418051	ENSP00000344772-uc001apy.2-uc001apz.2, ENSP00000362298-uc001jrm.2-uc009xqk.2, ENSP00000415793, ENSP00000441202-uc001zcs.2-uc001zcr.2	2.39205144632e-06	E
1	12.9385286814	416037	ENSP00000415793, ENSP00000441202-uc001zcs.2-uc001zcr.2, ENSP00000472749-uc010noz.2-uc004elo.3, ENSP00000474435-uc002hjr.2-uc010wcj.1	2.40363428297e-06	E
1	12.9375473475	415629	ENSP00000252999, ENSP00000261173-uc001tbh.2-uc009zsr.2, ENSP00000408342-uc002mkd.2-uc002mkc.2, ENSP00000464052	2.40599420857e-06	E
1	12.9370246559	415411	ENSP00000335560-uc009zpy.2-uc001spb.2, ENSP00000362298-uc001jrm.2-uc009xqk.2, ENSP00000367868-uc001imo.3-uc001imn.2, ENSP00000369319-uc002asq.2-uc002asr.2	2.40725213034e-06	E
6	12.9364616766	415178	ENSP00000300738-uc001lyw.3-uc010qyd.1, ENSP00000366299-uc002ign.2-uc010czu.2, ENSP00000452037-uc001xoq.3-uc010arv.2, ENSP00000464052	2.40860774489e-06	E
1	12.929961709	412488	ENSP00000292616-uc003uzn.2-uc003uzo.2, ENSP00000375051-uc001chn.2-uc001chp.2, ENSP00000392264-uc010rre.1-uc009yth.2, ENSP00000429865	2.42431460891e-06	E
1	12.929961709	412488	ENSP00000375051-uc001chn.2-uc001chp.2, ENSP00000392264-uc010rre.1-uc009yth.2, ENSP00000429865, ENSP00000469540-uc002omt.2-uc002oms.2	2.42431460891e-06	E
2	12.9297379437	412395	ENSP00000265993-uc001klb.3-uc001kla.3, ENSP00000344666, ENSP00000374359-uc003eiv.2-uc003eix.2, ENSP00000464052	2.42485714706e-06	E
2	12.9297379437	412395	ENSP00000265993-uc001klb.3-uc001kla.3, ENSP00000360199, ENSP00000374359-uc003eiv.2-uc003eix.2, ENSP00000464052	2.42485714706e-06	E
6	12.9256177913	410700	ENSP00000019103-uc002tma.2-uc002tlz.2, ENSP00000305922-uc001czi.3-uc001czm.3, ENSP00000411409, ENSP00000441202-uc001zcs.2-uc001zcr.2	2.43486853818e-06	E
4	12.9256177913	410700	ENSP00000019103-uc002tma.2-uc002tlz.2, ENSP00000264424-uc003ipc.2-uc003ipd.2, ENSP00000411409, ENSP00000441202-uc001zcs.2-uc001zcr.2	2.43486853818e-06	E
1	12.9200674503	408427	ENSP00000351627-uc002ozp.3-uc002ozo.3, ENSP00000370074-uc003mug.2-uc003muf.2, ENSP00000377643-uc002hun.1-uc002huk.1, ENSP00000441202-uc001zcs.2-uc001zcr.2	2.44842046309e-06	E
1	12.9200674503	408427	ENSP00000355180-uc002zhu.1-uc002zhw.1, ENSP00000377643-uc002hun.1-uc002huk.1, ENSP00000386759, ENSP00000441202-uc001zcs.2-uc001zcr.2	2.44842046309e-06	E
1	12.9043919689	402074	ENSP00000298281, ENSP00000341957-uc010pvb.1-uc010puz.1, ENSP00000415793, ENSP00000441202-uc001zcs.2-uc001zcr.2	2.48710302434e-06	E
1	12.9043919689	402074	ENSP00000293261-uc002pix.1-uc010xzo.1, ENSP00000364000-uc002uqk.2-uc010frx.2, ENSP00000377643-uc002hun.1-uc002huk.1, ENSP00000441202-uc001zcs.2-uc001zcr.2	2.48710302434e-06	E
1	12.8941328219	397970	ENSP00000356849-uc001gdt.1-uc010plf.1, ENSP00000367064, ENSP00000411409, ENSP00000441202-uc001zcs.2-uc001zcr.2	2.5127499123e-06	E
4	12.8877389204	395434	ENSP00000225576, ENSP00000263980-uc001bnm.2-uc001bnl.2, ENSP00000340062, ENSP00000469540-uc002omt.2-uc002oms.2	2.52886766056e-06	E
2	12.8877389204	395434	ENSP00000263980-uc001bnm.2-uc001bnl.2, ENSP00000375051-uc001chn.2-uc001chp.2, ENSP00000464052, ENSP00000469540-uc002omt.2-uc002oms.2	2.52886766056e-06	E
3	12.883423438	393731	ENSP00000339435-uc002fue.1-uc002fui.1, ENSP00000406571-uc003mds.3-uc003mdv.2, ENSP00000464052, ENSP00000469540-uc002omt.2-uc002oms.2	2.53980452636e-06	E
2	12.883423438	393731	ENSP00000339435-uc002fue.1-uc002fui.1, ENSP00000375051-uc001chn.2-uc001chp.2, ENSP00000429865, ENSP00000469540-uc002omt.2-uc002oms.2	2.53980452636e-06	E
1	12.883423438	393731	ENSP00000339435-uc002fue.1-uc002fui.1, ENSP00000375051-uc001chn.2-uc001chp.2, ENSP00000464052, ENSP00000469540-uc002omt.2-uc002oms.2	2.53980452636e-06	E
2	12.883423438	393731	ENSP00000310244-uc001zke.3-uc010bbg.2, ENSP00000379625-uc011ayi.1-uc011ayk.1, ENSP00000429865, ENSP00000469540-uc002omt.2-uc002oms.2	2.53980452636e-06	E
1	12.8789121628	391959	ENSP00000322323-uc003sip.2-uc011jvn.1, ENSP00000342263-uc003cbm.2-uc003cbl.3, ENSP00000366299-uc002ign.2-uc010czu.2, ENSP00000464052	2.55128816694e-06	E
1	12.8789121628	391959	ENSP00000342263-uc003cbm.2-uc003cbl.3, ENSP00000366299-uc002ign.2-uc010czu.2, ENSP00000429865, ENSP00000439856-uc002nei.1-uc010xpg.1	2.55128816694e-06	E
2	12.8789121628	391959	ENSP00000342263-uc003cbm.2-uc003cbl.3, ENSP00000366299-uc002ign.2-uc010czu.2, ENSP00000379625-uc011ayi.1-uc011ayk.1, ENSP00000464052	2.55128816694e-06	E
1	12.8789121628	391959	ENSP00000290866-uc002jau.1-uc002jav.1, ENSP00000344666, ENSP00000366299-uc002ign.2-uc010czu.2, ENSP00000464052	2.55128816694e-06	E
1	12.8789121628	391959	ENSP00000225576, ENSP00000316924-uc002wub.2-uc010gdc.2, ENSP00000366299-uc002ign.2-uc010czu.2, ENSP00000469540-uc002omt.2-uc002oms.2	2.55128816694e-06	E
1	12.8789121628	391959	ENSP00000366299-uc002ign.2-uc010czu.2, ENSP00000379625-uc011ayi.1-uc011ayk.1, ENSP00000380891, ENSP00000464052	2.55128816694e-06	E
1	12.8789121628	391959	ENSP00000340626, ENSP00000366299-uc002ign.2-uc010czu.2, ENSP00000439856-uc002nei.1-uc010xpg.1, ENSP00000464052	2.55128816694e-06	E
1	12.8789121628	391959	ENSP00000366299-uc002ign.2-uc010czu.2, ENSP00000369431-uc003zqc.2-uc003zqb.2, ENSP00000429865, ENSP00000469540-uc002omt.2-uc002oms.2	2.55128816694e-06	E
2	12.8789121628	391959	ENSP00000322323-uc003sip.2-uc011jvn.1, ENSP00000354897, ENSP00000366299-uc002ign.2-uc010czu.2, ENSP00000464052	2.55128816694e-06	E
2	12.8789121628	391959	ENSP00000335652, ENSP00000366299-uc002ign.2-uc010czu.2, ENSP00000379625-uc011ayi.1-uc011ayk.1, ENSP00000464052	2.55128816694e-06	E
2	12.849705804	380677	ENSP00000265077, ENSP00000347942-uc001jal.2-uc010qez.1, ENSP00000386626-uc002tzd.3-uc010zch.1, ENSP00000429865	2.62690081501e-06	E
1	12.8411882409	377448	ENSP00000358813-uc003pjc.2-uc003pjb.3, ENSP00000362298-uc001jrm.2-uc009xqk.2, ENSP00000415793, ENSP00000464052	2.64937116897e-06	E
1	12.8266873714	372014	ENSP00000225576, ENSP00000259806-uc003mtm.2-uc003mtn.2, ENSP00000342263-uc003cbm.2-uc003cbl.3, ENSP00000386626-uc002tzd.3-uc010zch.1	2.68806925434e-06	E
1	12.82437176	371154	ENSP00000225576, ENSP00000345498-uc001dyb.1-uc001dye.1, ENSP00000359245, ENSP00000386797-uc002tob.1-uc002toa.1	2.69430099051e-06	E
1	12.82437176	371154	ENSP00000345498-uc001dyb.1-uc001dye.1, ENSP00000359245, ENSP00000384164-uc010gci.1-uc002wpg.1, ENSP00000429865	2.69430099051e-06	E
1	12.8185582026	369002	ENSP00000345498-uc001dyb.1-uc001dye.1, ENSP00000408342-uc002mkd.2-uc002mkc.2, ENSP00000432787-uc003pzz.1-uc003pzw.1, ENSP00000464052	2.71001008242e-06	E
1	12.8185582026	369002	ENSP00000313953-uc002rom.2-uc002ron.2, ENSP00000408342-uc002mkd.2-uc002mkc.2, ENSP00000464052, ENSP00000469540-uc002omt.2-uc002oms.2	2.71001008242e-06	E
2	12.8185582026	369002	ENSP00000345498-uc001dyb.1-uc001dye.1, ENSP00000363894-uc004bci.2-uc004bcj.1, ENSP00000408342-uc002mkd.2-uc002mkc.2, ENSP00000464052	2.71001008242e-06	E
1	12.8164695488	368232	ENSP00000350331-uc001iig.2-uc001iii.2, ENSP00000363894-uc004bci.2-uc004bcj.1, ENSP00000423228-uc003jlg.1-uc003jlb.1, ENSP00000441202-uc001zcs.2-uc001zcr.2	2.71567627071e-06	E
1	12.8164695488	368232	ENSP00000320885-uc002roc.2-uc002rod.2, ENSP00000374359-uc003eiv.2-uc003eix.2, ENSP00000423228-uc003jlg.1-uc003jlb.1, ENSP00000441202-uc001zcs.2-uc001zcr.2	2.71567627071e-06	E
1	12.8120772533	366619	ENSP00000261047-uc003dxj.2-uc003dxk.2, ENSP00000383191-uc002zhg.2-uc002zhk.2, ENSP00000386797-uc002tob.1-uc002toa.1, ENSP00000441202-uc001zcs.2-uc001zcr.2	2.72763055745e-06	E
4	12.8084833886	365303	ENSP00000342263-uc003cbm.2-uc003cbl.3, ENSP00000346065-uc003oyj.2-uc010jze.2, ENSP00000362298-uc001jrm.2-uc009xqk.2, ENSP00000367868-uc001imo.3-uc001imn.2	2.73745092852e-06	E
4	12.8043467576	363795	ENSP00000225576, ENSP00000342263-uc003cbm.2-uc003cbl.3, ENSP00000369081-uc003mxv.2-uc010jnz.2, ENSP00000429286-uc003xun.2-uc003xum.2	2.74879820656e-06	E
1	12.8004852721	362393	ENSP00000340062, ENSP00000401470-uc003azu.2-uc003azr.2, ENSP00000429865, ENSP00000465500-uc002lin.2-uc010dpv.2	2.75943317105e-06	E
1	12.7982877997	361598	ENSP00000298281, ENSP00000350331-uc001iig.2-uc001iii.2, ENSP00000415793, ENSP00000441202-uc001zcs.2-uc001zcr.2	2.76550361674e-06	E
2	12.7907080292	358867	ENSP00000248846-uc003bkb.1-uc010has.1, ENSP00000335652, ENSP00000429865, ENSP00000463916-uc001etp.2-uc001etq.2	2.78654514372e-06	E
5	12.7622239518	348790	ENSP00000344223-uc002fhi.2-uc002fhh.2, ENSP00000365388-uc001isv.2-uc010qdf.1, ENSP00000386797-uc002tob.1-uc002toa.1, ENSP00000441202-uc001zcs.2-uc001zcr.2	2.86705854259e-06	E
1	12.7476120332	343730	ENSP00000225576, ENSP00000248846-uc003bkb.1-uc010has.1, ENSP00000345498-uc001dyb.1-uc001dye.1, ENSP00000355183	2.90925933519e-06	E
1	12.7476120332	343730	ENSP00000321853-uc002ftk.1-uc010vqr.1, ENSP00000355183, ENSP00000366299-uc002ign.2-uc010czu.2, ENSP00000429865	2.90925933519e-06	E
2	12.7476120332	343730	ENSP00000225576, ENSP00000248846-uc003bkb.1-uc010has.1, ENSP00000345498-uc001dyb.1-uc001dye.1, ENSP00000379154-uc001jap.1-uc001jao.1	2.90925933519e-06	E
2	12.728070188	337078	ENSP00000286627-uc001jxm.2-uc001jxs.3, ENSP00000377643-uc002hun.1-uc002huk.1, ENSP00000436901-uc001odm.2-uc010roe.1, ENSP00000441202-uc001zcs.2-uc001zcr.2	2.96667076624e-06	E
1	12.7008576245	328029	ENSP00000294179-uc001nvh.2-uc010rmi.1, ENSP00000366299-uc002ign.2-uc010czu.2, ENSP00000386797-uc002tob.1-uc002toa.1, ENSP00000441202-uc001zcs.2-uc001zcr.2	3.04850995979e-06	E
1	12.7008576245	328029	ENSP00000246062-uc002wnu.1-uc010zrd.1, ENSP00000366299-uc002ign.2-uc010czu.2, ENSP00000386797-uc002tob.1-uc002toa.1, ENSP00000441202-uc001zcs.2-uc001zcr.2	3.04850995979e-06	E
2	12.7002906239	327843	ENSP00000263238-uc002tkx.1-uc010yyd.1, ENSP00000365851-uc001irh.2-uc009xkg.2, ENSP00000401514, ENSP00000441202-uc001zcs.2-uc001zcr.2	3.05023895684e-06	E
1	12.6987203685	327329	ENSP00000225576, ENSP00000342263-uc003cbm.2-uc003cbl.3, ENSP00000359245, ENSP00000416097-uc011maw.1-uc010mxw.2	3.05503237354e-06	E
3	12.6987203685	327329	ENSP00000252999, ENSP00000300737-uc001lyv.2-uc009yeg.2, ENSP00000374359-uc003eiv.2-uc003eix.2, ENSP00000429865	3.05503237354e-06	E
2	12.6987203685	327329	ENSP00000225576, ENSP00000384164-uc010gci.1-uc002wpg.1, ENSP00000416097-uc011maw.1-uc010mxw.2, ENSP00000432787-uc003pzz.1-uc003pzw.1	3.05503237354e-06	E
1	12.6987203685	327329	ENSP00000225576, ENSP00000252999, ENSP00000300737-uc001lyv.2-uc009yeg.2, ENSP00000374359-uc003eiv.2-uc003eix.2	3.05503237354e-06	E
1	12.6987203685	327329	ENSP00000252999, ENSP00000300737-uc001lyv.2-uc009yeg.2, ENSP00000340062, ENSP00000464052	3.05503237354e-06	E
1	12.6954792495	326270	ENSP00000225576, ENSP00000273359-uc003dyk.3-uc011bhq.1, ENSP00000347665, ENSP00000366299-uc002ign.2-uc010czu.2	3.06495016066e-06	E
2	12.6954792495	326270	ENSP00000340626, ENSP00000358862-uc001kwt.2-uc001kwu.2, ENSP00000366299-uc002ign.2-uc010czu.2, ENSP00000464052	3.06495016066e-06	E
1	12.6954792495	326270	ENSP00000225576, ENSP00000366299-uc002ign.2-uc010czu.2, ENSP00000417963-uc003oth.2-uc010jyd.2, ENSP00000469540-uc002omt.2-uc002oms.2	3.06495016066e-06	E
2	12.6765512379	320152	ENSP00000340062, ENSP00000362298-uc001jrm.2-uc009xqk.2, ENSP00000464052, ENSP00000472749-uc010noz.2-uc004elo.3	3.12351609278e-06	E
1	12.6765512379	320152	ENSP00000383191-uc002zhg.2-uc002zhk.2, ENSP00000384164-uc010gci.1-uc002wpg.1, ENSP00000452120-uc001shh.2-uc001shg.2, ENSP00000464052	3.12351609278e-06	E
1	12.6765512379	320152	ENSP00000218089, ENSP00000252999, ENSP00000383191-uc002zhg.2-uc002zhk.2, ENSP00000429865	3.12351609278e-06	E
5	12.6765512379	320152	ENSP00000225576, ENSP00000252999, ENSP00000360186, ENSP00000383191-uc002zhg.2-uc002zhk.2	3.12351609278e-06	E
1	12.6765512379	320152	ENSP00000225576, ENSP00000252999, ENSP00000374359-uc003eiv.2-uc003eix.2, ENSP00000383191-uc002zhg.2-uc002zhk.2	3.12351609278e-06	E
2	12.6765512379	320152	ENSP00000352798, ENSP00000359245, ENSP00000362298-uc001jrm.2-uc009xqk.2, ENSP00000464052	3.12351609278e-06	E
4	12.6698121979	318002	ENSP00000253490-uc003mdk.2-uc010jjy.1, ENSP00000347416-uc002lva.2-uc010dsv.2, ENSP00000347942-uc001jal.2-uc010qez.1, ENSP00000429865	3.144636679e-06	E
1	12.6612327674	315285	ENSP00000273512-uc003fig.2-uc011bpy.1, ENSP00000360186, ENSP00000374359-uc003eiv.2-uc003eix.2, ENSP00000441202-uc001zcs.2-uc001zcr.2	3.17173193551e-06	E
1	12.6511752319	312130	ENSP00000374359-uc003eiv.2-uc003eix.2, ENSP00000377643-uc002hun.1-uc002huk.1, ENSP00000381031-uc003aet.2-uc003aey.2, ENSP00000441202-uc001zcs.2-uc001zcr.2	3.20379269779e-06	E
1	12.6451042083	310241	ENSP00000347427-uc010vsl.1-uc010vsp.1, ENSP00000356554-uc003qjr.3-uc010khh.2, ENSP00000423228-uc003jlg.1-uc003jlb.1, ENSP00000441202-uc001zcs.2-uc001zcr.2	3.22330216006e-06	E
1	12.6422906904	309369	ENSP00000366299-uc002ign.2-uc010czu.2, ENSP00000377880-uc003dof.2-uc003doe.2, ENSP00000386797-uc002tob.1-uc002toa.1, ENSP00000441202-uc001zcs.2-uc001zcr.2	3.23238374805e-06	E
2	12.6327173067	306422	ENSP00000234420-uc002rwd.3-uc010yoi.1, ENSP00000253024-uc002qtg.1-uc002qth.1, ENSP00000464052, ENSP00000469540-uc002omt.2-uc002oms.2	3.26347719519e-06	E
4	12.6090971003	299269	ENSP00000225576, ENSP00000252999, ENSP00000342263-uc003cbm.2-uc003cbl.3, ENSP00000359818-uc001knt.2-uc001knq.2	3.34147878052e-06	E
1	12.6090971003	299269	ENSP00000252999, ENSP00000359818-uc001knt.2-uc001knq.2, ENSP00000374359-uc003eiv.2-uc003eix.2, ENSP00000429865	3.34147878052e-06	E
3	12.6090971003	299269	ENSP00000225576, ENSP00000299767-uc001tkb.1-uc010swg.1, ENSP00000352798, ENSP00000359245	3.34147878052e-06	E
1	12.5963140442	295467	ENSP00000319726-uc001odu.3-uc009yqj.2, ENSP00000411409, ENSP00000423228-uc003jlg.1-uc003jlb.1, ENSP00000441202-uc001zcs.2-uc001zcr.2	3.38446726806e-06	E
1	12.5963140442	295467	ENSP00000355632-uc010pwa.1-uc001htu.2, ENSP00000411409, ENSP00000423228-uc003jlg.1-uc003jlb.1, ENSP00000441202-uc001zcs.2-uc001zcr.2	3.38446726806e-06	E
3	12.5849011674	292115	ENSP00000265000-uc003isz.3-uc011ckb.1, ENSP00000340062, ENSP00000359245, ENSP00000464052	3.4233150367e-06	E
1	12.5849011674	292115	ENSP00000265000-uc003isz.3-uc011ckb.1, ENSP00000265077, ENSP00000359245, ENSP00000464052	3.4233150367e-06	E
1	12.5849011674	292115	ENSP00000359245, ENSP00000417509-uc003die.3-uc003dib.3, ENSP00000432787-uc003pzz.1-uc003pzw.1, ENSP00000464052	3.4233150367e-06	E
5	12.5849011674	292115	ENSP00000225576, ENSP00000256649-uc001egz.2-uc001eha.2, ENSP00000312618-uc003ela.3-uc003ele.2, ENSP00000359245	3.4233150367e-06	E
1	12.5714809487	288220	ENSP00000265077, ENSP00000276893-uc003zjy.2-uc003zkb.2, ENSP00000318775-uc003gro.2-uc003grp.2, ENSP00000464052	3.46956633021e-06	E
1	12.5712051247	288141	ENSP00000252999, ENSP00000265963-uc001moh.2-uc001moj.2, ENSP00000366299-uc002ign.2-uc010czu.2, ENSP00000464052	3.47052345196e-06	E
1	12.5663798116	286754	ENSP00000263196-uc002zoq.1-uc011agr.1, ENSP00000265077, ENSP00000374359-uc003eiv.2-uc003eix.2, ENSP00000429865	3.48731028229e-06	E
6	12.5663798116	286754	ENSP00000344666, ENSP00000364493-uc004aur.2-uc011luh.1, ENSP00000429865, ENSP00000432787-uc003pzz.1-uc003pzw.1	3.48731028229e-06	E
1	12.5663798116	286754	ENSP00000265077, ENSP00000374359-uc003eiv.2-uc003eix.2, ENSP00000422464-uc003iph.1-uc011cir.1, ENSP00000429865	3.48731028229e-06	E
2	12.5663798116	286754	ENSP00000225576, ENSP00000364493-uc004aur.2-uc011luh.1, ENSP00000384797, ENSP00000432787-uc003pzz.1-uc003pzw.1	3.48731028229e-06	E
1	12.5577821043	284299	ENSP00000366299-uc002ign.2-uc010czu.2, ENSP00000434442-uc001ndt.2-uc010rhc.1, ENSP00000464052, ENSP00000469540-uc002omt.2-uc002oms.2	3.51742241752e-06	E
1	12.5577821043	284299	ENSP00000225576, ENSP00000248248-uc002fez.2-uc010vng.1, ENSP00000366299-uc002ign.2-uc010czu.2, ENSP00000469540-uc002omt.2-uc002oms.2	3.51742241752e-06	E
5	12.5574378132	284201	ENSP00000225576, ENSP00000292616-uc003uzn.2-uc003uzo.2, ENSP00000392264-uc010rre.1-uc009yth.2, ENSP00000465500-uc002lin.2-uc010dpv.2	3.51863364329e-06	E
1	12.5510833978	282401	ENSP00000330060-uc003cfc.1-uc010hfw.1, ENSP00000411409, ENSP00000415793, ENSP00000441202-uc001zcs.2-uc001zcr.2	3.54106369268e-06	E
1	12.5368367732	278406	ENSP00000298281, ENSP00000400113-uc001mpi.2-uc001mpj.2, ENSP00000423228-uc003jlg.1-uc003jlb.1, ENSP00000441202-uc001zcs.2-uc001zcr.2	3.59187296869e-06	E
2	12.5235039931	274719	ENSP00000357110-uc003qch.2-uc003qcd.1, ENSP00000380891, ENSP00000415793, ENSP00000429865	3.64008329604e-06	E
1	12.5235039931	274719	ENSP00000357110-uc003qch.2-uc003qcd.1, ENSP00000363894-uc004bci.2-uc004bcj.1, ENSP00000415793, ENSP00000429865	3.64008329604e-06	E
1	12.5235039931	274719	ENSP00000340062, ENSP00000357110-uc003qch.2-uc003qcd.1, ENSP00000415793, ENSP00000429865	3.64008329604e-06	E
5	12.5205834777	273918	ENSP00000362298-uc001jrm.2-uc009xqk.2, ENSP00000382213, ENSP00000408342-uc002mkd.2-uc002mkc.2, ENSP00000464052	3.65072975401e-06	E
1	12.5205834777	273918	ENSP00000282478, ENSP00000362298-uc001jrm.2-uc009xqk.2, ENSP00000408342-uc002mkd.2-uc002mkc.2, ENSP00000429865	3.65072975401e-06	E
1	12.5201526832	273800	ENSP00000264977-uc003eqv.1-uc011blz.1, ENSP00000360186, ENSP00000411409, ENSP00000441202-uc001zcs.2-uc001zcr.2	3.65230280726e-06	E
1	12.5201526832	273800	ENSP00000264977-uc003eqv.1-uc011blz.1, ENSP00000360187, ENSP00000411409, ENSP00000441202-uc001zcs.2-uc001zcr.2	3.65230280726e-06	E
1	12.5156652122	272574	ENSP00000346065-uc003oyj.2-uc010jze.2, ENSP00000359245, ENSP00000383191-uc002zhg.2-uc002zhk.2, ENSP00000464052	3.66872923933e-06	E
1	12.5156652122	272574	ENSP00000300432-uc004bsu.2-uc011mao.1, ENSP00000383191-uc002zhg.2-uc002zhk.2, ENSP00000386797-uc002tob.1-uc002toa.1, ENSP00000464052	3.66872923933e-06	E
3	12.5009135028	268583	ENSP00000342263-uc003cbm.2-uc003cbl.3, ENSP00000362298-uc001jrm.2-uc009xqk.2, ENSP00000367868-uc001imo.3-uc001imn.2, ENSP00000464052	3.72325041827e-06	E
1	12.4892814545	265476	ENSP00000252999, ENSP00000357551-uc001lmg.1-uc001lmf.1, ENSP00000367030-uc001iop.2-uc001ior.2, ENSP00000464052	3.76681231309e-06	E
1	12.4850437663	264354	ENSP00000376800-uc003vte.3-uc010lmv.2, ENSP00000408342-uc002mkd.2-uc002mkc.2, ENSP00000429286-uc003xun.2-uc003xum.2, ENSP00000429865	3.78280875908e-06	E
1	12.4815379213	263429	ENSP00000273512-uc003fig.2-uc011bpy.1, ENSP00000366299-uc002ign.2-uc010czu.2, ENSP00000464052, ENSP00000469540-uc002omt.2-uc002oms.2	3.79609397477e-06	E
1	12.4813079747	263368	ENSP00000238667-uc001xrs.2-uc010tvd.1, ENSP00000252999, ENSP00000408342-uc002mkd.2-uc002mkc.2, ENSP00000464052	3.79696697399e-06	E
1	12.4765665701	262122	ENSP00000225576, ENSP00000262518, ENSP00000356849-uc001gdt.1-uc010plf.1, ENSP00000386797-uc002tob.1-uc002toa.1	3.81501267764e-06	E
1	12.4762305187	262034	ENSP00000308344-uc002jbc.2-uc010wpn.1, ENSP00000379353-uc001rfo.3-uc009zix.2, ENSP00000411409, ENSP00000441202-uc001zcs.2-uc001zcr.2	3.81629493351e-06	E
1	12.46383215	258806	ENSP00000246957-uc002cvt.3-uc010uxf.1, ENSP00000377643-uc002hun.1-uc002huk.1, ENSP00000392264-uc010rre.1-uc009yth.2, ENSP00000441202-uc001zcs.2-uc001zcr.2	3.86390530077e-06	E
1	12.46383215	258806	ENSP00000222145-uc002pki.2-uc002pkh.2, ENSP00000265565-uc003crh.1-uc003crg.2, ENSP00000377643-uc002hun.1-uc002huk.1, ENSP00000441202-uc001zcs.2-uc001zcr.2	3.86390530077e-06	E
1	12.4615641017	258219	ENSP00000225388-uc002hdy.3-uc002hdx.3, ENSP00000368800-uc010cdu.2-uc002ept.2, ENSP00000408342-uc002mkd.2-uc002mkc.2, ENSP00000441202-uc001zcs.2-uc001zcr.2	3.87267877002e-06	E
2	12.4593876119	257658	ENSP00000369081-uc003mxv.2-uc010jnz.2, ENSP00000374359-uc003eiv.2-uc003eix.2, ENSP00000384797, ENSP00000429865	3.88111679513e-06	E
1	12.4593876119	257658	ENSP00000265077, ENSP00000369081-uc003mxv.2-uc010jnz.2, ENSP00000374359-uc003eiv.2-uc003eix.2, ENSP00000429865	3.88111679513e-06	E
2	12.4503944454	255351	ENSP00000225576, ENSP00000340626, ENSP00000342263-uc003cbm.2-uc003cbl.3, ENSP00000356849-uc001gdt.1-uc010plf.1	3.91617774288e-06	E
1	12.4503944454	255351	ENSP00000342263-uc003cbm.2-uc003cbl.3, ENSP00000344666, ENSP00000356849-uc001gdt.1-uc010plf.1, ENSP00000429865	3.91617774288e-06	E
1	12.4503944454	255351	ENSP00000340626, ENSP00000342263-uc003cbm.2-uc003cbl.3, ENSP00000356849-uc001gdt.1-uc010plf.1, ENSP00000464052	3.91617774288e-06	E
2	12.4503944454	255351	ENSP00000344666, ENSP00000356849-uc001gdt.1-uc010plf.1, ENSP00000374359-uc003eiv.2-uc003eix.2, ENSP00000429865	3.91617774288e-06	E
2	12.4503944454	255351	ENSP00000340062, ENSP00000356849-uc001gdt.1-uc010plf.1, ENSP00000363894-uc004bci.2-uc004bcj.1, ENSP00000464052	3.91617774288e-06	E
1	12.4503944454	255351	ENSP00000265077, ENSP00000344666, ENSP00000356849-uc001gdt.1-uc010plf.1, ENSP00000464052	3.91617774288e-06	E
2	12.4499446693	255236	ENSP00000225576, ENSP00000318775-uc003gro.2-uc003grp.2, ENSP00000394902-uc001lei.1-uc010qtb.1, ENSP00000411409-uc002cof.1-uc002coe.1	3.91793954227e-06	E
1	12.4412250185	253020	ENSP00000383191-uc002zhg.2-uc002zhk.2, ENSP00000406229, ENSP00000408342-uc002mkd.2-uc002mkc.2, ENSP00000464052	3.95225198576e-06	E
1	12.4374347532	252063	ENSP00000300432-uc004bsu.2-uc011mao.1, ENSP00000437271-uc001njs.2-uc001njp.2, ENSP00000464052, ENSP00000469540-uc002omt.2-uc002oms.2	3.96726049466e-06	E
2	12.434473218	251318	ENSP00000357336-uc001fkj.2-uc001fks.2, ENSP00000394902-uc001lei.1-uc010qtb.1, ENSP00000429865, ENSP00000469540-uc002omt.2-uc002oms.2	3.9790270913e-06	E
2	12.434473218	251318	ENSP00000394902-uc001lei.1-uc010qtb.1, ENSP00000429865, ENSP00000438341-uc001tnj.2-uc010sxf.1, ENSP00000469540-uc002omt.2-uc002oms.2	3.9790270913e-06	E
1	12.434473218	251318	ENSP00000300738-uc001lyw.3-uc010qyd.1, ENSP00000340062, ENSP00000464052, ENSP00000469540-uc002omt.2-uc002oms.2	3.9790270913e-06	E
1	12.434473218	251318	ENSP00000292616-uc003uzn.2-uc003uzo.2, ENSP00000340062, ENSP00000394902-uc001lei.1-uc010qtb.1, ENSP00000429865	3.9790270913e-06	E
1	12.4222528126	248265	ENSP00000248846-uc003bkb.1-uc010has.1, ENSP00000252999, ENSP00000383191-uc002zhg.2-uc002zhk.2, ENSP00000429865	4.02795073997e-06	E
1	12.4222528126	248265	ENSP00000262518, ENSP00000383191-uc002zhg.2-uc002zhk.2, ENSP00000386797-uc002tob.1-uc002toa.1, ENSP00000464052	4.02795073997e-06	E
1	12.4124770698	245850	ENSP00000225576, ENSP00000347942-uc001jal.2-uc010qez.1, ENSP00000362298-uc001jrm.2-uc009xqk.2, ENSP00000415793	4.0675200448e-06	E
2	12.4008440641	243007	ENSP00000287169-uc001nkx.1-uc001nky.1, ENSP00000346065-uc003oyj.2-uc010jze.2, ENSP00000347942-uc001jal.2-uc010qez.1, ENSP00000429865	4.1151138212e-06	E
1	12.3996540558	242718	ENSP00000225576, ENSP00000347445-uc002cwl.2-uc010uxk.1, ENSP00000366299-uc002ign.2-uc010czu.2, ENSP00000384797	4.12001375575e-06	E
1	12.3996540558	242718	ENSP00000355183, ENSP00000366299-uc002ign.2-uc010czu.2, ENSP00000415057-uc010ukd.1-uc010bik.1, ENSP00000429865	4.12001375575e-06	E
1	12.3996540558	242718	ENSP00000362580-uc010ohm.1-uc010ohn.1, ENSP00000366299-uc002ign.2-uc010czu.2, ENSP00000429865, ENSP00000469540-uc002omt.2-uc002oms.2	4.12001375575e-06	E
1	12.3996540558	242718	ENSP00000366299-uc002ign.2-uc010czu.2, ENSP00000441140-uc004arv.2-uc004arw.2, ENSP00000464052, ENSP00000469540-uc002omt.2-uc002oms.2	4.12001375575e-06	E
1	12.3996540558	242718	ENSP00000342263-uc003cbm.2-uc003cbl.3, ENSP00000366299-uc002ign.2-uc010czu.2, ENSP00000415057-uc010ukd.1-uc010bik.1, ENSP00000429865	4.12001375575e-06	E
1	12.3996540558	242718	ENSP00000225576, ENSP00000262177-uc003wnk.2-uc011kvz.1, ENSP00000366299-uc002ign.2-uc010czu.2, ENSP00000469540-uc002omt.2-uc002oms.2	4.12001375575e-06	E
1	12.3996540558	242718	ENSP00000285021-uc011ave.1-uc011avf.1, ENSP00000366299-uc002ign.2-uc010czu.2, ENSP00000429865, ENSP00000469540-uc002omt.2-uc002oms.2	4.12001375575e-06	E
1	12.3964503131	241941	ENSP00000263980-uc001bnm.2-uc001bnl.2, ENSP00000377643-uc002hun.1-uc002huk.1, ENSP00000415793, ENSP00000441202-uc001zcs.2-uc001zcr.2	4.13323438648e-06	E
1	12.3762918593	237113	ENSP00000294066-uc001obh.2-uc001obg.2, ENSP00000298281, ENSP00000365851-uc001irh.2-uc009xkg.2, ENSP00000441202-uc001zcs.2-uc001zcr.2	4.21739946973e-06	E
1	12.3762918593	237113	ENSP00000316924-uc002wub.2-uc010gdc.2, ENSP00000365851-uc001irh.2-uc009xkg.2, ENSP00000401514, ENSP00000441202-uc001zcs.2-uc001zcr.2	4.21739946973e-06	E
1	12.3630856979	234002	ENSP00000298281, ENSP00000319726-uc001odu.3-uc009yqj.2, ENSP00000415793, ENSP00000441202-uc001zcs.2-uc001zcr.2	4.27346451472e-06	E
5	12.362113975	233775	ENSP00000351627-uc002ozp.3-uc002ozo.3, ENSP00000366299-uc002ign.2-uc010czu.2, ENSP00000441202-uc001zcs.2-uc001zcr.2, ENSP00000457258-uc002ejb.2-uc002ejc.2	4.27761915648e-06	E
3	12.3615067987	233633	ENSP00000370074-uc003mug.2-uc003muf.2, ENSP00000377643-uc002hun.1-uc002huk.1, ENSP00000410545, ENSP00000441202-uc001zcs.2-uc001zcr.2	4.28021721431e-06	E
1	12.3520524771	231435	ENSP00000225576, ENSP00000369081-uc003mxv.2-uc010jnz.2, ENSP00000384164-uc010gci.1-uc002wpg.1, ENSP00000432787-uc003pzz.1-uc003pzw.1	4.32087566023e-06	E
1	12.3322465911	226896	ENSP00000321498-uc003vvo.2-uc003vvn.2, ENSP00000365388-uc001isv.2-uc010qdf.1, ENSP00000377643-uc002hun.1-uc002huk.1, ENSP00000441202-uc001zcs.2-uc001zcr.2	4.4073075357e-06	E
8	12.3252240251	225308	ENSP00000203407-uc003cub.1-uc003cua.1, ENSP00000351627-uc002ozp.3-uc002ozo.3, ENSP00000366299-uc002ign.2-uc010czu.2, ENSP00000441202-uc001zcs.2-uc001zcr.2	4.43836707486e-06	E
2	12.3099897163	221902	ENSP00000273512-uc003fig.2-uc011bpy.1, ENSP00000408342-uc002mkd.2-uc002mkc.2, ENSP00000464052, ENSP00000469540-uc002omt.2-uc002oms.2	4.50650019206e-06	E
1	12.3099897163	221902	ENSP00000225576, ENSP00000255121-uc001coj.1-uc001coi.1, ENSP00000273512-uc003fig.2-uc011bpy.1, ENSP00000340062	4.50650019206e-06	E
1	12.3099897163	221902	ENSP00000225576, ENSP00000273512-uc003fig.2-uc011bpy.1, ENSP00000363894-uc004bci.2-uc004bcj.1, ENSP00000408342-uc002mkd.2-uc002mkc.2	4.50650019206e-06	E
1	12.3099897163	221902	ENSP00000408342-uc002mkd.2-uc002mkc.2, ENSP00000432787-uc003pzz.1-uc003pzw.1, ENSP00000454552-uc002fec.2-uc002fed.1, ENSP00000464052	4.50650019206e-06	E
1	12.3094452012	221781	ENSP00000354529, ENSP00000369081-uc003mxv.2-uc010jnz.2, ENSP00000415793, ENSP00000464052	4.50895471762e-06	E
1	12.2985201063	219371	ENSP00000254260-uc002nuf.2-uc010xro.1, ENSP00000377643-uc002hun.1-uc002huk.1, ENSP00000423228-uc003jlg.1-uc003jlb.1, ENSP00000441202-uc001zcs.2-uc001zcr.2	4.55848554779e-06	E
1	12.2802463661	215399	ENSP00000170564-uc002nug.1-uc002nuh.1, ENSP00000225576, ENSP00000366299-uc002ign.2-uc010czu.2, ENSP00000469540-uc002omt.2-uc002oms.2	4.64255189236e-06	E
5	12.2799996897	215346	ENSP00000019103-uc002tma.2-uc002tlz.2, ENSP00000360186, ENSP00000383401-uc002kod.1-uc002kof.2, ENSP00000441202-uc001zcs.2-uc001zcr.2	4.64369724143e-06	E
2	12.2799996897	215346	ENSP00000360186, ENSP00000374359-uc003eiv.2-uc003eix.2, ENSP00000441202-uc001zcs.2-uc001zcr.2, ENSP00000462521-uc001enn.3-uc001enm.1	4.64369724143e-06	E
1	12.2799996897	215346	ENSP00000313490-uc002gkr.2-uc002gks.2, ENSP00000374359-uc003eiv.2-uc003eix.2, ENSP00000384797, ENSP00000441202-uc001zcs.2-uc001zcr.2	4.64369724143e-06	E
1	12.2799996897	215346	ENSP00000320885-uc002roc.2-uc002rod.2, ENSP00000360202, ENSP00000374359-uc003eiv.2-uc003eix.2, ENSP00000441202-uc001zcs.2-uc001zcr.2	4.64369724143e-06	E
1	12.2770630595	214714	ENSP00000345731-uc003fxn.3-uc011bud.1, ENSP00000364000-uc002uqk.2-uc010frx.2, ENSP00000377643-uc002hun.1-uc002huk.1, ENSP00000441202-uc001zcs.2-uc001zcr.2	4.65735410614e-06	E
1	12.2706124874	213334	ENSP00000366299-uc002ign.2-uc010czu.2, ENSP00000386797-uc002tob.1-uc002toa.1, ENSP00000430548-uc003yht.1-uc003yhu.1, ENSP00000441202-uc001zcs.2-uc001zcr.2	4.68749380914e-06	E
2	12.2682483061	212830	ENSP00000019103-uc002tma.2-uc002tlz.2, ENSP00000360187, ENSP00000380869-uc010tlt.1-uc010ain.2, ENSP00000441202-uc001zcs.2-uc001zcr.2	4.69858900453e-06	E
2	12.2614047047	211378	ENSP00000225576, ENSP00000299767-uc001tkb.1-uc010swg.1, ENSP00000359245, ENSP00000402515	4.73085455534e-06	E
1	12.2567233752	210391	ENSP00000364448-uc001vup.2-uc001vut.2, ENSP00000369373-uc001mbm.1-uc001mbn.2, ENSP00000377643-uc002hun.1-uc002huk.1, ENSP00000441202-uc001zcs.2-uc001zcr.2	4.75305316311e-06	E
1	12.2567114986	210389	ENSP00000252999, ENSP00000295797-uc003fgs.2-uc003fgt.2, ENSP00000374359-uc003eiv.2-uc003eix.2, ENSP00000464052	4.75310961371e-06	E
1	12.2567114986	210389	ENSP00000252999, ENSP00000295797-uc003fgs.2-uc003fgt.2, ENSP00000340062, ENSP00000464052	4.75310961371e-06	E
2	12.2567114986	210389	ENSP00000252999, ENSP00000295797-uc003fgs.2-uc003fgt.2, ENSP00000342263-uc003cbm.2-uc003cbl.3, ENSP00000429865	4.75310961371e-06	E
1	12.2567114986	210389	ENSP00000225576, ENSP00000252999, ENSP00000295797-uc003fgs.2-uc003fgt.2, ENSP00000374359-uc003eiv.2-uc003eix.2	4.75310961371e-06	E
1	12.2567114986	210389	ENSP00000252999, ENSP00000295797-uc003fgs.2-uc003fgt.2, ENSP00000432787-uc003pzz.1-uc003pzw.1, ENSP00000464052	4.75310961371e-06	E
1	12.2561185314	210264	ENSP00000225576, ENSP00000320885-uc002roc.2-uc002rod.2, ENSP00000340062, ENSP00000429286-uc003xun.2-uc003xum.2	4.75592888751e-06	E
1	12.2561185314	210264	ENSP00000358770-uc001kxo.1-uc001kxp.1, ENSP00000437271-uc001njs.2-uc001njp.2, ENSP00000464052, ENSP00000469540-uc002omt.2-uc002oms.2	4.75592888751e-06	E
1	12.2521532643	209432	ENSP00000334143-uc002vxx.3-uc002vxy.2, ENSP00000415793, ENSP00000436958-uc001pbl.2-uc001pbk.2, ENSP00000441202-uc001zcs.2-uc001zcr.2	4.77482485496e-06	E
1	12.2521532643	209432	ENSP00000363894-uc004bci.2-uc004bcj.1, ENSP00000377643-uc002hun.1-uc002huk.1, ENSP00000441202-uc001zcs.2-uc001zcr.2, ENSP00000450613-uc010fyv.2-uc002vxp.3	4.77482485496e-06	E
1	12.2449995872	207939	ENSP00000340062, ENSP00000356849-uc001gdt.1-uc010plf.1, ENSP00000379353-uc001rfo.3-uc009zix.2, ENSP00000464052	4.80910487798e-06	E
3	12.2442521851	207784	ENSP00000230901-uc003lcg.2-uc011cyl.1, ENSP00000316739-uc001bes.2-uc001ber.2, ENSP00000408342-uc002mkd.2-uc002mkc.2, ENSP00000441202-uc001zcs.2-uc001zcr.2	4.81270055682e-06	E
2	12.2424575303	207411	ENSP00000298281, ENSP00000334229-uc001rfq.2-uc010sir.1, ENSP00000365851-uc001irh.2-uc009xkg.2, ENSP00000441202-uc001zcs.2-uc001zcr.2	4.8213454479e-06	E
2	12.2424575303	207411	ENSP00000298281, ENSP00000365851-uc001irh.2-uc009xkg.2, ENSP00000369871-uc003znk.2-uc011lmz.1, ENSP00000441202-uc001zcs.2-uc001zcr.2	4.8213454479e-06	E
2	12.2377828123	206444	ENSP00000384164-uc010gci.1-uc002wpg.1, ENSP00000386626-uc002tzd.3-uc010zch.1, ENSP00000432787-uc003pzz.1-uc003pzw.1, ENSP00000464052	4.84393664095e-06	E
1	12.2377828123	206444	ENSP00000357110-uc003qch.2-uc003qcd.1, ENSP00000363894-uc004bci.2-uc004bcj.1, ENSP00000386797-uc002tob.1-uc002toa.1, ENSP00000429865	4.84393664095e-06	E
1	12.224804573	203782	ENSP00000264669-uc003jeb.2-uc003jec.2, ENSP00000366299-uc002ign.2-uc010czu.2, ENSP00000429865, ENSP00000469540-uc002omt.2-uc002oms.2	4.90721212358e-06	E
1	12.224804573	203782	ENSP00000225576, ENSP00000264669-uc003jeb.2-uc003jec.2, ENSP00000366299-uc002ign.2-uc010czu.2, ENSP00000380891	4.90721212358e-06	E
1	12.2228218235	203378	ENSP00000374455-uc003mkw.3-uc003mkv.3, ENSP00000377643-uc002hun.1-uc002huk.1, ENSP00000386725-uc002uny.2-uc002unw.2, ENSP00000441202-uc001zcs.2-uc001zcr.2	4.91695154805e-06	E
1	12.2228218235	203378	ENSP00000366299-uc002ign.2-uc010czu.2, ENSP00000374359-uc003eiv.2-uc003eix.2, ENSP00000413851-uc002kud.2-uc002kub.2, ENSP00000441202-uc001zcs.2-uc001zcr.2	4.91695154805e-06	E
1	12.2228218235	203378	ENSP00000271732-uc001evj.2-uc010pci.1, ENSP00000366299-uc002ign.2-uc010czu.2, ENSP00000374359-uc003eiv.2-uc003eix.2, ENSP00000441202-uc001zcs.2-uc001zcr.2	4.91695154805e-06	E
1	12.2190168837	202606	ENSP00000230901-uc003lcg.2-uc011cyl.1, ENSP00000366299-uc002ign.2-uc010czu.2, ENSP00000386797-uc002tob.1-uc002toa.1, ENSP00000441202-uc001zcs.2-uc001zcr.2	4.93569589093e-06	E
5	12.2039037772	199567	ENSP00000207457-uc001bzr.2-uc001bzs.2, ENSP00000316426-uc002hqi.3-uc010cvn.1, ENSP00000347942-uc001jal.2-uc010qez.1, ENSP00000429865	5.01085611028e-06	E
1	12.1940051469	197601	ENSP00000298281, ENSP00000316924-uc002wub.2-uc010gdc.2, ENSP00000401514, ENSP00000441202-uc001zcs.2-uc001zcr.2	5.06070302333e-06	E
2	12.1872711147	196275	ENSP00000322323-uc003sip.2-uc011jvn.1, ENSP00000386181-uc002uln.2-uc010zfc.1, ENSP00000386797-uc002tob.1-uc002toa.1, ENSP00000441202-uc001zcs.2-uc001zcr.2	5.09489696268e-06	E
1	12.170597473	193029	ENSP00000252999, ENSP00000287169-uc001nkx.1-uc001nky.1, ENSP00000363894-uc004bci.2-uc004bcj.1, ENSP00000429865	5.18055961893e-06	E
1	12.170597473	193029	ENSP00000252999, ENSP00000363894-uc004bci.2-uc004bcj.1, ENSP00000393571-uc001pjq.2-uc010rvu.1, ENSP00000429865	5.18055961893e-06	E
2	12.170597473	193029	ENSP00000252999, ENSP00000393571-uc001pjq.2-uc010rvu.1, ENSP00000429865, ENSP00000432787-uc003pzz.1-uc003pzw.1	5.18055961893e-06	E
1	12.170597473	193029	ENSP00000225576, ENSP00000252999, ENSP00000342263-uc003cbm.2-uc003cbl.3, ENSP00000393571-uc001pjq.2-uc010rvu.1	5.18055961893e-06	E
1	12.1662326652	192189	ENSP00000225576, ENSP00000265993-uc001klb.3-uc001kla.3, ENSP00000340626, ENSP00000408342-uc002mkd.2-uc002mkc.2	5.20322118646e-06	E
1	12.1662326652	192189	ENSP00000265993-uc001klb.3-uc001kla.3, ENSP00000408342-uc002mkd.2-uc002mkc.2, ENSP00000429865, ENSP00000432787-uc003pzz.1-uc003pzw.1	5.20322118646e-06	E
1	12.139824053	187180	ENSP00000252999, ENSP00000340062, ENSP00000356713-uc003qho.2-uc011edm.1, ENSP00000464052	5.34246151665e-06	E
1	12.139824053	187180	ENSP00000225576, ENSP00000340062, ENSP00000359245, ENSP00000381031-uc003aet.2-uc003aey.2	5.34246151665e-06	E
1	12.139824053	187180	ENSP00000381031-uc003aet.2-uc003aey.2, ENSP00000452037-uc001xoq.3-uc010arv.2, ENSP00000464052, ENSP00000469540-uc002omt.2-uc002oms.2	5.34246151665e-06	E
1	12.1316002859	185647	ENSP00000367030-uc001iop.2-uc001ior.2, ENSP00000416097-uc011maw.1-uc010mxw.2, ENSP00000429865, ENSP00000432787-uc003pzz.1-uc003pzw.1	5.38657782867e-06	E
8	12.1316002859	185647	ENSP00000344666, ENSP00000416097-uc011maw.1-uc010mxw.2, ENSP00000429865, ENSP00000432787-uc003pzz.1-uc003pzw.1	5.38657782867e-06	E
2	12.1316002859	185647	ENSP00000225576, ENSP00000292616-uc003uzn.2-uc003uzo.2, ENSP00000375051-uc001chn.2-uc001chp.2, ENSP00000416097-uc011maw.1-uc010mxw.2	5.38657782867e-06	E
1	12.1296153862	185279	ENSP00000218089, ENSP00000287169-uc001nkx.1-uc001nky.1, ENSP00000411409, ENSP00000441202-uc001zcs.2-uc001zcr.2	5.39728026342e-06	E
1	12.1279878439	184977	ENSP00000019103-uc002tma.2-uc002tlz.2, ENSP00000358862-uc001kwt.2-uc001kwu.2, ENSP00000366299-uc002ign.2-uc010czu.2, ENSP00000441202-uc001zcs.2-uc001zcr.2	5.40607171742e-06	E
1	12.1182782432	183190	ENSP00000019103-uc002tma.2-uc002tlz.2, ENSP00000247956-uc002mku.2-uc002mkw.2, ENSP00000411409, ENSP00000441202-uc001zcs.2-uc001zcr.2	5.45881817429e-06	E
1	12.0963334785	179214	ENSP00000340626, ENSP00000343405-uc001jux.2-uc010qkq.1, ENSP00000377643-uc002hun.1-uc002huk.1, ENSP00000441202-uc001zcs.2-uc001zcr.2	5.57993473139e-06	E
1	12.0932698293	178665	ENSP00000311429-uc002aqb.2-uc010bhv.2, ENSP00000335652, ENSP00000377643-uc002hun.1-uc002huk.1, ENSP00000441202-uc001zcs.2-uc001zcr.2	5.59705590712e-06	E
3	12.0714293371	174806	ENSP00000260803-uc003erv.2-uc003ert.2, ENSP00000265077, ENSP00000326804-uc003wey.2-uc003wez.2, ENSP00000429865	5.72064305268e-06	E
5	12.0622288907	173205	ENSP00000344223-uc002fhi.2-uc002fhh.2, ENSP00000359727-uc003pdr.2-uc011dxo.1, ENSP00000386797-uc002tob.1-uc002toa.1, ENSP00000441202-uc001zcs.2-uc001zcr.2	5.77351838751e-06	E
1	12.0607611933	172951	ENSP00000225576, ENSP00000352798, ENSP00000360199, ENSP00000383191-uc002zhg.2-uc002zhk.2	5.78199838713e-06	E
2	12.0607611933	172951	ENSP00000340062, ENSP00000383191-uc002zhg.2-uc002zhk.2, ENSP00000452120-uc001shh.2-uc001shg.2, ENSP00000464052	5.78199838713e-06	E
1	12.0607611933	172951	ENSP00000340062, ENSP00000374359-uc003eiv.2-uc003eix.2, ENSP00000383191-uc002zhg.2-uc002zhk.2, ENSP00000464052	5.78199838713e-06	E
1	12.0607611933	172951	ENSP00000340062, ENSP00000344666, ENSP00000362298-uc001jrm.2-uc009xqk.2, ENSP00000464052	5.78199838713e-06	E
1	12.0607611933	172951	ENSP00000360187, ENSP00000383191-uc002zhg.2-uc002zhk.2, ENSP00000452120-uc001shh.2-uc001shg.2, ENSP00000464052	5.78199838713e-06	E
1	12.0607611933	172951	ENSP00000225576, ENSP00000265077, ENSP00000362298-uc001jrm.2-uc009xqk.2, ENSP00000432787-uc003pzz.1-uc003pzw.1	5.78199838713e-06	E
1	12.0607611933	172951	ENSP00000225576, ENSP00000340626, ENSP00000363894-uc004bci.2-uc004bcj.1, ENSP00000383191-uc002zhg.2-uc002zhk.2	5.78199838713e-06	E
1	12.048935873	170917	ENSP00000221200-uc003xeo.2-uc011lad.1, ENSP00000265077, ENSP00000464052, ENSP00000469540-uc002omt.2-uc002oms.2	5.85077824067e-06	E
1	12.048935873	170917	ENSP00000265077, ENSP00000364001-uc001iwx.3-uc001iwv.3, ENSP00000429865, ENSP00000432787-uc003pzz.1-uc003pzw.1	5.85077824067e-06	E
2	12.048935873	170917	ENSP00000265000-uc003isz.3-uc011ckb.1, ENSP00000265077, ENSP00000365637-uc001iru.3-uc001isa.1, ENSP00000429865	5.85077824067e-06	E
4	12.0372963307	168940	ENSP00000252999, ENSP00000259021-uc002ipm.2-uc010wmg.1, ENSP00000367030-uc001iop.2-uc001ior.2, ENSP00000464052	5.91927649201e-06	E
1	12.0372963307	168940	ENSP00000354622-uc002ici.1-uc010whi.1, ENSP00000359245, ENSP00000432787-uc003pzz.1-uc003pzw.1, ENSP00000464052	5.91927649201e-06	E
3	12.0372963307	168940	ENSP00000259021-uc002ipm.2-uc010wmg.1, ENSP00000313382-uc003pfs.2-uc010kap.2, ENSP00000367030-uc001iop.2-uc001ior.2, ENSP00000464052	5.91927649201e-06	E
1	12.0372963307	168940	ENSP00000359245, ENSP00000367196-uc003zyz.2-uc003zyy.1, ENSP00000395007-uc010lpi.2-uc003wfw.2, ENSP00000429865	5.91927649201e-06	E
1	12.0372963307	168940	ENSP00000252999, ENSP00000265077, ENSP00000354560-uc001ggv.2-uc010plx.1, ENSP00000429865	5.91927649201e-06	E
1	12.0288521846	167519	ENSP00000298281, ENSP00000377566-uc002esa.2-uc002esc.2, ENSP00000377643-uc002hun.1-uc002huk.1, ENSP00000441202-uc001zcs.2-uc001zcr.2	5.96947135597e-06	E
2	12.0193156167	165929	ENSP00000225388-uc002hdy.3-uc002hdx.3, ENSP00000265077, ENSP00000365637-uc001iru.3-uc001isa.1, ENSP00000429865	6.02667193957e-06	E
1	12.0193156167	165929	ENSP00000225576, ENSP00000340062, ENSP00000400113-uc001mpi.2-uc001mpj.2, ENSP00000432787-uc003pzz.1-uc003pzw.1	6.02667193957e-06	E
1	12.0104312314	164461	ENSP00000362298-uc001jrm.2-uc009xqk.2, ENSP00000368800-uc010cdu.2-uc002ept.2, ENSP00000415793, ENSP00000441202-uc001zcs.2-uc001zcr.2	6.08045377098e-06	E
1	11.9875885678	160747	ENSP00000253024-uc002qtg.1-uc002qth.1, ENSP00000285381-uc003ydj.2-uc011lfv.1, ENSP00000367868-uc001imo.3-uc001imn.2, ENSP00000369319-uc002asq.2-uc002asr.2	6.22094603051e-06	E
1	11.9813832792	159753	ENSP00000225388-uc002hdy.3-uc002hdx.3, ENSP00000298281, ENSP00000334143-uc002vxx.3-uc002vxy.2, ENSP00000441202-uc001zcs.2-uc001zcr.2	6.25966881525e-06	E
1	11.9813832792	159753	ENSP00000261798-uc003lqy.1-uc003lqu.2, ENSP00000264501, ENSP00000374359-uc003eiv.2-uc003eix.2, ENSP00000441202-uc001zcs.2-uc001zcr.2	6.25966881525e-06	E
1	11.9639384019	156990	ENSP00000263980-uc001bnm.2-uc001bnl.2, ENSP00000335652, ENSP00000408342-uc002mkd.2-uc002mkc.2, ENSP00000429865	6.36982601535e-06	E
4	11.94387664	153872	ENSP00000251582-uc003mjw.2-uc011dgm.1, ENSP00000327179-uc002ews.3-uc010cfi.2, ENSP00000394902-uc001lei.1-uc010qtb.1, ENSP00000464052	6.498906409e-06	E
1	11.9361100084	152682	ENSP00000265140-uc003kkr.3-uc003kks.2, ENSP00000415793, ENSP00000423228-uc003jlg.1-uc003jlb.1, ENSP00000441202-uc001zcs.2-uc001zcr.2	6.54957753791e-06	E
1	11.9351270453	152532	ENSP00000225576, ENSP00000340626, ENSP00000369081-uc003mxv.2-uc010jnz.2, ENSP00000408342-uc002mkd.2-uc002mkc.2	6.55601869658e-06	E
1	11.9351270453	152532	ENSP00000225576, ENSP00000369081-uc003mxv.2-uc010jnz.2, ENSP00000380891, ENSP00000408342-uc002mkd.2-uc002mkc.2	6.55601869658e-06	E
1	11.9318430875	152032	ENSP00000308018-uc003ziz.1-uc003zja.1, ENSP00000352288-uc003bkv.3-uc003bkt.1, ENSP00000359245, ENSP00000429865	6.57758377516e-06	E
1	11.9260691371	151156	ENSP00000380025-uc002vhp.1-uc010zjz.1, ENSP00000408342-uc002mkd.2-uc002mkc.2, ENSP00000429865, ENSP00000469540-uc002omt.2-uc002oms.2	6.61567227252e-06	E
1	11.9260691371	151156	ENSP00000265077, ENSP00000347942-uc001jal.2-uc010qez.1, ENSP00000378322-uc003hvu.2-uc010ilk.2, ENSP00000429865	6.61567227252e-06	E
1	11.9257657112	151110	ENSP00000184956-uc002iyk.1-uc010ddk.1, ENSP00000366299-uc002ign.2-uc010czu.2, ENSP00000380891, ENSP00000464052	6.61767994327e-06	E
1	11.9257657112	151110	ENSP00000353292-uc001qnw.2-uc001qnv.2, ENSP00000366299-uc002ign.2-uc010czu.2, ENSP00000429865, ENSP00000469540-uc002omt.2-uc002oms.2	6.61767994327e-06	E
2	11.9257657112	151110	ENSP00000357551-uc001lmg.1-uc001lmf.1, ENSP00000366299-uc002ign.2-uc010czu.2, ENSP00000367030-uc001iop.2-uc001ior.2, ENSP00000464052	6.61767994327e-06	E
1	11.9257657112	151110	ENSP00000342263-uc003cbm.2-uc003cbl.3, ENSP00000357551-uc001lmg.1-uc001lmf.1, ENSP00000366299-uc002ign.2-uc010czu.2, ENSP00000464052	6.61767994327e-06	E
1	11.9250844771	151007	ENSP00000252999, ENSP00000355183, ENSP00000383191-uc002zhg.2-uc002zhk.2, ENSP00000429865	6.62218966857e-06	E
1	11.9058650586	148133	ENSP00000362344-uc004bsg.1-uc004bsi.1, ENSP00000383191-uc002zhg.2-uc002zhk.2, ENSP00000408342-uc002mkd.2-uc002mkc.2, ENSP00000464052	6.75069524885e-06	E
1	11.9058650586	148133	ENSP00000362298-uc001jrm.2-uc009xqk.2, ENSP00000386797-uc002tob.1-uc002toa.1, ENSP00000408342-uc002mkd.2-uc002mkc.2, ENSP00000429865	6.75069524885e-06	E
2	11.9058650586	148133	ENSP00000362298-uc001jrm.2-uc009xqk.2, ENSP00000386797-uc002tob.1-uc002toa.1, ENSP00000408342-uc002mkd.2-uc002mkc.2, ENSP00000464052	6.75069524885e-06	E
1	11.9011874627	147442	ENSP00000248594-uc003ugh.2-uc010lds.2, ENSP00000386797-uc002tob.1-uc002toa.1, ENSP00000441202-uc001zcs.2-uc001zcr.2, ENSP00000457354-uc002fhe.2-uc002fhd.2	6.78234624023e-06	E
5	11.8961752146	146704	ENSP00000346065-uc003oyj.2-uc010jze.2, ENSP00000380891, ENSP00000383191-uc002zhg.2-uc002zhk.2, ENSP00000429865	6.81642638047e-06	E
1	11.8961752146	146704	ENSP00000346065-uc003oyj.2-uc010jze.2, ENSP00000363894-uc004bci.2-uc004bcj.1, ENSP00000383191-uc002zhg.2-uc002zhk.2, ENSP00000464052	6.81642638047e-06	E
1	11.8961752146	146704	ENSP00000346065-uc003oyj.2-uc010jze.2, ENSP00000383191-uc002zhg.2-uc002zhk.2, ENSP00000452120-uc001shh.2-uc001shg.2, ENSP00000464052	6.81642638047e-06	E
2	11.8961752146	146704	ENSP00000362298-uc001jrm.2-uc009xqk.2, ENSP00000411409, ENSP00000429865, ENSP00000469540-uc002omt.2-uc002oms.2	6.81642638047e-06	E
1	11.8961752146	146704	ENSP00000346065-uc003oyj.2-uc010jze.2, ENSP00000355183, ENSP00000383191-uc002zhg.2-uc002zhk.2, ENSP00000429865	6.81642638047e-06	E
1	11.8904917597	145873	ENSP00000311949-uc001gew.2-uc001gez.2, ENSP00000401514, ENSP00000408342-uc002mkd.2-uc002mkc.2, ENSP00000441202-uc001zcs.2-uc001zcr.2	6.85527753196e-06	E
2	11.8885396964	145589	ENSP00000253490-uc003mdk.2-uc010jjy.1, ENSP00000347444-uc004axj.2-uc011luy.1, ENSP00000376250-uc003fsv.2-uc003fsw.2, ENSP00000378548-uc010apj.2-uc001xed.2	6.86867253722e-06	E
1	11.8846671413	145026	ENSP00000300432-uc004bsu.2-uc011mao.1, ENSP00000313490-uc002gkr.2-uc002gks.2, ENSP00000386797-uc002tob.1-uc002toa.1, ENSP00000441202-uc001zcs.2-uc001zcr.2	6.89532342036e-06	E
1	11.8759702673	143770	ENSP00000225576, ENSP00000359245, ENSP00000386797-uc002tob.1-uc002toa.1, ENSP00000413507-uc011kav.1-uc003tey.2	6.95555270301e-06	E
1	11.8713065336	143101	ENSP00000298281, ENSP00000366299-uc002ign.2-uc010czu.2, ENSP00000400175-uc003cwu.2-uc010hku.2, ENSP00000441202-uc001zcs.2-uc001zcr.2	6.98806730935e-06	E
1	11.8713065336	143101	ENSP00000298281, ENSP00000366299-uc002ign.2-uc010czu.2, ENSP00000417185-uc001afs.2-uc001afr.2, ENSP00000441202-uc001zcs.2-uc001zcr.2	6.98806730936e-06	E
1	11.8705495358	142993	ENSP00000347942-uc001jal.2-uc010qez.1, ENSP00000375051-uc001chn.2-uc001chp.2, ENSP00000462521-uc001enn.3-uc001enm.1, ENSP00000464052	6.99335926387e-06	E
1	11.8705495358	142993	ENSP00000253490-uc003mdk.2-uc010jjy.1, ENSP00000347942-uc001jal.2-uc010qez.1, ENSP00000429865, ENSP00000462521-uc001enn.3-uc001enm.1	6.99335926387e-06	E
1	11.8705495358	142993	ENSP00000363894-uc004bci.2-uc004bcj.1, ENSP00000408342-uc002mkd.2-uc002mkc.2, ENSP00000413507-uc011kav.1-uc003tey.2, ENSP00000464052	6.99335926387e-06	E
1	11.8684918103	142699	ENSP00000225576, ENSP00000248846-uc003bkb.1-uc010has.1, ENSP00000347665, ENSP00000356849-uc001gdt.1-uc010plf.1	7.0077644931e-06	E
1	11.8662846728	142384	ENSP00000355632-uc010pwa.1-uc001htu.2, ENSP00000377643-uc002hun.1-uc002huk.1, ENSP00000423228-uc003jlg.1-uc003jlb.1, ENSP00000441202-uc001zcs.2-uc001zcr.2	7.02324867492e-06	E
1	11.8448208602	139361	ENSP00000225576, ENSP00000265077, ENSP00000327154-uc003owr.2-uc003ows.2, ENSP00000429286-uc003xun.2-uc003xum.2	7.17562379363e-06	E
1	11.8406375955	138779	ENSP00000358770-uc001kxo.1-uc001kxp.1, ENSP00000360187, ENSP00000376800-uc003vte.3-uc010lmv.2, ENSP00000441202-uc001zcs.2-uc001zcr.2	7.20570420051e-06	E
5	11.8399331586	138681	ENSP00000344223-uc002fhi.2-uc002fhh.2, ENSP00000386797-uc002tob.1-uc002toa.1, ENSP00000441202-uc001zcs.2-uc001zcr.2, ENSP00000462311-uc002llm.1-uc010dqs.2	7.21078195327e-06	E
2	11.83471654	137960	ENSP00000347942-uc001jal.2-uc010qez.1, ENSP00000383191-uc002zhg.2-uc002zhk.2, ENSP00000399501, ENSP00000429865	7.24849613731e-06	E
1	11.834447153	137922	ENSP00000340062, ENSP00000394902-uc001lei.1-uc010qtb.1, ENSP00000429286-uc003xun.2-uc003xum.2, ENSP00000429865	7.25044905093e-06	E
1	11.8310805904	137459	ENSP00000352288-uc003bkv.3-uc003bkt.1, ENSP00000360202, ENSP00000415793, ENSP00000441202-uc001zcs.2-uc001zcr.2	7.27489927446e-06	E
1	11.8310805904	137459	ENSP00000248594-uc003ugh.2-uc010lds.2, ENSP00000360202, ENSP00000415793, ENSP00000441202-uc001zcs.2-uc001zcr.2	7.27489927446e-06	E
1	11.8277706438	137005	ENSP00000262518, ENSP00000344772-uc001apy.2-uc001apz.2, ENSP00000366502-uc010oag.1-uc001aqf.2, ENSP00000378548-uc010apj.2-uc001xed.2	7.29901869804e-06	E
1	11.820429698	136003	ENSP00000265077, ENSP00000314420-uc002gkd.2-uc010cns.2, ENSP00000359245, ENSP00000464052	7.35279755047e-06	E
1	11.820429698	136003	ENSP00000170564-uc002nug.1-uc002nuh.1, ENSP00000340062, ENSP00000359245, ENSP00000464052	7.35279755047e-06	E
1	11.820429698	136003	ENSP00000225576, ENSP00000250896-uc002lus.2-uc002luq.1, ENSP00000305924-uc001ycs.1-uc001ycr.2, ENSP00000359245	7.35279755047e-06	E
1	11.8142987086	135171	ENSP00000225576, ENSP00000346065-uc003oyj.2-uc010jze.2, ENSP00000359245, ENSP00000363482-uc001jcu.2-uc001jcw.2	7.39801594953e-06	E
1	11.805829277	134031	ENSP00000225576, ENSP00000252999, ENSP00000340062, ENSP00000463916-uc001etp.2-uc001etq.2	7.46093902494e-06	E
1	11.8032719756	133689	ENSP00000019103-uc002tma.2-uc002tlz.2, ENSP00000366299-uc002ign.2-uc010czu.2, ENSP00000415034-uc003cqp.2-uc010hjo.1, ENSP00000441202-uc001zcs.2-uc001zcr.2	7.48004331245e-06	E
2	11.795770849	132690	ENSP00000342263-uc003cbm.2-uc003cbl.3, ENSP00000362298-uc001jrm.2-uc009xqk.2, ENSP00000367868-uc001imo.3-uc001imn.2, ENSP00000472749-uc010noz.2-uc004elo.3	7.53636303069e-06	E
7	11.795770849	132690	ENSP00000362298-uc001jrm.2-uc009xqk.2, ENSP00000367868-uc001imo.3-uc001imn.2, ENSP00000391524-uc011arv.1-uc011aru.1, ENSP00000472749-uc010noz.2-uc004elo.3	7.53636303069e-06	E
4	11.7885400388	131734	ENSP00000264555-uc001lqe.2-uc009yca.1, ENSP00000298281, ENSP00000365851-uc001irh.2-uc009xkg.2, ENSP00000441202-uc001zcs.2-uc001zcr.2	7.59105453499e-06	E
1	11.7885400388	131734	ENSP00000298281, ENSP00000314193-uc002uql.1-uc002uqo.1, ENSP00000365851-uc001irh.2-uc009xkg.2, ENSP00000441202-uc001zcs.2-uc001zcr.2	7.59105453499e-06	E
1	11.7885400388	131734	ENSP00000365851-uc001irh.2-uc009xkg.2, ENSP00000369887-uc002afp.2-uc002afn.2, ENSP00000401514, ENSP00000441202-uc001zcs.2-uc001zcr.2	7.59105453499e-06	E
2	11.7885400388	131734	ENSP00000298281, ENSP00000365851-uc001irh.2-uc009xkg.2, ENSP00000369887-uc002afp.2-uc002afn.2, ENSP00000441202-uc001zcs.2-uc001zcr.2	7.59105453499e-06	E
2	11.7769406297	130215	ENSP00000359245, ENSP00000401470-uc003azu.2-uc003azr.2, ENSP00000429865, ENSP00000452037-uc001xoq.3-uc010arv.2	7.67961893625e-06	E
1	11.763161231	128433	ENSP00000263980-uc001bnm.2-uc001bnl.2, ENSP00000359245, ENSP00000367868-uc001imo.3-uc001imn.2, ENSP00000464052	7.78617189943e-06	E
1	11.7383887373	125290	ENSP00000225576, ENSP00000340062, ENSP00000359245, ENSP00000364037-uc004bas.2-uc011lvf.1	7.98146373995e-06	E
1	11.7287979157	124094	ENSP00000345498-uc001dyb.1-uc001dye.1, ENSP00000355183, ENSP00000415793, ENSP00000429865	8.05838079406e-06	E
1	11.7250354722	123628	ENSP00000264501, ENSP00000314420-uc002gkd.2-uc010cns.2, ENSP00000367868-uc001imo.3-uc001imn.2, ENSP00000369319-uc002asq.2-uc002asr.2	8.08875710514e-06	E
1	11.7199306029	122999	ENSP00000263209-uc002zri.2-uc002zrj.2, ENSP00000360187, ENSP00000411409, ENSP00000441202-uc001zcs.2-uc001zcr.2	8.13015472767e-06	E
1	11.6997541877	120542	ENSP00000355623-uc001hub.2-uc009xfh.1, ENSP00000359245, ENSP00000432787-uc003pzz.1-uc003pzw.1, ENSP00000464052	8.29585813394e-06	E
1	11.6997541877	120542	ENSP00000252999, ENSP00000374359-uc003eiv.2-uc003eix.2, ENSP00000399828-uc003gfr.2-uc003gfn.2, ENSP00000464052	8.29585813394e-06	E
1	11.6997541877	120542	ENSP00000252999, ENSP00000265077, ENSP00000399828-uc003gfr.2-uc003gfn.2, ENSP00000464052	8.29585813394e-06	E
1	11.6798988659	118172	ENSP00000360186, ENSP00000415793, ENSP00000441202-uc001zcs.2-uc001zcr.2, ENSP00000462521-uc001enn.3-uc001enm.1	8.46222119772e-06	E
1	11.6628071246	116170	ENSP00000273512-uc003fig.2-uc011bpy.1, ENSP00000358770-uc001kxo.1-uc001kxp.1, ENSP00000379353-uc001rfo.3-uc009zix.2, ENSP00000441202-uc001zcs.2-uc001zcr.2	8.60809838935e-06	E
1	11.6363910524	113141	ENSP00000292616-uc003uzn.2-uc003uzo.2, ENSP00000342263-uc003cbm.2-uc003cbl.3, ENSP00000357110-uc003qch.2-uc003qcd.1, ENSP00000429865	8.83852056378e-06	E
2	11.6363910524	113141	ENSP00000340626, ENSP00000357110-uc003qch.2-uc003qcd.1, ENSP00000363894-uc004bci.2-uc004bcj.1, ENSP00000429865	8.83852056378e-06	E
3	11.6231731599	111655	ENSP00000252999, ENSP00000288078-uc002eyy.2-uc002eyz.2, ENSP00000387133-uc010mda.1-uc010mdb.1, ENSP00000464052	8.95612269225e-06	E
1	11.6164841717	110911	ENSP00000265077, ENSP00000276893-uc003zjy.2-uc003zkb.2, ENSP00000347942-uc001jal.2-uc010qez.1, ENSP00000429865	9.01623089824e-06	E
1	11.6123713235	110456	ENSP00000265993-uc001klb.3-uc001kla.3, ENSP00000415793, ENSP00000441202-uc001zcs.2-uc001zcr.2, ENSP00000472749-uc010noz.2-uc004elo.3	9.05338964941e-06	E
2	11.5994054553	109033	ENSP00000382213, ENSP00000415793, ENSP00000417509-uc003die.3-uc003dib.3, ENSP00000441202-uc001zcs.2-uc001zcr.2	9.17153900524e-06	E
1	11.5983240917	108915	ENSP00000345444-uc001qfp.2-uc009zcv.2, ENSP00000363894-uc004bci.2-uc004bcj.1, ENSP00000401514, ENSP00000441202-uc001zcs.2-uc001zcr.2	9.18146213845e-06	E
1	11.5983240917	108915	ENSP00000287169-uc001nkx.1-uc001nky.1, ENSP00000298281, ENSP00000441202-uc001zcs.2-uc001zcr.2, ENSP00000452120-uc001shh.2-uc001shg.2	9.18146213845e-06	E
1	11.5944387788	108493	ENSP00000225576, ENSP00000340062, ENSP00000393571-uc001pjq.2-uc010rvu.1, ENSP00000469540-uc002omt.2-uc002oms.2	9.21720438119e-06	E
1	11.5944387788	108493	ENSP00000287169-uc001nkx.1-uc001nky.1, ENSP00000342263-uc003cbm.2-uc003cbl.3, ENSP00000429865, ENSP00000452120-uc001shh.2-uc001shg.2	9.21720438119e-06	E
5	11.5892716082	107934	ENSP00000225576, ENSP00000256649-uc001egz.2-uc001eha.2, ENSP00000355973-uc001hif.2-uc009xcz.2, ENSP00000359245	9.26495450922e-06	E
1	11.5892716082	107934	ENSP00000366299-uc002ign.2-uc010czu.2, ENSP00000378086-uc001xip.2-uc001xis.2, ENSP00000464052, ENSP00000469540-uc002omt.2-uc002oms.2	9.26495450922e-06	E
1	11.5892716082	107934	ENSP00000366299-uc002ign.2-uc010czu.2, ENSP00000393596, ENSP00000452037-uc001xoq.3-uc010arv.2, ENSP00000464052	9.26495450922e-06	E
1	11.5892716082	107934	ENSP00000252999, ENSP00000357336-uc001fkj.2-uc001fks.2, ENSP00000366299-uc002ign.2-uc010czu.2, ENSP00000464052	9.26495450922e-06	E
1	11.5892716082	107934	ENSP00000366299-uc002ign.2-uc010czu.2, ENSP00000369773-uc003mux.2-uc011dhs.1, ENSP00000429865, ENSP00000469540-uc002omt.2-uc002oms.2	9.26495450922e-06	E
1	11.5892716082	107934	ENSP00000295119-uc002upf.2-uc010zfs.1, ENSP00000366299-uc002ign.2-uc010czu.2, ENSP00000429865, ENSP00000469540-uc002omt.2-uc002oms.2	9.26495450922e-06	E
1	11.5827094195	107228	ENSP00000311429-uc002aqb.2-uc010bhv.2, ENSP00000366299-uc002ign.2-uc010czu.2, ENSP00000386797-uc002tob.1-uc002toa.1, ENSP00000441202-uc001zcs.2-uc001zcr.2	9.32595281146e-06	E
1	11.5641694562	105258	ENSP00000354837-uc001fmt.2-uc001fmq.2, ENSP00000360202, ENSP00000367064, ENSP00000378548-uc010apj.2-uc001xed.2	9.50046839178e-06	E
1	11.5553864214	104338	ENSP00000225576, ENSP00000248846-uc003bkb.1-uc010has.1, ENSP00000252999, ENSP00000287169-uc001nkx.1-uc001nky.1	9.58427885224e-06	E
4	11.5484496137	103616	ENSP00000367196-uc003zyz.2-uc003zyy.1, ENSP00000395007-uc010lpi.2-uc003wfw.2, ENSP00000429865, ENSP00000469540-uc002omt.2-uc002oms.2	9.65099428044e-06	E
1	11.543616574	103117	ENSP00000225576, ENSP00000305924-uc001ycs.1-uc001ycr.2, ENSP00000401470-uc003azu.2-uc003azr.2, ENSP00000440926-uc003xfp.1-uc003xfq.1	9.69775081537e-06	E
2	11.543616574	103117	ENSP00000305924-uc001ycs.1-uc001ycr.2, ENSP00000401470-uc003azu.2-uc003azr.2, ENSP00000429865, ENSP00000440926-uc003xfp.1-uc003xfq.1	9.69775081537e-06	E
1	11.5317346451	101899	ENSP00000225576, ENSP00000264424-uc003ipc.2-uc003ipd.2, ENSP00000340062, ENSP00000429286-uc003xun.2-uc003xum.2	9.81366608658e-06	E
1	11.5313508633	101860	ENSP00000347942-uc001jal.2-uc010qez.1, ENSP00000356849-uc001gdt.1-uc010plf.1, ENSP00000432787-uc003pzz.1-uc003pzw.1, ENSP00000464052	9.81743311535e-06	E
1	11.5313508633	101860	ENSP00000265077, ENSP00000356849-uc001gdt.1-uc010plf.1, ENSP00000373390, ENSP00000464052	9.81743311535e-06	E
2	11.5302980278	101752	ENSP00000300737-uc001lyv.2-uc009yeg.2, ENSP00000344772-uc001apy.2-uc001apz.2, ENSP00000374359-uc003eiv.2-uc003eix.2, ENSP00000441202-uc001zcs.2-uc001zcr.2	9.8277747004e-06	E
1	11.5200188956	100712	ENSP00000265963-uc001moh.2-uc001moj.2, ENSP00000355929-uc001hjz.2-uc010ptq.1, ENSP00000366299-uc002ign.2-uc010czu.2, ENSP00000464052	9.92931668406e-06	E
1	11.5134548108	100053	ENSP00000222145-uc002pki.2-uc002pkh.2, ENSP00000261173-uc001tbh.2-uc009zsr.2, ENSP00000358770-uc001kxo.1-uc001kxp.1, ENSP00000464052	9.99470794261e-06	E
1	11.4983429663	98552.3	ENSP00000218089, ENSP00000300432-uc004bsu.2-uc011mao.1, ENSP00000329419-uc003etf.3-uc011bmv.1, ENSP00000441202-uc001zcs.2-uc001zcr.2	1.01468934204e-05	E
2	11.4898725808	97721.1	ENSP00000184956-uc002iyk.1-uc010ddk.1, ENSP00000298281, ENSP00000365851-uc001irh.2-uc009xkg.2, ENSP00000441202-uc001zcs.2-uc001zcr.2	1.02332065557e-05	E
3	11.4898725808	97721.1	ENSP00000271732-uc001evj.2-uc010pci.1, ENSP00000365851-uc001irh.2-uc009xkg.2, ENSP00000401514, ENSP00000441202-uc001zcs.2-uc001zcr.2	1.02332065557e-05	E
1	11.4884920934	97586.3	ENSP00000252999, ENSP00000429865, ENSP00000443442-uc001ria.2-uc001rif.1, ENSP00000467423-uc002mcg.2-uc010xiu.1	1.02473431236e-05	E
1	11.4884889851	97586	ENSP00000225576, ENSP00000289968-uc002dnb.2-uc002dmw.2, ENSP00000292616-uc003uzn.2-uc003uzo.2, ENSP00000392264-uc010rre.1-uc009yth.2	1.02473749753e-05	E
1	11.4852176772	97267.3	ENSP00000253490-uc003mdk.2-uc010jjy.1, ENSP00000359094-uc002yfq.1-uc002yfo.1, ENSP00000376250-uc003fsv.2-uc003fsw.2, ENSP00000378548-uc010apj.2-uc001xed.2	1.02809521853e-05	E
1	11.4722293744	96012.1	ENSP00000233146-uc002rvy.1-uc010fbg.2, ENSP00000271688-uc001evz.2-uc009wmh.2, ENSP00000367868-uc001imo.3-uc001imn.2, ENSP00000369319-uc002asq.2-uc002asr.2	1.04153552502e-05	E
1	11.4605849825	94900.6	ENSP00000351627-uc002ozp.3-uc002ozo.3, ENSP00000386626-uc002tzd.3-uc010zch.1, ENSP00000432787-uc003pzz.1-uc003pzw.1, ENSP00000464052	1.05373445952e-05	E
1	11.457203556	94580.2	ENSP00000271688-uc001evz.2-uc009wmh.2, ENSP00000355183, ENSP00000366299-uc002ign.2-uc010czu.2, ENSP00000429865	1.05730361615e-05	E
1	11.457203556	94580.2	ENSP00000308315-uc001cuv.2-uc010ons.1, ENSP00000366299-uc002ign.2-uc010czu.2, ENSP00000380891, ENSP00000464052	1.05730361615e-05	E
1	11.457203556	94580.2	ENSP00000225576, ENSP00000363894-uc004bci.2-uc004bcj.1, ENSP00000366299-uc002ign.2-uc010czu.2, ENSP00000385839-uc001snt.2-uc009zpn.1	1.05730361615e-05	E
1	11.457203556	94580.2	ENSP00000271688-uc001evz.2-uc009wmh.2, ENSP00000366299-uc002ign.2-uc010czu.2, ENSP00000367030-uc001iop.2-uc001ior.2, ENSP00000464052	1.05730361615e-05	E
1	11.457203556	94580.2	ENSP00000225576, ENSP00000354086-uc001cxa.3-uc001cxc.3, ENSP00000366299-uc002ign.2-uc010czu.2, ENSP00000469540-uc002omt.2-uc002oms.2	1.05730361615e-05	E
1	11.457203556	94580.2	ENSP00000363894-uc004bci.2-uc004bcj.1, ENSP00000366299-uc002ign.2-uc010czu.2, ENSP00000385839-uc001snt.2-uc009zpn.1, ENSP00000464052	1.05730361615e-05	E
1	11.457203556	94580.2	ENSP00000271688-uc001evz.2-uc009wmh.2, ENSP00000366299-uc002ign.2-uc010czu.2, ENSP00000384797, ENSP00000429865	1.05730361615e-05	E
1	11.457203556	94580.2	ENSP00000366299-uc002ign.2-uc010czu.2, ENSP00000366460-uc001iqg.1-uc009xkc.1, ENSP00000429865, ENSP00000469540-uc002omt.2-uc002oms.2	1.05730361615e-05	E
1	11.457203556	94580.2	ENSP00000261658-uc002dco.2-uc010uzh.1, ENSP00000366299-uc002ign.2-uc010czu.2, ENSP00000380891, ENSP00000464052	1.05730361615e-05	E
1	11.457203556	94580.2	ENSP00000261658-uc002dco.2-uc010uzh.1, ENSP00000366299-uc002ign.2-uc010czu.2, ENSP00000384797, ENSP00000464052	1.05730361615e-05	E
1	11.4559200034	94458.9	ENSP00000311429-uc002aqb.2-uc010bhv.2, ENSP00000408342-uc002mkd.2-uc002mkc.2, ENSP00000411409, ENSP00000464052	1.05866159237e-05	E
3	11.4474930581	93666.2	ENSP00000401470-uc003azu.2-uc003azr.2, ENSP00000429865, ENSP00000440926-uc003xfp.1-uc003xfq.1, ENSP00000467075-uc010xdd.1-uc002lcy.2	1.06762057104e-05	E
1	11.4428283248	93230.3	ENSP00000359245, ENSP00000384164-uc010gci.1-uc002wpg.1, ENSP00000422464-uc003iph.1-uc011cir.1, ENSP00000464052	1.07261236993e-05	E
1	11.4379092951	92772.8	ENSP00000248846-uc003bkb.1-uc010has.1, ENSP00000268638-uc002fjh.2-uc010chp.2, ENSP00000435299-uc001lrv.2-uc001lrw.2, ENSP00000464052	1.07790158031e-05	E
1	11.4374335822	92728.7	ENSP00000225576, ENSP00000263196-uc002zoq.1-uc011agr.1, ENSP00000265077, ENSP00000347942-uc001jal.2-uc010qez.1	1.07841447399e-05	E
2	11.4374335822	92728.7	ENSP00000263196-uc002zoq.1-uc011agr.1, ENSP00000347665, ENSP00000408342-uc002mkd.2-uc002mkc.2, ENSP00000429865	1.07841447399e-05	E
1	11.4374335822	92728.7	ENSP00000263196-uc002zoq.1-uc011agr.1, ENSP00000265077, ENSP00000408342-uc002mkd.2-uc002mkc.2, ENSP00000429865	1.07841447399e-05	E
1	11.4188439678	91020.9	ENSP00000248846-uc003bkb.1-uc010has.1, ENSP00000265077, ENSP00000299767-uc001tkb.1-uc010swg.1, ENSP00000429865	1.09864927911e-05	E
3	11.3992943955	89258.7	ENSP00000318115-uc002olu.1-uc002olt.1, ENSP00000360202, ENSP00000380025-uc002vhp.1-uc010zjz.1, ENSP00000441202-uc001zcs.2-uc001zcr.2	1.12033872143e-05	E
1	11.3898248536	88417.5	ENSP00000225576, ENSP00000252999, ENSP00000329867-uc001ouw.2-uc001oux.2, ENSP00000340062	1.1309982065e-05	E
1	11.3898248536	88417.5	ENSP00000252999, ENSP00000329867-uc001ouw.2-uc001oux.2, ENSP00000464052, ENSP00000469540-uc002omt.2-uc002oms.2	1.1309982065e-05	E
1	11.3898248536	88417.5	ENSP00000225576, ENSP00000340062, ENSP00000341957-uc010pvb.1-uc010puz.1, ENSP00000359245	1.1309982065e-05	E
2	11.3881552652	88270	ENSP00000321498-uc003vvo.2-uc003vvn.2, ENSP00000335321, ENSP00000356554-uc003qjr.3-uc010khh.2, ENSP00000441202-uc001zcs.2-uc001zcr.2	1.13288808522e-05	E
1	11.3873355676	88197.6	ENSP00000355973-uc001hif.2-uc009xcz.2, ENSP00000366299-uc002ign.2-uc010czu.2, ENSP00000374359-uc003eiv.2-uc003eix.2, ENSP00000441202-uc001zcs.2-uc001zcr.2	1.13381709157e-05	E
1	11.3865898728	88131.9	ENSP00000377643-uc002hun.1-uc002huk.1, ENSP00000408576-uc003cop.1-uc010hit.1, ENSP00000441202-uc001zcs.2-uc001zcr.2, ENSP00000457354-uc002fhe.2-uc002fhd.2	1.13466288839e-05	E
2	11.3801614168	87567.2	ENSP00000339435-uc002fue.1-uc002fui.1, ENSP00000402515, ENSP00000464052, ENSP00000469540-uc002omt.2-uc002oms.2	1.14198051414e-05	E
1	11.3801614168	87567.2	ENSP00000339435-uc002fue.1-uc002fui.1, ENSP00000351627-uc002ozp.3-uc002ozo.3, ENSP00000464052, ENSP00000469540-uc002omt.2-uc002oms.2	1.14198051414e-05	E
4	11.3750101313	87117.2	ENSP00000334143-uc002vxx.3-uc002vxy.2, ENSP00000356641-uc001gku.1-uc009wwv.2, ENSP00000415793, ENSP00000441202-uc001zcs.2-uc001zcr.2	1.14787835947e-05	E
1	11.3684571392	86548.2	ENSP00000252999, ENSP00000352288-uc003bkv.3-uc003bkt.1, ENSP00000415793, ENSP00000464052	1.15542509719e-05	E
2	11.3655601397	86297.9	ENSP00000248846-uc003bkb.1-uc010has.1, ENSP00000335652, ENSP00000364218-uc004aym.2-uc004ayk.2, ENSP00000464052	1.1587772163e-05	E
1	11.3651215997	86260	ENSP00000320885-uc002roc.2-uc002rod.2, ENSP00000347942-uc001jal.2-uc010qez.1, ENSP00000423228-uc003jlg.1-uc003jlb.1, ENSP00000441202-uc001zcs.2-uc001zcr.2	1.15928549791e-05	E
1	11.3651215997	86260	ENSP00000267938-uc002bbg.2-uc002bbi.2, ENSP00000298281, ENSP00000441202-uc001zcs.2-uc001zcr.2, ENSP00000472749-uc010noz.2-uc004elo.3	1.15928549791e-05	E
1	11.3587776721	85714.5	ENSP00000225576, ENSP00000273512-uc003fig.2-uc011bpy.1, ENSP00000318775-uc003gro.2-uc003grp.2, ENSP00000340062	1.1666632985e-05	E
1	11.3535738101	85269.6	ENSP00000320885-uc002roc.2-uc002rod.2, ENSP00000334143-uc002vxx.3-uc002vxy.2, ENSP00000411409, ENSP00000441202-uc001zcs.2-uc001zcr.2	1.1727502775e-05	E
1	11.3496717518	84937.6	ENSP00000225576, ENSP00000248846-uc003bkb.1-uc010has.1, ENSP00000357110-uc003qch.2-uc003qcd.1, ENSP00000363894-uc004bci.2-uc004bcj.1	1.17733535726e-05	E
1	11.3384706244	83991.5	ENSP00000256339-uc001ybs.1-uc001ybv.1, ENSP00000365851-uc001irh.2-uc009xkg.2, ENSP00000401514, ENSP00000441202-uc001zcs.2-uc001zcr.2	1.19059697444e-05	E
7	11.3384706244	83991.5	ENSP00000282478, ENSP00000308018-uc003ziz.1-uc003zja.1, ENSP00000365851-uc001irh.2-uc009xkg.2, ENSP00000441202-uc001zcs.2-uc001zcr.2	1.19059697444e-05	E
1	11.3384706244	83991.5	ENSP00000263960-uc002uuh.1-uc010fsl.1, ENSP00000298281, ENSP00000365851-uc001irh.2-uc009xkg.2, ENSP00000441202-uc001zcs.2-uc001zcr.2	1.19059697444e-05	E
1	11.3384706244	83991.5	ENSP00000308018-uc003ziz.1-uc003zja.1, ENSP00000365851-uc001irh.2-uc009xkg.2, ENSP00000382213, ENSP00000441202-uc001zcs.2-uc001zcr.2	1.19059697444e-05	E
1	11.3309385315	83361.2	ENSP00000252999, ENSP00000288078-uc002eyy.2-uc002eyz.2, ENSP00000344223-uc002fhi.2-uc002fhh.2, ENSP00000464052	1.19959851917e-05	E
1	11.3288132078	83184.2	ENSP00000262394-uc002gzd.1-uc002gze.1, ENSP00000312158-uc003nib.1-uc003nic.1, ENSP00000429865, ENSP00000432787-uc003pzz.1-uc003pzw.1	1.20215076556e-05	E
1	11.3288132078	83184.2	ENSP00000262394-uc002gzd.1-uc002gze.1, ENSP00000265077, ENSP00000312158-uc003nib.1-uc003nic.1, ENSP00000429865	1.20215076556e-05	E
1	11.3250476041	82871.6	ENSP00000207457-uc001bzr.2-uc001bzs.2, ENSP00000342148-uc001dwn.2-uc009weu.2, ENSP00000365851-uc001irh.2-uc009xkg.2, ENSP00000441202-uc001zcs.2-uc001zcr.2	1.20668612274e-05	E
1	11.3163095285	82150.6	ENSP00000352288-uc003bkv.3-uc003bkt.1, ENSP00000359245, ENSP00000367868-uc001imo.3-uc001imn.2, ENSP00000429865	1.21727643938e-05	E
4	11.3163095285	82150.6	ENSP00000225576, ENSP00000329867-uc001ouw.2-uc001oux.2, ENSP00000359245, ENSP00000376362-uc001tui.1-uc001tuh.2	1.21727643938e-05	E
1	11.3124139083	81831.2	ENSP00000252999, ENSP00000320885-uc002roc.2-uc002rod.2, ENSP00000367030-uc001iop.2-uc001ior.2, ENSP00000464052	1.22202773477e-05	E
1	11.3124139083	81831.2	ENSP00000225576, ENSP00000359245, ENSP00000360186, ENSP00000437271-uc001njs.2-uc001njp.2	1.22202773477e-05	E
2	11.3115762525	81762.7	ENSP00000225576, ENSP00000356607-uc001glz.2-uc010pnb.1, ENSP00000359818-uc001knt.2-uc001knq.2, ENSP00000415793	1.2230518022e-05	E
2	11.3111140737	81724.9	ENSP00000358770-uc001kxo.1-uc001kxp.1, ENSP00000416097-uc011maw.1-uc010mxw.2, ENSP00000429865, ENSP00000432787-uc003pzz.1-uc003pzw.1	1.22361720141e-05	E
1	11.3092935959	81576.3	ENSP00000019103-uc002tma.2-uc002tlz.2, ENSP00000264424-uc003ipc.2-uc003ipd.2, ENSP00000366299-uc002ign.2-uc010czu.2, ENSP00000441202-uc001zcs.2-uc001zcr.2	1.22584679822e-05	E
1	11.307458064	81426.7	ENSP00000225576, ENSP00000252999, ENSP00000383191-uc002zhg.2-uc002zhk.2, ENSP00000423228-uc003jlg.1-uc003jlb.1	1.22809894548e-05	E
2	11.3026879252	81039.2	ENSP00000271588, ENSP00000347942-uc001jal.2-uc010qez.1, ENSP00000383191-uc002zhg.2-uc002zhk.2, ENSP00000429865	1.23397114236e-05	E
1	11.3026879252	81039.2	ENSP00000351338-uc003csx.2-uc003cst.2, ENSP00000383191-uc002zhg.2-uc002zhk.2, ENSP00000408342-uc002mkd.2-uc002mkc.2, ENSP00000429865	1.23397114236e-05	E
1	11.3017252277	80961.2	ENSP00000366299-uc002ign.2-uc010czu.2, ENSP00000380891, ENSP00000419279-uc003vus.2-uc011kqq.1, ENSP00000464052	1.23515965535e-05	E
3	11.2789276832	79136.4	ENSP00000294785-uc001fvx.2-uc010pjg.1, ENSP00000380891, ENSP00000441202-uc001zcs.2-uc001zcr.2, ENSP00000467207-uc002lxy.2-uc010dtl.1	1.26364168912e-05	E
2	11.2789276832	79136.4	ENSP00000360199, ENSP00000429865, ENSP00000432787-uc003pzz.1-uc003pzw.1, ENSP00000436958-uc001pbl.2-uc001pbk.2	1.26364168912e-05	E
1	11.2789276832	79136.4	ENSP00000340062, ENSP00000374359-uc003eiv.2-uc003eix.2, ENSP00000436958-uc001pbl.2-uc001pbk.2, ENSP00000464052	1.26364168912e-05	E
1	11.2789276832	79136.4	ENSP00000218089, ENSP00000429865, ENSP00000432787-uc003pzz.1-uc003pzw.1, ENSP00000436958-uc001pbl.2-uc001pbk.2	1.26364168912e-05	E
1	11.2772614531	79004.6	ENSP00000335321, ENSP00000357110-uc003qch.2-uc003qcd.1, ENSP00000401514, ENSP00000441202-uc001zcs.2-uc001zcr.2	1.26574896215e-05	E
1	11.2720058262	78590.5	ENSP00000233146-uc002rvy.1-uc010fbg.2, ENSP00000367868-uc001imo.3-uc001imn.2, ENSP00000369319-uc002asq.2-uc002asr.2, ENSP00000392775-uc003vbd.2-uc011klj.1	1.27241877802e-05	E
1	11.2720058262	78590.5	ENSP00000233146-uc002rvy.1-uc010fbg.2, ENSP00000367868-uc001imo.3-uc001imn.2, ENSP00000369319-uc002asq.2-uc002asr.2, ENSP00000449960-uc001sef.2-uc001see.2	1.27241877802e-05	E
2	11.2689310455	78349.2	ENSP00000294785-uc001fvx.2-uc010pjg.1, ENSP00000379353-uc001rfo.3-uc009zix.2, ENSP00000380891, ENSP00000441202-uc001zcs.2-uc001zcr.2	1.27633720785e-05	E
1	11.2646430743	78014	ENSP00000292616-uc003uzn.2-uc003uzo.2, ENSP00000359245, ENSP00000401470-uc003azu.2-uc003azr.2, ENSP00000429865	1.28182185556e-05	E
1	11.2646430743	78014	ENSP00000356966-uc001fze.2-uc009wue.2, ENSP00000359245, ENSP00000374359-uc003eiv.2-uc003eix.2, ENSP00000464052	1.28182185556e-05	E
2	11.2642218631	77981.1	ENSP00000265140-uc003kkr.3-uc003kks.2, ENSP00000415793, ENSP00000435299-uc001lrv.2-uc001lrw.2, ENSP00000441202-uc001zcs.2-uc001zcr.2	1.28236188705e-05	E
1	11.2605068215	77691.9	ENSP00000249075-uc003agz.2-uc011aks.1, ENSP00000353114, ENSP00000377643-uc002hun.1-uc002huk.1, ENSP00000441202-uc001zcs.2-uc001zcr.2	1.28713477506e-05	E
2	11.2309842867	75431.8	ENSP00000362298-uc001jrm.2-uc009xqk.2, ENSP00000367868-uc001imo.3-uc001imn.2, ENSP00000429865, ENSP00000472749-uc010noz.2-uc004elo.3	1.3257007377e-05	E
1	11.2186704572	74508.6	ENSP00000374359-uc003eiv.2-uc003eix.2, ENSP00000429865, ENSP00000463916-uc001etp.2-uc001etq.2, ENSP00000469540-uc002omt.2-uc002oms.2	1.34212611263e-05	E
1	11.2186704572	74508.6	ENSP00000225576, ENSP00000335652, ENSP00000340062, ENSP00000463916-uc001etp.2-uc001etq.2	1.34212611263e-05	E
1	11.2186704572	74508.6	ENSP00000342263-uc003cbm.2-uc003cbl.3, ENSP00000374359-uc003eiv.2-uc003eix.2, ENSP00000463916-uc001etp.2-uc001etq.2, ENSP00000464052	1.34212611263e-05	E
2	11.2186704572	74508.6	ENSP00000225576, ENSP00000340062, ENSP00000355183, ENSP00000463916-uc001etp.2-uc001etq.2	1.34212611263e-05	E
2	11.1757064023	71375.2	ENSP00000342263-uc003cbm.2-uc003cbl.3, ENSP00000364037-uc004bas.2-uc011lvf.1, ENSP00000374359-uc003eiv.2-uc003eix.2, ENSP00000464052	1.40104594701e-05	E
1	11.1702978648	70990.3	ENSP00000347665, ENSP00000383191-uc002zhg.2-uc002zhk.2, ENSP00000415793, ENSP00000464052	1.40864408536e-05	E
1	11.1691599832	70909.5	ENSP00000225576, ENSP00000369081-uc003mxv.2-uc010jnz.2, ENSP00000408342-uc002mkd.2-uc002mkc.2, ENSP00000452120-uc001shh.2-uc001shg.2	1.41024786785e-05	E
1	11.1654770432	70648.8	ENSP00000265077, ENSP00000312158-uc003nib.1-uc003nic.1, ENSP00000318775-uc003gro.2-uc003grp.2, ENSP00000429865	1.4154513023e-05	E
1	11.1654770432	70648.8	ENSP00000264400-uc003hmi.1-uc010ijq.1, ENSP00000265077, ENSP00000318775-uc003gro.2-uc003grp.2, ENSP00000429865	1.4154513023e-05	E
1	11.1613154582	70355.4	ENSP00000225576, ENSP00000408342-uc002mkd.2-uc002mkc.2, ENSP00000416097-uc011maw.1-uc010mxw.2, ENSP00000435299-uc001lrv.2-uc001lrw.2	1.42135409713e-05	E
1	11.1515948563	69674.9	ENSP00000362298-uc001jrm.2-uc009xqk.2, ENSP00000373390, ENSP00000464052, ENSP00000472749-uc010noz.2-uc004elo.3	1.43523788447e-05	E
1	11.1451373589	69226.4	ENSP00000225576, ENSP00000252999, ENSP00000340062, ENSP00000354040-uc001ift.2-uc010qad.1	1.44453591811e-05	E
3	11.1451373589	69226.4	ENSP00000252999, ENSP00000288078-uc002eyy.2-uc002eyz.2, ENSP00000389998-uc011lgk.1-uc011lgl.1, ENSP00000464052	1.44453591811e-05	E
1	11.1451373589	69226.4	ENSP00000252999, ENSP00000306340-uc011cbp.1-uc003hiq.2, ENSP00000367030-uc001iop.2-uc001ior.2, ENSP00000464052	1.44453591811e-05	E
1	11.1451373589	69226.4	ENSP00000265077, ENSP00000359245, ENSP00000363506-uc002xcd.2-uc010zuz.1, ENSP00000464052	1.44453591811e-05	E
1	11.1402697054	68890.2	ENSP00000377643-uc002hun.1-uc002huk.1, ENSP00000426968-uc010iqc.2-uc003ioz.2, ENSP00000441202-uc001zcs.2-uc001zcr.2, ENSP00000454552-uc002fec.2-uc002fed.1	1.45158455967e-05	E
1	11.1381447306	68744	ENSP00000225576, ENSP00000356849-uc001gdt.1-uc010plf.1, ENSP00000360199, ENSP00000415793	1.45467241996e-05	E
3	11.1362240793	68612.1	ENSP00000316426-uc002hqi.3-uc010cvn.1, ENSP00000318373-uc002rkk.2-uc002rkj.2, ENSP00000363894-uc004bci.2-uc004bcj.1, ENSP00000464052	1.4574690232e-05	E
2	11.127721565	68031.2	ENSP00000252999, ENSP00000295797-uc003fgs.2-uc003fgt.2, ENSP00000347942-uc001jal.2-uc010qez.1, ENSP00000429865	1.46991400635e-05	E
1	11.1245991249	67819.1	ENSP00000298281, ENSP00000400717-uc002jfc.2-uc010wqh.1, ENSP00000423228-uc003jlg.1-uc003jlb.1, ENSP00000441202-uc001zcs.2-uc001zcr.2	1.47451089774e-05	E
1	11.1245991249	67819.1	ENSP00000384164-uc010gci.1-uc002wpg.1, ENSP00000401514, ENSP00000441202-uc001zcs.2-uc001zcr.2, ENSP00000471186-uc004fli.3-uc004flj.2	1.47451089774e-05	E
1	11.1199564154	67505	ENSP00000248846-uc003bkb.1-uc010has.1, ENSP00000365757-uc001irl.3-uc010qcu.1, ENSP00000464052, ENSP00000469540-uc002omt.2-uc002oms.2	1.4813725395e-05	E
1	11.1112358073	66918.8	ENSP00000366299-uc002ign.2-uc010czu.2, ENSP00000429865, ENSP00000441045-uc003gkw.3-uc003gky.2, ENSP00000469540-uc002omt.2-uc002oms.2	1.49434750149e-05	E
1	11.1105933899	66875.9	ENSP00000225576, ENSP00000252999, ENSP00000359245, ENSP00000378438-uc002azq.3-uc002azr.3	1.49530780471e-05	E
3	11.062767117	63752.7	ENSP00000237596-uc003hre.2-uc011cdg.1, ENSP00000351627-uc002ozp.3-uc002ozo.3, ENSP00000415793, ENSP00000464052	1.56856054416e-05	E
1	11.0566253897	63362.4	ENSP00000265077, ENSP00000336888-uc002mpf.2-uc002mpi.2, ENSP00000347942-uc001jal.2-uc010qez.1, ENSP00000429865	1.57822385963e-05	E
1	11.0439764144	62565.9	ENSP00000262518, ENSP00000311429-uc002aqb.2-uc010bhv.2, ENSP00000344772-uc001apy.2-uc001apz.2, ENSP00000378548-uc010apj.2-uc001xed.2	1.59831356353e-05	E
2	11.0438702559	62559.3	ENSP00000312158-uc003nib.1-uc003nic.1, ENSP00000318775-uc003gro.2-uc003grp.2, ENSP00000319255-uc001pdg.2-uc009yvz.2, ENSP00000429865	1.59848324716e-05	E
1	11.0428959089	62498.4	ENSP00000303279-uc001hmc.2-uc001hmd.2, ENSP00000347445-uc002cwl.2-uc010uxk.1, ENSP00000377643-uc002hun.1-uc002huk.1, ENSP00000441202-uc001zcs.2-uc001zcr.2	1.60004148345e-05	E
1	11.026482009	61480.9	ENSP00000317128-uc003emx.2-uc003emw.2, ENSP00000386797-uc002tob.1-uc002toa.1, ENSP00000392264-uc010rre.1-uc009yth.2, ENSP00000441202-uc001zcs.2-uc001zcr.2	1.62652112687e-05	E
1	11.0251413102	61398.5	ENSP00000239906-uc003lcw.2-uc011cyr.1, ENSP00000355929-uc001hjz.2-uc010ptq.1, ENSP00000366299-uc002ign.2-uc010czu.2, ENSP00000464052	1.62870326417e-05	E
1	11.0160729997	60844.3	ENSP00000280700-uc003cdl.2-uc003cdk.2, ENSP00000321498-uc003vvo.2-uc003vvn.2, ENSP00000377643-uc002hun.1-uc002huk.1, ENSP00000441202-uc001zcs.2-uc001zcr.2	1.64354002159e-05	E
1	11.0158603996	60831.3	ENSP00000305924-uc001ycs.1-uc001ycr.2, ENSP00000422464-uc003iph.1-uc011cir.1, ENSP00000429286-uc003xun.2-uc003xum.2, ENSP00000429865	1.64388947558e-05	E
1	11.0154924082	60809	ENSP00000298281, ENSP00000328103-uc003ala.1-uc003akx.1, ENSP00000366299-uc002ign.2-uc010czu.2, ENSP00000441202-uc001zcs.2-uc001zcr.2	1.64449452405e-05	E
1	11.0154924082	60809	ENSP00000273371-uc003ecu.2-uc011bjc.1, ENSP00000298281, ENSP00000366299-uc002ign.2-uc010czu.2, ENSP00000441202-uc001zcs.2-uc001zcr.2	1.64449452405e-05	E
1	11.012423257	60622.6	ENSP00000225576, ENSP00000265872-uc001joo.2-uc010qjb.1, ENSP00000318775-uc003gro.2-uc003grp.2, ENSP00000359245	1.6495494796e-05	E
1	11.001978689	59992.7	ENSP00000366299-uc002ign.2-uc010czu.2, ENSP00000386797-uc002tob.1-uc002toa.1, ENSP00000436619-uc004aiq.2-uc004air.2, ENSP00000441202-uc001zcs.2-uc001zcr.2	1.66686859921e-05	E
1	11.001978689	59992.7	ENSP00000262593-uc002xwy.2-uc010gin.2, ENSP00000366299-uc002ign.2-uc010czu.2, ENSP00000423228-uc003jlg.1-uc003jlb.1, ENSP00000441202-uc001zcs.2-uc001zcr.2	1.66686859921e-05	E
1	10.9979724532	59752.9	ENSP00000273512-uc003fig.2-uc011bpy.1, ENSP00000301067, ENSP00000369319-uc002asq.2-uc002asr.2, ENSP00000391524-uc011arv.1-uc011aru.1	1.67355986234e-05	E
2	10.9939301018	59511.8	ENSP00000316007-uc002luj.2-uc010dss.2, ENSP00000342263-uc003cbm.2-uc003cbl.3, ENSP00000366299-uc002ign.2-uc010czu.2, ENSP00000464052	1.68033867125e-05	E
1	10.9939301018	59511.8	ENSP00000290810-uc002eqf.2-uc002eqg.2, ENSP00000363894-uc004bci.2-uc004bcj.1, ENSP00000366299-uc002ign.2-uc010czu.2, ENSP00000464052	1.68033867125e-05	E
1	10.9939301018	59511.8	ENSP00000260803-uc003erv.2-uc003ert.2, ENSP00000355183, ENSP00000366299-uc002ign.2-uc010czu.2, ENSP00000464052	1.68033867125e-05	E
2	10.9939301018	59511.8	ENSP00000290810-uc002eqf.2-uc002eqg.2, ENSP00000366299-uc002ign.2-uc010czu.2, ENSP00000380891, ENSP00000464052	1.68033867125e-05	E
1	10.9939301018	59511.8	ENSP00000294794-uc001gbu.2-uc001gbt.2, ENSP00000366299-uc002ign.2-uc010czu.2, ENSP00000429865, ENSP00000469540-uc002omt.2-uc002oms.2	1.68033867125e-05	E
1	10.9809669668	58745.3	ENSP00000399501, ENSP00000416097-uc011maw.1-uc010mxw.2, ENSP00000429286-uc003xun.2-uc003xum.2, ENSP00000429865	1.70226292496e-05	E
1	10.9770088749	58513.3	ENSP00000355632-uc010pwa.1-uc001htu.2, ENSP00000366299-uc002ign.2-uc010czu.2, ENSP00000386797-uc002tob.1-uc002toa.1, ENSP00000441202-uc001zcs.2-uc001zcr.2	1.70901398977e-05	E
1	10.9729925153	58278.7	ENSP00000019103-uc002tma.2-uc002tlz.2, ENSP00000364493-uc004aur.2-uc011luh.1, ENSP00000411409, ENSP00000441202-uc001zcs.2-uc001zcr.2	1.71589180723e-05	E
1	10.9648527462	57806.3	ENSP00000342263-uc003cbm.2-uc003cbl.3, ENSP00000386797-uc002tob.1-uc002toa.1, ENSP00000416892-uc003auf.2-uc003auh.2, ENSP00000464052	1.72991576878e-05	E
1	10.9648527462	57806.3	ENSP00000292616-uc003uzn.2-uc003uzo.2, ENSP00000387133-uc010mda.1-uc010mdb.1, ENSP00000392264-uc010rre.1-uc009yth.2, ENSP00000429865	1.72991576878e-05	E
1	10.9648527462	57806.3	ENSP00000252999, ENSP00000300456-uc004but.2-uc004buu.2, ENSP00000374359-uc003eiv.2-uc003eix.2, ENSP00000464052	1.72991576878e-05	E
1	10.9648527462	57806.3	ENSP00000252999, ENSP00000300456-uc004but.2-uc004buu.2, ENSP00000360187, ENSP00000464052	1.72991576878e-05	E
2	10.9620936143	57647	ENSP00000252999, ENSP00000340062, ENSP00000356849-uc001gdt.1-uc010plf.1, ENSP00000464052	1.73469542534e-05	E
1	10.9620936143	57647	ENSP00000225576, ENSP00000340062, ENSP00000356849-uc001gdt.1-uc010plf.1, ENSP00000384164-uc010gci.1-uc002wpg.1	1.73469542534e-05	E
2	10.9573703653	57375.4	ENSP00000261733-uc001tst.2-uc010syi.1, ENSP00000303279-uc001hmc.2-uc001hmd.2, ENSP00000394902-uc001lei.1-uc010qtb.1, ENSP00000429865	1.74290820407e-05	E
1	10.9562113818	57308.9	ENSP00000264501, ENSP00000366299-uc002ign.2-uc010czu.2, ENSP00000415057-uc010ukd.1-uc010bik.1, ENSP00000464052	1.74492937694e-05	E
1	10.9562113818	57308.9	ENSP00000248846-uc003bkb.1-uc010has.1, ENSP00000264555-uc001lqe.2-uc009yca.1, ENSP00000394902-uc001lei.1-uc010qtb.1, ENSP00000464052	1.74492937694e-05	E
1	10.9545867829	57215.9	ENSP00000265993-uc001klb.3-uc001kla.3, ENSP00000354529, ENSP00000432787-uc003pzz.1-uc003pzw.1, ENSP00000464052	1.74776649122e-05	E
5	10.9545867829	57215.9	ENSP00000265993-uc001klb.3-uc001kla.3, ENSP00000360199, ENSP00000429865, ENSP00000432787-uc003pzz.1-uc003pzw.1	1.74776649122e-05	E
1	10.9429698369	56555.1	ENSP00000265993-uc001klb.3-uc001kla.3, ENSP00000300432-uc004bsu.2-uc011mao.1, ENSP00000346065-uc003oyj.2-uc010jze.2, ENSP00000464052	1.76818859179e-05	E
1	10.9365552423	56193.4	ENSP00000263980-uc001bnm.2-uc001bnl.2, ENSP00000358770-uc001kxo.1-uc001kxp.1, ENSP00000429865, ENSP00000432787-uc003pzz.1-uc003pzw.1	1.77956726057e-05	E
2	10.933568738	56025.9	ENSP00000248054-uc002nez.1-uc010eaj.1, ENSP00000374359-uc003eiv.2-uc003eix.2, ENSP00000386181-uc002uln.2-uc010zfc.1, ENSP00000441202-uc001zcs.2-uc001zcr.2	1.78488988988e-05	E
1	10.933568738	56025.9	ENSP00000260506-uc001dpw.2-uc010otl.1, ENSP00000360187, ENSP00000411409, ENSP00000441202-uc001zcs.2-uc001zcr.2	1.78488988988e-05	E
1	10.933568738	56025.9	ENSP00000019103-uc002tma.2-uc002tlz.2, ENSP00000377643-uc002hun.1-uc002huk.1, ENSP00000441202-uc001zcs.2-uc001zcr.2, ENSP00000471156-uc004eau.2-uc011mqe.1	1.78488988988e-05	E
1	10.9181580852	55169.1	ENSP00000225576, ENSP00000248846-uc003bkb.1-uc010has.1, ENSP00000340062, ENSP00000423485-uc010jgh.2-uc003lmh.3	1.81260924637e-05	E
1	10.9181580852	55169.1	ENSP00000225576, ENSP00000366299-uc002ign.2-uc010czu.2, ENSP00000400717-uc002jfc.2-uc010wqh.1, ENSP00000469540-uc002omt.2-uc002oms.2	1.81260924637e-05	E
1	10.9157963122	55038.9	ENSP00000225388-uc002hdy.3-uc002hdx.3, ENSP00000344772-uc001apy.2-uc001apz.2, ENSP00000374359-uc003eiv.2-uc003eix.2, ENSP00000441202-uc001zcs.2-uc001zcr.2	1.81689527731e-05	E
1	10.9153283266	55013.2	ENSP00000300658-uc002hsj.2-uc010cvy.2, ENSP00000363894-uc004bci.2-uc004bcj.1, ENSP00000423228-uc003jlg.1-uc003jlb.1, ENSP00000441202-uc001zcs.2-uc001zcr.2	1.81774575696e-05	E
1	10.9153283266	55013.2	ENSP00000300658-uc002hsj.2-uc010cvy.2, ENSP00000363894-uc004bci.2-uc004bcj.1, ENSP00000386797-uc002tob.1-uc002toa.1, ENSP00000441202-uc001zcs.2-uc001zcr.2	1.81774575696e-05	E
1	10.9079745673	54610.1	ENSP00000225576, ENSP00000386626-uc002tzd.3-uc010zch.1, ENSP00000432787-uc003pzz.1-uc003pzw.1, ENSP00000458290-uc002klh.3-uc010dkj.2	1.83116229233e-05	E
1	10.8926223575	53778.1	ENSP00000242209-uc003tdh.2-uc011kam.1, ENSP00000252999, ENSP00000374359-uc003eiv.2-uc003eix.2, ENSP00000464052	1.85949158215e-05	E
1	10.8926223575	53778.1	ENSP00000359245, ENSP00000363894-uc004bci.2-uc004bcj.1, ENSP00000422464-uc003iph.1-uc011cir.1, ENSP00000464052	1.85949158215e-05	E
5	10.8921835218	53754.5	ENSP00000335321, ENSP00000379006-uc002ape.3-uc010ujb.1, ENSP00000401514, ENSP00000441202-uc001zcs.2-uc001zcr.2	1.86030777256e-05	E
1	10.8921835218	53754.5	ENSP00000342148-uc001dwn.2-uc009weu.2, ENSP00000365851-uc001irh.2-uc009xkg.2, ENSP00000401514, ENSP00000441202-uc001zcs.2-uc001zcr.2	1.86030777256e-05	E
1	10.8921835218	53754.5	ENSP00000357336-uc001fkj.2-uc001fks.2, ENSP00000365851-uc001irh.2-uc009xkg.2, ENSP00000401514, ENSP00000441202-uc001zcs.2-uc001zcr.2	1.86030777256e-05	E
1	10.8921835218	53754.5	ENSP00000365851-uc001irh.2-uc009xkg.2, ENSP00000401514, ENSP00000415889-uc003wut.1-uc011kxl.1, ENSP00000441202-uc001zcs.2-uc001zcr.2	1.86030777256e-05	E
3	10.8918478177	53736.5	ENSP00000307387-uc003cfx.2-uc011axw.1, ENSP00000379625-uc011ayi.1-uc011ayk.1, ENSP00000429865, ENSP00000469540-uc002omt.2-uc002oms.2	1.86093239032e-05	E
2	10.8817521526	53196.7	ENSP00000344666, ENSP00000357110-uc003qch.2-uc003qcd.1, ENSP00000408342-uc002mkd.2-uc002mkc.2, ENSP00000429865	1.87981489587e-05	E
1	10.8757383051	52877.8	ENSP00000218089, ENSP00000343617-uc002qqw.2-uc010yhp.1, ENSP00000368800-uc010cdu.2-uc002ept.2, ENSP00000441202-uc001zcs.2-uc001zcr.2	1.89115387724e-05	E
1	10.8650889513	52317.6	ENSP00000225576, ENSP00000324842-uc001uhc.2-uc009zyh.2, ENSP00000342263-uc003cbm.2-uc003cbl.3, ENSP00000429286-uc003xun.2-uc003xum.2	1.91140106233e-05	E
1	10.8646584795	52295.1	ENSP00000347665, ENSP00000376800-uc003vte.3-uc010lmv.2, ENSP00000377643-uc002hun.1-uc002huk.1, ENSP00000441202-uc001zcs.2-uc001zcr.2	1.91222404385e-05	E
1	10.8630141891	52209.2	ENSP00000263196-uc002zoq.1-uc011agr.1, ENSP00000399501, ENSP00000408342-uc002mkd.2-uc002mkc.2, ENSP00000429865	1.9153708819e-05	E
1	10.8609388456	52101	ENSP00000225576, ENSP00000293261-uc002pix.1-uc010xzo.1, ENSP00000340062, ENSP00000469540-uc002omt.2-uc002oms.2	1.91935006194e-05	E
1	10.8609388456	52101	ENSP00000225576, ENSP00000340062, ENSP00000341957-uc010pvb.1-uc010puz.1, ENSP00000469540-uc002omt.2-uc002oms.2	1.91935006194e-05	E
1	10.8516309011	51618.3	ENSP00000320794, ENSP00000344772-uc001apy.2-uc001apz.2, ENSP00000366502-uc010oag.1-uc001aqf.2, ENSP00000378548-uc010apj.2-uc001xed.2	1.93729866857e-05	E
1	10.8511405396	51593	ENSP00000225388-uc002hdy.3-uc002hdx.3, ENSP00000298281, ENSP00000347942-uc001jal.2-uc010qez.1, ENSP00000441202-uc001zcs.2-uc001zcr.2	1.93824887827e-05	E
1	10.8492528618	51495.7	ENSP00000366299-uc002ign.2-uc010czu.2, ENSP00000380891, ENSP00000444443-uc010wbo.1-uc010wbp.1, ENSP00000464052	1.94191112316e-05	E
1	10.8492528618	51495.7	ENSP00000248846-uc003bkb.1-uc010has.1, ENSP00000344666, ENSP00000375809-uc002pbj.2-uc002pbi.2, ENSP00000429865	1.94191112316e-05	E
1	10.8492528618	51495.7	ENSP00000248846-uc003bkb.1-uc010has.1, ENSP00000354897, ENSP00000369213-uc003zra.2-uc010mjj.2, ENSP00000464052	1.94191112316e-05	E
1	10.8468856504	51373.9	ENSP00000311949-uc001gew.2-uc001gez.2, ENSP00000379154-uc001jap.1-uc001jao.1, ENSP00000401514, ENSP00000441202-uc001zcs.2-uc001zcr.2	1.94651348252e-05	E
1	10.8468856504	51373.9	ENSP00000249075-uc003agz.2-uc011aks.1, ENSP00000364000-uc002uqk.2-uc010frx.2, ENSP00000374359-uc003eiv.2-uc003eix.2, ENSP00000441202-uc001zcs.2-uc001zcr.2	1.94651348252e-05	E
2	10.8444042312	51246.6	ENSP00000369081-uc003mxv.2-uc010jnz.2, ENSP00000373390, ENSP00000386797-uc002tob.1-uc002toa.1, ENSP00000429865	1.95134959608e-05	E
1	10.8369971063	50868.4	ENSP00000356554-uc003qjr.3-uc010khh.2, ENSP00000374035-uc002iga.2-uc010wiv.1, ENSP00000423228-uc003jlg.1-uc003jlb.1, ENSP00000441202-uc001zcs.2-uc001zcr.2	1.96585714972e-05	E
1	10.8359197439	50813.6	ENSP00000264381-uc003fem.3-uc003fen.3, ENSP00000359245, ENSP00000401470-uc003azu.2-uc003azr.2, ENSP00000429865	1.96797623153e-05	E
1	10.8344472403	50738.9	ENSP00000252999, ENSP00000359665-uc001kog.1-uc009xvw.1, ENSP00000367030-uc001iop.2-uc001ior.2, ENSP00000464052	1.97087621815e-05	E
1	10.8116337055	49594.4	ENSP00000273512-uc003fig.2-uc011bpy.1, ENSP00000346065-uc003oyj.2-uc010jze.2, ENSP00000363894-uc004bci.2-uc004bcj.1, ENSP00000464052	2.01635567234e-05	E
1	10.8075356605	49391.6	ENSP00000263980-uc001bnm.2-uc001bnl.2, ENSP00000265077, ENSP00000429865, ENSP00000432787-uc003pzz.1-uc003pzw.1	2.02463574322e-05	E
1	10.8075356605	49391.6	ENSP00000263980-uc001bnm.2-uc001bnl.2, ENSP00000344666, ENSP00000429865, ENSP00000432787-uc003pzz.1-uc003pzw.1	2.02463574322e-05	E
1	10.8075356605	49391.6	ENSP00000263980-uc001bnm.2-uc001bnl.2, ENSP00000340062, ENSP00000429865, ENSP00000432787-uc003pzz.1-uc003pzw.1	2.02463574322e-05	E
1	10.7972564209	48886.5	ENSP00000360199, ENSP00000375051-uc001chn.2-uc001chp.2, ENSP00000441202-uc001zcs.2-uc001zcr.2, ENSP00000450613-uc010fyv.2-uc002vxp.3	2.04555479077e-05	E
1	10.7972564209	48886.5	ENSP00000218089, ENSP00000352798, ENSP00000436958-uc001pbl.2-uc001pbk.2, ENSP00000441202-uc001zcs.2-uc001zcr.2	2.04555479077e-05	E
1	10.7839187163	48238.8	ENSP00000248846-uc003bkb.1-uc010has.1, ENSP00000366299-uc002ign.2-uc010czu.2, ENSP00000415057-uc010ukd.1-uc010bik.1, ENSP00000464052	2.0730205543e-05	E
1	10.777943791	47951.4	ENSP00000225576, ENSP00000248846-uc003bkb.1-uc010has.1, ENSP00000255121-uc001coj.1-uc001coi.1, ENSP00000357110-uc003qch.2-uc003qcd.1	2.08544377426e-05	E
2	10.764311644	47302.2	ENSP00000265077, ENSP00000354897, ENSP00000359819-uc004eyb.2-uc010nrv.2, ENSP00000464052	2.11406750863e-05	E
1	10.764311644	47302.2	ENSP00000344666, ENSP00000359819-uc004eyb.2-uc010nrv.2, ENSP00000429865, ENSP00000432787-uc003pzz.1-uc003pzw.1	2.11406750863e-05	E
2	10.764311644	47302.2	ENSP00000344223-uc002fhi.2-uc002fhh.2, ENSP00000367196-uc003zyz.2-uc003zyy.1, ENSP00000429865, ENSP00000469540-uc002omt.2-uc002oms.2	2.11406750863e-05	E
3	10.764311644	47302.2	ENSP00000360199, ENSP00000419279-uc003vus.2-uc011kqq.1, ENSP00000429865, ENSP00000432787-uc003pzz.1-uc003pzw.1	2.11406750863e-05	E
1	10.7630671589	47243.3	ENSP00000342263-uc003cbm.2-uc003cbl.3, ENSP00000413507-uc011kav.1-uc003tey.2, ENSP00000429865, ENSP00000452120-uc001shh.2-uc001shg.2	2.11670007171e-05	E
1	10.7630374772	47241.9	ENSP00000225576, ENSP00000255121-uc001coj.1-uc001coi.1, ENSP00000347942-uc001jal.2-uc010qez.1, ENSP00000356849-uc001gdt.1-uc010plf.1	2.11676290004e-05	E
1	10.7596627437	47082.8	ENSP00000335652, ENSP00000347444-uc004axj.2-uc011luy.1, ENSP00000378548-uc010apj.2-uc001xed.2, ENSP00000379353-uc001rfo.3-uc009zix.2	2.12391847803e-05	E
1	10.7585131855	47028.7	ENSP00000311949-uc001gew.2-uc001gez.2, ENSP00000408342-uc002mkd.2-uc002mkc.2, ENSP00000411409, ENSP00000429865	2.12636144973e-05	E
1	10.7515403838	46701.9	ENSP00000225576, ENSP00000255121-uc001coj.1-uc001coi.1, ENSP00000261173-uc001tbh.2-uc009zsr.2, ENSP00000429286-uc003xun.2-uc003xum.2	2.14123995868e-05	E
1	10.7438723194	46345.2	ENSP00000356849-uc001gdt.1-uc010plf.1, ENSP00000432787-uc003pzz.1-uc003pzw.1, ENSP00000435299-uc001lrv.2-uc001lrw.2, ENSP00000464052	2.15772223729e-05	E
1	10.7304168718	45725.7	ENSP00000019103-uc002tma.2-uc002tlz.2, ENSP00000326534-uc001zpc.2-uc001zpb.2, ENSP00000411409, ENSP00000441202-uc001zcs.2-uc001zcr.2	2.1869515618e-05	E
1	10.7205167217	45275.3	ENSP00000383191-uc002zhg.2-uc002zhk.2, ENSP00000384164-uc010gci.1-uc002wpg.1, ENSP00000393596, ENSP00000429865	2.20871023982e-05	E
5	10.7170467422	45118.5	ENSP00000222145-uc002pki.2-uc002pkh.2, ENSP00000340062, ENSP00000364493-uc004aur.2-uc011luh.1, ENSP00000464052	2.21638773165e-05	E
1	10.7169403877	45113.7	ENSP00000225576, ENSP00000342263-uc003cbm.2-uc003cbl.3, ENSP00000351627-uc002ozp.3-uc002ozo.3, ENSP00000386626-uc002tzd.3-uc010zch.1	2.21662346712e-05	E
1	10.6610776695	42662.6	ENSP00000351627-uc002ozp.3-uc002ozo.3, ENSP00000366299-uc002ign.2-uc010czu.2, ENSP00000367830-uc001aiq.2-uc009vla.2, ENSP00000441202-uc001zcs.2-uc001zcr.2	2.34397403747e-05	E
1	10.6610776695	42662.6	ENSP00000248054-uc002nez.1-uc010eaj.1, ENSP00000366299-uc002ign.2-uc010czu.2, ENSP00000386181-uc002uln.2-uc010zfc.1, ENSP00000441202-uc001zcs.2-uc001zcr.2	2.34397403747e-05	E
1	10.6538293118	42354.5	ENSP00000340626, ENSP00000369081-uc003mxv.2-uc010jnz.2, ENSP00000369319-uc002asq.2-uc002asr.2, ENSP00000464052	2.36102572351e-05	E
1	10.6538293118	42354.5	ENSP00000225576, ENSP00000340626, ENSP00000369081-uc003mxv.2-uc010jnz.2, ENSP00000369319-uc002asq.2-uc002asr.2	2.36102572351e-05	E
3	10.6531198618	42324.4	ENSP00000351627-uc002ozp.3-uc002ozo.3, ENSP00000383191-uc002zhg.2-uc002zhk.2, ENSP00000429865, ENSP00000472749-uc010noz.2-uc004elo.3	2.3627013473e-05	E
2	10.6437049332	41927.8	ENSP00000239906-uc003lcw.2-uc011cyr.1, ENSP00000303279-uc001hmc.2-uc001hmd.2, ENSP00000394902-uc001lei.1-uc010qtb.1, ENSP00000429865	2.38505105727e-05	E
2	10.6418000917	41848	ENSP00000207457-uc001bzr.2-uc001bzs.2, ENSP00000365851-uc001irh.2-uc009xkg.2, ENSP00000401980-uc002wjw.3-uc002wjy.3, ENSP00000441202-uc001zcs.2-uc001zcr.2	2.38959853116e-05	E
1	10.6418000917	41848	ENSP00000207457-uc001bzr.2-uc001bzs.2, ENSP00000363506-uc002xcd.2-uc010zuz.1, ENSP00000365851-uc001irh.2-uc009xkg.2, ENSP00000441202-uc001zcs.2-uc001zcr.2	2.38959853116e-05	E
1	10.6361486489	41612.2	ENSP00000252999, ENSP00000358862-uc001kwt.2-uc001kwu.2, ENSP00000359245, ENSP00000464052	2.40314144314e-05	E
1	10.6092169437	40506.5	ENSP00000273512-uc003fig.2-uc011bpy.1, ENSP00000377643-uc002hun.1-uc002huk.1, ENSP00000415793, ENSP00000441202-uc001zcs.2-uc001zcr.2	2.46874153609e-05	E
1	10.6017689135	40205.9	ENSP00000225576, ENSP00000329867-uc001ouw.2-uc001oux.2, ENSP00000408342-uc002mkd.2-uc002mkc.2, ENSP00000411409	2.48719744247e-05	E
1	10.5999156857	40131.5	ENSP00000261531-uc001xuf.2-uc010asu.2, ENSP00000360186, ENSP00000377643-uc002hun.1-uc002huk.1, ENSP00000441202-uc001zcs.2-uc001zcr.2	2.49181105971e-05	E
1	10.5980177294	40055.4	ENSP00000268057-uc002avb.2-uc002avc.2, ENSP00000368799-uc001uxu.1-uc010ace.1, ENSP00000377643-uc002hun.1-uc002huk.1, ENSP00000441202-uc001zcs.2-uc001zcr.2	2.49654489889e-05	E
1	10.5980177294	40055.4	ENSP00000364448-uc001vup.2-uc001vut.2, ENSP00000377643-uc002hun.1-uc002huk.1, ENSP00000413851-uc002kud.2-uc002kub.2, ENSP00000441202-uc001zcs.2-uc001zcr.2	2.49654489889e-05	E
1	10.5925699166	39837.7	ENSP00000233146-uc002rvy.1-uc010fbg.2, ENSP00000336630-uc003aab.2-uc011ajs.1, ENSP00000367868-uc001imo.3-uc001imn.2, ENSP00000369319-uc002asq.2-uc002asr.2	2.51018272264e-05	E
2	10.5899819425	39734.8	ENSP00000313953-uc002rom.2-uc002ron.2, ENSP00000363894-uc004bci.2-uc004bcj.1, ENSP00000408342-uc002mkd.2-uc002mkc.2, ENSP00000464052	2.51668742402e-05	E
1	10.584946126	39535.2	ENSP00000253490-uc003mdk.2-uc010jjy.1, ENSP00000347444-uc004axj.2-uc011luy.1, ENSP00000360202, ENSP00000378548-uc010apj.2-uc001xed.2	2.52939296457e-05	E
1	10.5573572802	38459.4	ENSP00000374359-uc003eiv.2-uc003eix.2, ENSP00000384797, ENSP00000393571-uc001pjq.2-uc010rvu.1, ENSP00000441202-uc001zcs.2-uc001zcr.2	2.60014752747e-05	E
1	10.5501916639	38184.8	ENSP00000359818-uc001knt.2-uc001knq.2, ENSP00000432787-uc003pzz.1-uc003pzw.1, ENSP00000464052, ENSP00000472749-uc010noz.2-uc004elo.3	2.61884610034e-05	E
1	10.5501916639	38184.8	ENSP00000225576, ENSP00000359245, ENSP00000359818-uc001knt.2-uc001knq.2, ENSP00000380891	2.61884610034e-05	E
1	10.5501916639	38184.8	ENSP00000359818-uc001knt.2-uc001knq.2, ENSP00000386797-uc002tob.1-uc002toa.1, ENSP00000432787-uc003pzz.1-uc003pzw.1, ENSP00000464052	2.61884610034e-05	E
1	10.5501662653	38183.8	ENSP00000360187, ENSP00000363894-uc004bci.2-uc004bcj.1, ENSP00000383191-uc002zhg.2-uc002zhk.2, ENSP00000441202-uc001zcs.2-uc001zcr.2	2.61891261628e-05	E
1	10.5501662653	38183.8	ENSP00000374359-uc003eiv.2-uc003eix.2, ENSP00000383191-uc002zhg.2-uc002zhk.2, ENSP00000384797, ENSP00000441202-uc001zcs.2-uc001zcr.2	2.61891261628e-05	E
1	10.5477156372	38090.3	ENSP00000275954-uc004ddh.2-uc010ngs.2, ENSP00000386797-uc002tob.1-uc002toa.1, ENSP00000392264-uc010rre.1-uc009yth.2, ENSP00000441202-uc001zcs.2-uc001zcr.2	2.62533846771e-05	E
4	10.5477156372	38090.3	ENSP00000256339-uc001ybs.1-uc001ybv.1, ENSP00000360199, ENSP00000416892-uc003auf.2-uc003auh.2, ENSP00000441202-uc001zcs.2-uc001zcr.2	2.62533846771e-05	E
1	10.5477156372	38090.3	ENSP00000334800-uc003url.1-uc010lgf.1, ENSP00000392264-uc010rre.1-uc009yth.2, ENSP00000406571-uc003mds.3-uc003mdv.2, ENSP00000441202-uc001zcs.2-uc001zcr.2	2.62533846771e-05	E
1	10.5475834748	38085.3	ENSP00000321498-uc003vvo.2-uc003vvn.2, ENSP00000364028-uc001bek.2-uc001bei.2, ENSP00000377643-uc002hun.1-uc002huk.1, ENSP00000441202-uc001zcs.2-uc001zcr.2	2.62568546165e-05	E
1	10.5475834748	38085.3	ENSP00000230859-uc003jdx.1-uc010itl.1, ENSP00000360186, ENSP00000365851-uc001irh.2-uc009xkg.2, ENSP00000441202-uc001zcs.2-uc001zcr.2	2.62568546165e-05	E
1	10.545475232	38005.1	ENSP00000252999, ENSP00000357507-uc001fei.2-uc001fef.1, ENSP00000363894-uc004bci.2-uc004bcj.1, ENSP00000429865	2.6312268833e-05	E
4	10.5448503529	37981.3	ENSP00000225576, ENSP00000369081-uc003mxv.2-uc010jnz.2, ENSP00000380891, ENSP00000384164-uc010gci.1-uc002wpg.1	2.63287159582e-05	E
1	10.5448503529	37981.3	ENSP00000225576, ENSP00000340626, ENSP00000369081-uc003mxv.2-uc010jnz.2, ENSP00000384164-uc010gci.1-uc002wpg.1	2.63287159582e-05	E
4	10.5417685895	37864.5	ENSP00000225576, ENSP00000257287-uc003hbi.2-uc003hbj.2, ENSP00000262144-uc002fdh.1-uc002fdf.1, ENSP00000359245	2.64099799849e-05	E
4	10.5417685895	37864.5	ENSP00000257287-uc003hbi.2-uc003hbj.2, ENSP00000262144-uc002fdh.1-uc002fdf.1, ENSP00000359245, ENSP00000429865	2.64099799849e-05	E
1	10.5359142973	37643.5	ENSP00000225576, ENSP00000248846-uc003bkb.1-uc010has.1, ENSP00000284690-uc001ljg.1-uc001lje.1, ENSP00000340062	2.65650451802e-05	E
1	10.5359142973	37643.5	ENSP00000355183, ENSP00000366299-uc002ign.2-uc010czu.2, ENSP00000400175-uc003cwu.2-uc010hku.2, ENSP00000464052	2.65650451802e-05	E
1	10.5359142973	37643.5	ENSP00000342263-uc003cbm.2-uc003cbl.3, ENSP00000366299-uc002ign.2-uc010czu.2, ENSP00000383411-uc002yju.1-uc010gky.1, ENSP00000429865	2.65650451802e-05	E
1	10.5359142973	37643.5	ENSP00000366299-uc002ign.2-uc010czu.2, ENSP00000367030-uc001iop.2-uc001ior.2, ENSP00000400175-uc003cwu.2-uc010hku.2, ENSP00000464052	2.65650451802e-05	E
1	10.5208550778	37080.8	ENSP00000225576, ENSP00000380869-uc010tlt.1-uc010ain.2, ENSP00000408342-uc002mkd.2-uc002mkc.2, ENSP00000435299-uc001lrv.2-uc001lrw.2	2.69681214162e-05	E
1	10.5144439999	36843.9	ENSP00000253024-uc002qtg.1-uc002qth.1, ENSP00000346532-uc002orx.2-uc002ose.2, ENSP00000367868-uc001imo.3-uc001imn.2, ENSP00000369319-uc002asq.2-uc002asr.2	2.71415715498e-05	E
1	10.5086209454	36629.9	ENSP00000019103-uc002tma.2-uc002tlz.2, ENSP00000225573-uc002imo.2-uc010wla.1, ENSP00000366299-uc002ign.2-uc010czu.2, ENSP00000441202-uc001zcs.2-uc001zcr.2	2.73000794528e-05	E
1	10.5069035277	36567.1	ENSP00000255499-uc004eml.2-uc004emk.2, ENSP00000401470-uc003azu.2-uc003azr.2, ENSP00000411409, ENSP00000441202-uc001zcs.2-uc001zcr.2	2.73470053776e-05	E
2	10.5045338497	36480.5	ENSP00000316426-uc002hqi.3-uc010cvn.1, ENSP00000367815-uc002fhl.3-uc010vnw.1, ENSP00000386797-uc002tob.1-uc002toa.1, ENSP00000429865	2.74118858168e-05	E
1	10.4946366753	36121.3	ENSP00000368800-uc010cdu.2-uc002ept.2, ENSP00000374359-uc003eiv.2-uc003eix.2, ENSP00000441202-uc001zcs.2-uc001zcr.2, ENSP00000463916-uc001etp.2-uc001etq.2	2.76845330243e-05	E
1	10.4841096414	35743	ENSP00000353533-uc003eil.2-uc011bkh.1, ENSP00000359245, ENSP00000386797-uc002tob.1-uc002toa.1, ENSP00000441202-uc001zcs.2-uc001zcr.2	2.79775084183e-05	E
1	10.4811798392	35638.4	ENSP00000262518, ENSP00000311429-uc002aqb.2-uc010bhv.2, ENSP00000335560-uc009zpy.2-uc001spb.2, ENSP00000378548-uc010apj.2-uc001xed.2	2.80595971763e-05	E
1	10.4789699324	35559.8	ENSP00000225576, ENSP00000252999, ENSP00000347665, ENSP00000416097-uc011maw.1-uc010mxw.2	2.81216748391e-05	E
1	10.4784071445	35539.8	ENSP00000353533-uc003eil.2-uc011bkh.1, ENSP00000360186, ENSP00000401514, ENSP00000441202-uc001zcs.2-uc001zcr.2	2.81375058304e-05	E
1	10.4744517697	35399.5	ENSP00000345444-uc001qfp.2-uc009zcv.2, ENSP00000376197-uc003fwa.3-uc011btr.1, ENSP00000401514, ENSP00000441202-uc001zcs.2-uc001zcr.2	2.82490206083e-05	E
1	10.4726557996	35335.9	ENSP00000225576, ENSP00000327589, ENSP00000463916-uc001etp.2-uc001etq.2, ENSP00000472749-uc010noz.2-uc004elo.3	2.82998005919e-05	E
1	10.469881003	35238	ENSP00000340693-uc003dts.2-uc003dtu.2, ENSP00000377643-uc002hun.1-uc002huk.1, ENSP00000441202-uc001zcs.2-uc001zcr.2, ENSP00000467075-uc010xdd.1-uc002lcy.2	2.83784358301e-05	E
1	10.4657618537	35093.2	ENSP00000295797-uc003fgs.2-uc003fgt.2, ENSP00000360186, ENSP00000415793, ENSP00000441202-uc001zcs.2-uc001zcr.2	2.84955719271e-05	E
2	10.463548389	35015.6	ENSP00000340062, ENSP00000383191-uc002zhg.2-uc002zhk.2, ENSP00000406229, ENSP00000464052	2.85587157278e-05	E
1	10.4571193887	34791.2	ENSP00000225576, ENSP00000318775-uc003gro.2-uc003grp.2, ENSP00000359245, ENSP00000393571-uc001pjq.2-uc010rvu.1	2.87429111832e-05	E
1	10.4496715237	34533	ENSP00000225576, ENSP00000373206-uc003dnl.2-uc003dnj.2, ENSP00000429286-uc003xun.2-uc003xum.2, ENSP00000452120-uc001shh.2-uc001shg.2	2.89577836818e-05	E
1	10.4484608565	34491.2	ENSP00000292616-uc003uzn.2-uc003uzo.2, ENSP00000377864-uc001ses.2-uc001sev.2, ENSP00000429865, ENSP00000469540-uc002omt.2-uc002oms.2	2.89928631525e-05	E
1	10.4484608565	34491.2	ENSP00000292616-uc003uzn.2-uc003uzo.2, ENSP00000384797, ENSP00000392264-uc010rre.1-uc009yth.2, ENSP00000429865	2.89928631525e-05	E
1	10.4484608565	34491.2	ENSP00000225576, ENSP00000340062, ENSP00000392264-uc010rre.1-uc009yth.2, ENSP00000417401-uc002yfm.2-uc002yfl.1	2.89928631525e-05	E
1	10.4484608565	34491.2	ENSP00000267484-uc001xen.1-uc001xek.1, ENSP00000292616-uc003uzn.2-uc003uzo.2, ENSP00000392264-uc010rre.1-uc009yth.2, ENSP00000429865	2.89928631525e-05	E
1	10.4484608565	34491.2	ENSP00000225576, ENSP00000340062, ENSP00000367872-uc001aif.2-uc009vky.2, ENSP00000392264-uc010rre.1-uc009yth.2	2.89928631525e-05	E
2	10.4484608565	34491.2	ENSP00000225576, ENSP00000340626, ENSP00000342263-uc003cbm.2-uc003cbl.3, ENSP00000364218-uc004aym.2-uc004ayk.2	2.89928631525e-05	E
1	10.4416676885	34257.7	ENSP00000207457-uc001bzr.2-uc001bzs.2, ENSP00000340766-uc001gqg.2-uc001gqf.2, ENSP00000366299-uc002ign.2-uc010czu.2, ENSP00000441202-uc001zcs.2-uc001zcr.2	2.91904870265e-05	E
1	10.440838001	34229.3	ENSP00000359245, ENSP00000367868-uc001imo.3-uc001imn.2, ENSP00000423485-uc010jgh.2-uc003lmh.3, ENSP00000429865	2.92147160593e-05	E
1	10.4396258917	34187.9	ENSP00000252999, ENSP00000319726-uc001odu.3-uc009yqj.2, ENSP00000367868-uc001imo.3-uc001imn.2, ENSP00000369319-uc002asq.2-uc002asr.2	2.92501489583e-05	E
2	10.4368608866	34093.5	ENSP00000360199, ENSP00000380025-uc002vhp.1-uc010zjz.1, ENSP00000441202-uc001zcs.2-uc001zcr.2, ENSP00000452120-uc001shh.2-uc001shg.2	2.93311376866e-05	E
1	10.4256036166	33711.8	ENSP00000369081-uc003mxv.2-uc010jnz.2, ENSP00000374359-uc003eiv.2-uc003eix.2, ENSP00000406229, ENSP00000429865	2.96631917245e-05	E
1	10.4192062425	33496.8	ENSP00000335652, ENSP00000336888-uc002mpf.2-uc002mpi.2, ENSP00000429865, ENSP00000467423-uc002mcg.2-uc010xiu.1	2.98535665606e-05	E
1	10.4130341102	33290.7	ENSP00000238667-uc001xrs.2-uc010tvd.1, ENSP00000360187, ENSP00000368800-uc010cdu.2-uc002ept.2, ENSP00000441202-uc001zcs.2-uc001zcr.2	3.00383965331e-05	E
1	10.4091284488	33161	ENSP00000252999, ENSP00000260600-uc002rfs.3-uc002rfr.3, ENSP00000363894-uc004bci.2-uc004bcj.1, ENSP00000429865	3.0155945743e-05	E
1	10.4091284488	33161	ENSP00000340062, ENSP00000359245, ENSP00000369431-uc003zqc.2-uc003zqb.2, ENSP00000464052	3.0155945743e-05	E
2	10.4072313648	33098.1	ENSP00000251582-uc003mjw.2-uc011dgm.1, ENSP00000262394-uc002gzd.1-uc002gze.1, ENSP00000312158-uc003nib.1-uc003nic.1, ENSP00000429865	3.02132084049e-05	E
1	10.4029295122	32956	ENSP00000265077, ENSP00000344772-uc001apy.2-uc001apz.2, ENSP00000356849-uc001gdt.1-uc010plf.1, ENSP00000464052	3.03434611371e-05	E
1	10.4029295122	32956	ENSP00000253490-uc003mdk.2-uc010jjy.1, ENSP00000265077, ENSP00000356849-uc001gdt.1-uc010plf.1, ENSP00000464052	3.03434611371e-05	E
1	10.4029295122	32956	ENSP00000335652, ENSP00000356849-uc001gdt.1-uc010plf.1, ENSP00000452120-uc001shh.2-uc001shg.2, ENSP00000464052	3.03434611371e-05	E
1	10.4029295122	32956	ENSP00000342263-uc003cbm.2-uc003cbl.3, ENSP00000347667, ENSP00000356849-uc001gdt.1-uc010plf.1, ENSP00000429865	3.03434611371e-05	E
1	10.4029295122	32956	ENSP00000335652, ENSP00000356849-uc001gdt.1-uc010plf.1, ENSP00000464052, ENSP00000469540-uc002omt.2-uc002oms.2	3.03434611371e-05	E
1	10.4029295122	32956	ENSP00000340062, ENSP00000356849-uc001gdt.1-uc010plf.1, ENSP00000360187, ENSP00000429865	3.03434611371e-05	E
1	10.4027927017	32951.5	ENSP00000225576, ENSP00000247178-uc001xbx.1-uc001xbw.1, ENSP00000340626, ENSP00000366299-uc002ign.2-uc010czu.2	3.03476127243e-05	E
1	10.4027927017	32951.5	ENSP00000265077, ENSP00000290866-uc002jau.1-uc002jav.1, ENSP00000366299-uc002ign.2-uc010czu.2, ENSP00000464052	3.03476127243e-05	E
2	10.4027927017	32951.5	ENSP00000248846-uc003bkb.1-uc010has.1, ENSP00000344666, ENSP00000429865, ENSP00000439856-uc002nei.1-uc010xpg.1	3.03476127243e-05	E
1	10.4023013489	32935.3	ENSP00000373390, ENSP00000386797-uc002tob.1-uc002toa.1, ENSP00000429865, ENSP00000437271-uc001njs.2-uc001njp.2	3.03625277736e-05	E
1	10.392246035	32605.8	ENSP00000261047-uc003dxj.2-uc003dxk.2, ENSP00000437271-uc001njs.2-uc001njp.2, ENSP00000464052, ENSP00000469540-uc002omt.2-uc002oms.2	3.06693726453e-05	E
2	10.392246035	32605.8	ENSP00000225576, ENSP00000300432-uc004bsu.2-uc011mao.1, ENSP00000360186, ENSP00000437271-uc001njs.2-uc001njp.2	3.06693726453e-05	E
1	10.371053246	31922.1	ENSP00000265565-uc003crh.1-uc003crg.2, ENSP00000352798, ENSP00000415793, ENSP00000429865	3.13262784374e-05	E
1	10.3564760279	31460.1	ENSP00000263196-uc002zoq.1-uc011agr.1, ENSP00000292616-uc003uzn.2-uc003uzo.2, ENSP00000342263-uc003cbm.2-uc003cbl.3, ENSP00000429865	3.17862730035e-05	E
1	10.3457758732	31125.3	ENSP00000248846-uc003bkb.1-uc010has.1, ENSP00000259608-uc003zxe.1-uc003zxf.1, ENSP00000378322-uc003hvu.2-uc010ilk.2, ENSP00000464052	3.21282172091e-05	E
1	10.3457662228	31125	ENSP00000292616-uc003uzn.2-uc003uzo.2, ENSP00000429865, ENSP00000436604-uc001tbd.2-uc001tbe.2, ENSP00000469540-uc002omt.2-uc002oms.2	3.21285272585e-05	E
1	10.3372470617	30861	ENSP00000207457-uc001bzr.2-uc001bzs.2, ENSP00000347444-uc004axj.2-uc011luy.1, ENSP00000386797-uc002tob.1-uc002toa.1, ENSP00000429865	3.24034045603e-05	E
1	10.3279097529	30574.1	ENSP00000264501, ENSP00000265993-uc001klb.3-uc001kla.3, ENSP00000352798, ENSP00000464052	3.27073821117e-05	E
1	10.3263190963	30525.5	ENSP00000298281, ENSP00000392264-uc010rre.1-uc009yth.2, ENSP00000406571-uc003mds.3-uc003mdv.2, ENSP00000441202-uc001zcs.2-uc001zcr.2	3.2759449726e-05	E
1	10.3140805372	30154.2	ENSP00000225576, ENSP00000354671-uc001cov.2-uc001cpa.2, ENSP00000386626-uc002tzd.3-uc010zch.1, ENSP00000432787-uc003pzz.1-uc003pzw.1	3.31628416179e-05	E
2	10.2732371091	28947.4	ENSP00000252999, ENSP00000261173-uc001tbh.2-uc009zsr.2, ENSP00000355809-uc001hpc.1-uc001hpd.1, ENSP00000464052	3.4545367108e-05	E
1	10.2613799871	28606.2	ENSP00000316426-uc002hqi.3-uc010cvn.1, ENSP00000358770-uc001kxo.1-uc001kxp.1, ENSP00000367815-uc002fhl.3-uc010vnw.1, ENSP00000369319-uc002asq.2-uc002asr.2	3.4957413759e-05	E
1	10.2477263766	28218.3	ENSP00000248846-uc003bkb.1-uc010has.1, ENSP00000344666, ENSP00000356574-uc001gnz.2-uc001goc.2, ENSP00000429865	3.54379819505e-05	E
3	10.2426960648	28076.7	ENSP00000225576, ENSP00000330470-uc003akk.2-uc003aki.2, ENSP00000360031-uc001knf.2-uc001kne.2, ENSP00000394902-uc001lei.1-uc010qtb.1	3.56166951635e-05	E
1	10.238383413	27955.9	ENSP00000336630-uc003aab.2-uc011ajs.1, ENSP00000394902-uc001lei.1-uc010qtb.1, ENSP00000429286-uc003xun.2-uc003xum.2, ENSP00000464052	3.57706292616e-05	E
2	10.2325398725	27793	ENSP00000225576, ENSP00000265993-uc001klb.3-uc001kla.3, ENSP00000334143-uc002vxx.3-uc002vxy.2, ENSP00000340626	3.59802683027e-05	E
1	10.2325398725	27793	ENSP00000265993-uc001klb.3-uc001kla.3, ENSP00000334143-uc002vxx.3-uc002vxy.2, ENSP00000354529, ENSP00000464052	3.59802683027e-05	E
1	10.2279213001	27664.9	ENSP00000300432-uc004bsu.2-uc011mao.1, ENSP00000401514, ENSP00000441202-uc001zcs.2-uc001zcr.2, ENSP00000462521-uc001enn.3-uc001enm.1	3.61468301205e-05	E
4	10.2092093825	27152.1	ENSP00000207457-uc001bzr.2-uc001bzs.2, ENSP00000365851-uc001irh.2-uc009xkg.2, ENSP00000441202-uc001zcs.2-uc001zcr.2, ENSP00000465500-uc002lin.2-uc010dpv.2	3.68295744315e-05	E
1	10.2035626923	26999.2	ENSP00000324842-uc001uhc.2-uc009zyh.2, ENSP00000344666, ENSP00000374359-uc003eiv.2-uc003eix.2, ENSP00000441202-uc001zcs.2-uc001zcr.2	3.70381278943e-05	E
6	10.1967235514	26815.2	ENSP00000363506-uc002xcd.2-uc010zuz.1, ENSP00000365851-uc001irh.2-uc009xkg.2, ENSP00000382213, ENSP00000441202-uc001zcs.2-uc001zcr.2	3.72923050545e-05	E
2	10.1910178131	26662.6	ENSP00000326534-uc001zpc.2-uc001zpb.2, ENSP00000330671, ENSP00000369319-uc002asq.2-uc002asr.2, ENSP00000470965-uc002tmb.2-uc010yyq.1	3.75056933787e-05	E
2	10.1910178131	26662.6	ENSP00000326534-uc001zpc.2-uc001zpb.2, ENSP00000369319-uc002asq.2-uc002asr.2, ENSP00000386844, ENSP00000470965-uc002tmb.2-uc010yyq.1	3.75056933787e-05	E
1	10.1755668641	26253.8	ENSP00000250896-uc002lus.2-uc002luq.1, ENSP00000347942-uc001jal.2-uc010qez.1, ENSP00000464052, ENSP00000469540-uc002omt.2-uc002oms.2	3.80896919808e-05	E
1	10.1755668641	26253.8	ENSP00000170564-uc002nug.1-uc002nuh.1, ENSP00000305924-uc001ycs.1-uc001ycr.2, ENSP00000408342-uc002mkd.2-uc002mkc.2, ENSP00000464052	3.80896919808e-05	E
2	10.1755668641	26253.8	ENSP00000347942-uc001jal.2-uc010qez.1, ENSP00000356574-uc001gnz.2-uc001goc.2, ENSP00000363894-uc004bci.2-uc004bcj.1, ENSP00000464052	3.80896919808e-05	E
1	10.1702111569	26113.6	ENSP00000225576, ENSP00000312158-uc003nib.1-uc003nic.1, ENSP00000383191-uc002zhg.2-uc002zhk.2, ENSP00000429286-uc003xun.2-uc003xum.2	3.82942364701e-05	E
1	10.1684046386	26066.5	ENSP00000345895-uc003bfr.2-uc011aqn.1, ENSP00000408342-uc002mkd.2-uc002mkc.2, ENSP00000411409, ENSP00000429865	3.83634782338e-05	E
4	10.164681871	25969.6	ENSP00000294066-uc001obh.2-uc001obg.2, ENSP00000298281, ENSP00000376362-uc001tui.1-uc001tuh.2, ENSP00000441202-uc001zcs.2-uc001zcr.2	3.85065627175e-05	E
1	10.1497495401	25584.7	ENSP00000344666, ENSP00000362298-uc001jrm.2-uc009xqk.2, ENSP00000432787-uc003pzz.1-uc003pzw.1, ENSP00000464052	3.90858698918e-05	E
1	10.1497495401	25584.7	ENSP00000225576, ENSP00000360199, ENSP00000379154-uc001jap.1-uc001jao.1, ENSP00000383191-uc002zhg.2-uc002zhk.2	3.90858698918e-05	E
2	10.1497495401	25584.7	ENSP00000360199, ENSP00000383191-uc002zhg.2-uc002zhk.2, ENSP00000429865, ENSP00000432787-uc003pzz.1-uc003pzw.1	3.90858698918e-05	E
1	10.1407613367	25355.8	ENSP00000238561-uc001xui.2-uc001xuj.2, ENSP00000360202, ENSP00000415793, ENSP00000441202-uc001zcs.2-uc001zcr.2	3.9438765214e-05	E
1	10.1316604648	25126.1	ENSP00000377880-uc003dof.2-uc003doe.2, ENSP00000386797-uc002tob.1-uc002toa.1, ENSP00000432787-uc003pzz.1-uc003pzw.1, ENSP00000464052	3.97993306024e-05	E
1	10.1316604648	25126.1	ENSP00000225576, ENSP00000312618-uc003ela.3-uc003ele.2, ENSP00000340626, ENSP00000359245	3.97993306024e-05	E
1	10.1316604648	25126.1	ENSP00000252999, ENSP00000341874-uc002kui.3-uc010xat.1, ENSP00000363894-uc004bci.2-uc004bcj.1, ENSP00000429865	3.97993306025e-05	E
1	10.1150254119	24711.5	ENSP00000248846-uc003bkb.1-uc010has.1, ENSP00000267938-uc002bbg.2-uc002bbi.2, ENSP00000344666, ENSP00000429865	4.04669319707e-05	E
1	10.1055503454	24478.5	ENSP00000265993-uc001klb.3-uc001kla.3, ENSP00000360202, ENSP00000367064, ENSP00000378548-uc010apj.2-uc001xed.2	4.08521810924e-05	E
2	10.0950824795	24223.6	ENSP00000225576, ENSP00000346065-uc003oyj.2-uc010jze.2, ENSP00000359245, ENSP00000416097-uc011maw.1-uc010mxw.2	4.128206229e-05	E
1	10.0871930727	24033.2	ENSP00000373390, ENSP00000383191-uc002zhg.2-uc002zhk.2, ENSP00000423228-uc003jlg.1-uc003jlb.1, ENSP00000464052	4.16090414102e-05	E
1	10.0871930727	24033.2	ENSP00000312158-uc003nib.1-uc003nic.1, ENSP00000383191-uc002zhg.2-uc002zhk.2, ENSP00000386797-uc002tob.1-uc002toa.1, ENSP00000464052	4.16090414102e-05	E
1	10.0871930727	24033.2	ENSP00000312158-uc003nib.1-uc003nic.1, ENSP00000383191-uc002zhg.2-uc002zhk.2, ENSP00000429865, ENSP00000472749-uc010noz.2-uc004elo.3	4.16090414102e-05	E
1	10.0831319547	23935.8	ENSP00000256496-uc003bqg.2-uc011asy.1, ENSP00000366299-uc002ign.2-uc010czu.2, ENSP00000384797, ENSP00000464052	4.17783642245e-05	E
1	10.0831319547	23935.8	ENSP00000318775-uc003gro.2-uc003grp.2, ENSP00000319255-uc001pdg.2-uc009yvz.2, ENSP00000342263-uc003cbm.2-uc003cbl.3, ENSP00000464052	4.17783642245e-05	E
2	10.0804904225	23872.7	ENSP00000360202, ENSP00000363894-uc004bci.2-uc004bcj.1, ENSP00000416892-uc003auf.2-uc003auh.2, ENSP00000441202-uc001zcs.2-uc001zcr.2	4.18888690047e-05	E
1	10.0791619293	23841	ENSP00000355929-uc001hjz.2-uc010ptq.1, ENSP00000366299-uc002ign.2-uc010czu.2, ENSP00000366506-uc003mdc.3-uc003mdd.2, ENSP00000464052	4.19445550634e-05	E
3	10.0791619293	23841	ENSP00000291358-uc001bum.2-uc010ogz.1, ENSP00000318775-uc003gro.2-uc003grp.2, ENSP00000319255-uc001pdg.2-uc009yvz.2, ENSP00000464052	4.19445550634e-05	E
1	10.0783385964	23821.4	ENSP00000360199, ENSP00000383191-uc002zhg.2-uc002zhk.2, ENSP00000402515, ENSP00000464052	4.19791036196e-05	E
2	10.0783385964	23821.4	ENSP00000344666, ENSP00000351627-uc002ozp.3-uc002ozo.3, ENSP00000362298-uc001jrm.2-uc009xqk.2, ENSP00000464052	4.19791036196e-05	E
5	10.0765085896	23777.8	ENSP00000233146-uc002rvy.1-uc010fbg.2, ENSP00000312734-uc002alz.2-uc010uih.1, ENSP00000318884, ENSP00000429865	4.20559959977e-05	E
2	10.0726301469	23685.8	ENSP00000355897-uc001hlm.2-uc001hlo.2, ENSP00000415793, ENSP00000436958-uc001pbl.2-uc001pbk.2, ENSP00000441202-uc001zcs.2-uc001zcr.2	4.22194244892e-05	E
1	10.0717410238	23664.7	ENSP00000352645-uc003tvn.2-uc011kef.1, ENSP00000360202, ENSP00000367064, ENSP00000378548-uc010apj.2-uc001xed.2	4.2256979447e-05	E
2	10.0717410238	23664.7	ENSP00000262213-uc003xyo.1-uc011lfc.1, ENSP00000360202, ENSP00000367064, ENSP00000378548-uc010apj.2-uc001xed.2	4.2256979447e-05	E
4	10.0717410238	23664.7	ENSP00000262213-uc003xyo.1-uc011lfc.1, ENSP00000344772-uc001apy.2-uc001apz.2, ENSP00000367064, ENSP00000378548-uc010apj.2-uc001xed.2	4.2256979447e-05	E
1	10.0642323584	23487.7	ENSP00000259021-uc002ipm.2-uc010wmg.1, ENSP00000322532-uc001oic.3-uc001oid.3, ENSP00000375051-uc001chn.2-uc001chp.2, ENSP00000464052	4.25754671788e-05	E
1	10.0642323584	23487.7	ENSP00000259021-uc002ipm.2-uc010wmg.1, ENSP00000322532-uc001oic.3-uc001oid.3, ENSP00000464052, ENSP00000469540-uc002omt.2-uc002oms.2	4.25754671788e-05	E
1	10.0640811357	23484.2	ENSP00000225576, ENSP00000329867-uc001ouw.2-uc001oux.2, ENSP00000360199, ENSP00000376362-uc001tui.1-uc001tuh.2	4.2581906043e-05	E
4	10.0640811357	23484.2	ENSP00000225576, ENSP00000329867-uc001ouw.2-uc001oux.2, ENSP00000360186, ENSP00000376362-uc001tui.1-uc001tuh.2	4.2581906043e-05	E
1	10.0560157949	23295.5	ENSP00000260453-uc002adr.2-uc010bfo.2, ENSP00000344223-uc002fhi.2-uc002fhh.2, ENSP00000386797-uc002tob.1-uc002toa.1, ENSP00000441202-uc001zcs.2-uc001zcr.2	4.2926732328e-05	E
1	10.0414606901	22958.9	ENSP00000225576, ENSP00000340062, ENSP00000377566-uc002esa.2-uc002esc.2, ENSP00000469540-uc002omt.2-uc002oms.2	4.35561045948e-05	E
1	10.0388512342	22899.1	ENSP00000225576, ENSP00000304592-uc002kdu.2-uc002kdv.1, ENSP00000359245, ENSP00000386797-uc002tob.1-uc002toa.1	4.36699107498e-05	E
1	10.0332149096	22770.4	ENSP00000218089, ENSP00000329419-uc003etf.3-uc011bmv.1, ENSP00000368800-uc010cdu.2-uc002ept.2, ENSP00000441202-uc001zcs.2-uc001zcr.2	4.39167435045e-05	E
1	10.0325655479	22755.6	ENSP00000225576, ENSP00000255121-uc001coj.1-uc001coi.1, ENSP00000356849-uc001gdt.1-uc010plf.1, ENSP00000401514	4.3945270615e-05	E
1	10.0195097167	22460.4	ENSP00000257829-uc001mvk.2-uc010ren.1, ENSP00000289407-uc003vop.1-uc003voq.1, ENSP00000377643-uc002hun.1-uc002huk.1, ENSP00000441202-uc001zcs.2-uc001zcr.2	4.45227743455e-05	E
1	10.0142340455	22342.2	ENSP00000225576, ENSP00000330470-uc003akk.2-uc003aki.2, ENSP00000351627-uc002ozp.3-uc002ozo.3, ENSP00000394902-uc001lei.1-uc010qtb.1	4.47582825486e-05	E
1	10.0127983223	22310.2	ENSP00000359245, ENSP00000366506-uc003mdc.3-uc003mdd.2, ENSP00000417509-uc003die.3-uc003dib.3, ENSP00000464052	4.48225892029e-05	E
1	10.0048015166	22132.5	ENSP00000355183, ENSP00000359818-uc001knt.2-uc001knq.2, ENSP00000432787-uc003pzz.1-uc003pzw.1, ENSP00000464052	4.51824637452e-05	E
1	10.0048015166	22132.5	ENSP00000225576, ENSP00000265077, ENSP00000335652, ENSP00000400113-uc001mpi.2-uc001mpj.2	4.51824637452e-05	E
1	10.0003238469	22033.6	ENSP00000340626, ENSP00000383191-uc002zhg.2-uc002zhk.2, ENSP00000423228-uc003jlg.1-uc003jlb.1, ENSP00000464052	4.53852295142e-05	E
1	10.0003238469	22033.6	ENSP00000225576, ENSP00000252999, ENSP00000267484-uc001xen.1-uc001xek.1, ENSP00000383191-uc002zhg.2-uc002zhk.2	4.53852295142e-05	E
2	9.98865395689	21778	ENSP00000225576, ENSP00000252999, ENSP00000325326-uc002xqw.2-uc002xqv.2, ENSP00000340062	4.59179726336e-05	E
1	9.97959130072	21581.5	ENSP00000242209-uc003tdh.2-uc011kam.1, ENSP00000360199, ENSP00000402515, ENSP00000429865	4.63360028023e-05	E
1	9.97429490069	21467.5	ENSP00000233146-uc002rvy.1-uc010fbg.2, ENSP00000301887-uc001ocf.1-uc001oce.1, ENSP00000354529, ENSP00000464052	4.65820678632e-05	E
1	9.97290926197	21437.8	ENSP00000225576, ENSP00000364493-uc004aur.2-uc011luh.1, ENSP00000367030-uc001iop.2-uc001ior.2, ENSP00000429286-uc003xun.2-uc003xum.2	4.66466585198e-05	E
2	9.97290926197	21437.8	ENSP00000225576, ENSP00000345308-uc009wot.2-uc010pen.1, ENSP00000364493-uc004aur.2-uc011luh.1, ENSP00000429286-uc003xun.2-uc003xum.2	4.66466585198e-05	E
1	9.96233021111	21212.2	ENSP00000225576, ENSP00000343273-uc003svs.3-uc011jyv.1, ENSP00000366299-uc002ign.2-uc010czu.2, ENSP00000374359-uc003eiv.2-uc003eix.2	4.71427553829e-05	E
1	9.94840848088	20918.9	ENSP00000365851-uc001irh.2-uc009xkg.2, ENSP00000390121-uc002jbv.2-uc010wps.1, ENSP00000401514, ENSP00000441202-uc001zcs.2-uc001zcr.2	4.78036538562e-05	E
1	9.9385145792	20713	ENSP00000360187, ENSP00000369319-uc002asq.2-uc002asr.2, ENSP00000436958-uc001pbl.2-uc001pbk.2, ENSP00000441202-uc001zcs.2-uc001zcr.2	4.82789659758e-05	E
1	9.93199142336	20578.3	ENSP00000290866-uc002jau.1-uc002jav.1, ENSP00000374359-uc003eiv.2-uc003eix.2, ENSP00000429865, ENSP00000469540-uc002omt.2-uc002oms.2	4.85949266043e-05	E
1	9.91704216057	20272.9	ENSP00000400113-uc001mpi.2-uc001mpj.2, ENSP00000402515, ENSP00000411409, ENSP00000441202-uc001zcs.2-uc001zcr.2	4.93268421005e-05	E
1	9.91704216057	20272.9	ENSP00000308032-uc002opw.2-uc010xvx.1, ENSP00000386181-uc002uln.2-uc010zfc.1, ENSP00000411409, ENSP00000441202-uc001zcs.2-uc001zcr.2	4.93268421005e-05	E
2	9.91461709565	20223.8	ENSP00000225576, ENSP00000327589, ENSP00000384797, ENSP00000463916-uc001etp.2-uc001etq.2	4.94466080565e-05	E
1	9.91091799237	20149.2	ENSP00000378438-uc002azq.3-uc002azr.3, ENSP00000399501, ENSP00000429286-uc003xun.2-uc003xum.2, ENSP00000429865	4.96298548818e-05	E
2	9.91091799237	20149.2	ENSP00000225576, ENSP00000399501, ENSP00000400113-uc001mpi.2-uc001mpj.2, ENSP00000429286-uc003xun.2-uc003xum.2	4.96298548818e-05	E
1	9.89671655002	19865	ENSP00000311949-uc001gew.2-uc001gez.2, ENSP00000367064, ENSP00000378548-uc010apj.2-uc001xed.2, ENSP00000401514	5.0339698879e-05	E
1	9.88384239058	19610.9	ENSP00000225576, ENSP00000295797-uc003fgs.2-uc003fgt.2, ENSP00000298281, ENSP00000305924-uc001ycs.1-uc001ycr.2	5.09919699e-05	E
1	9.87321578359	19403.6	ENSP00000359245, ENSP00000383401-uc002kod.1-uc002kof.2, ENSP00000384164-uc010gci.1-uc002wpg.1, ENSP00000464052	5.15367308778e-05	E
1	9.86922238898	19326.3	ENSP00000362298-uc001jrm.2-uc009xqk.2, ENSP00000367868-uc001imo.3-uc001imn.2, ENSP00000387982-uc002bkw.2-uc002bkx.2, ENSP00000472749-uc010noz.2-uc004elo.3	5.17429488617e-05	E
2	9.86826057932	19307.7	ENSP00000347942-uc001jal.2-uc010qez.1, ENSP00000375051-uc001chn.2-uc001chp.2, ENSP00000383401-uc002kod.1-uc002kof.2, ENSP00000464052	5.17927396706e-05	E
1	9.86826057932	19307.7	ENSP00000334143-uc002vxx.3-uc002vxy.2, ENSP00000350331-uc001iig.2-uc001iii.2, ENSP00000408342-uc002mkd.2-uc002mkc.2, ENSP00000429865	5.17927396706e-05	E
1	9.8569060808	19089.7	ENSP00000252999, ENSP00000367868-uc001imo.3-uc001imn.2, ENSP00000369319-uc002asq.2-uc002asr.2, ENSP00000474435-uc002hjr.2-uc010wcj.1	5.23841716092e-05	E
1	9.85472158339	19048.1	ENSP00000298229-uc001osf.2-uc001osg.2, ENSP00000344666, ENSP00000382034-uc003obw.2-uc010juc.1, ENSP00000429865	5.24987297764e-05	E
1	9.85436877789	19041.4	ENSP00000374359-uc003eiv.2-uc003eix.2, ENSP00000391524-uc011arv.1-uc011aru.1, ENSP00000441202-uc001zcs.2-uc001zcr.2, ENSP00000462521-uc001enn.3-uc001enm.1	5.25172548848e-05	E
1	9.85436877789	19041.4	ENSP00000350331-uc001iig.2-uc001iii.2, ENSP00000360187, ENSP00000363894-uc004bci.2-uc004bcj.1, ENSP00000441202-uc001zcs.2-uc001zcr.2	5.25172548848e-05	E
4	9.84430394475	18850.7	ENSP00000219473-uc002fii.2-uc010vof.1, ENSP00000360202, ENSP00000367064, ENSP00000378548-uc010apj.2-uc001xed.2	5.3048501261e-05	E
1	9.84282398274	18822.8	ENSP00000224949-uc001igt.1-uc001igs.1, ENSP00000308018-uc003ziz.1-uc003zja.1, ENSP00000366299-uc002ign.2-uc010czu.2, ENSP00000464052	5.31270691515e-05	E
2	9.838594722	18743.4	ENSP00000207457-uc001bzr.2-uc001bzs.2, ENSP00000366299-uc002ign.2-uc010czu.2, ENSP00000410051-uc010seh.1-uc010sei.1, ENSP00000441202-uc001zcs.2-uc001zcr.2	5.33522331826e-05	E
2	9.83003424562	18583.6	ENSP00000344223-uc002fhi.2-uc002fhh.2, ENSP00000365388-uc001isv.2-uc010qdf.1, ENSP00000375051-uc001chn.2-uc001chp.2, ENSP00000441202-uc001zcs.2-uc001zcr.2	5.38109141776e-05	E
1	9.82215329951	18437.7	ENSP00000225576, ENSP00000262518, ENSP00000329867-uc001ouw.2-uc001oux.2, ENSP00000469540-uc002omt.2-uc002oms.2	5.42366705703e-05	E
1	9.81499650951	18306.2	ENSP00000386935-uc010ncb.2-uc004cla.3, ENSP00000392264-uc010rre.1-uc009yth.2, ENSP00000401514, ENSP00000441202-uc001zcs.2-uc001zcr.2	5.46262233428e-05	E
1	9.81349327898	18278.7	ENSP00000269217-uc002kus.3-uc002kut.3, ENSP00000298281, ENSP00000366299-uc002ign.2-uc010czu.2, ENSP00000441202-uc001zcs.2-uc001zcr.2	5.47084008999e-05	E
2	9.81221952678	18255.5	ENSP00000253024-uc002qtg.1-uc002qth.1, ENSP00000284503-uc003wue.2-uc003wuf.2, ENSP00000367868-uc001imo.3-uc001imn.2, ENSP00000369319-uc002asq.2-uc002asr.2	5.47781302456e-05	E
2	9.80341373997	18095.4	ENSP00000248846-uc003bkb.1-uc010has.1, ENSP00000299608-uc002lkf.2-uc010xez.1, ENSP00000386797-uc002tob.1-uc002toa.1, ENSP00000441202-uc001zcs.2-uc001zcr.2	5.52626248296e-05	E
1	9.79499700458	17943.7	ENSP00000264424-uc003ipc.2-uc003ipd.2, ENSP00000347942-uc001jal.2-uc010qez.1, ENSP00000363894-uc004bci.2-uc004bcj.1, ENSP00000464052	5.57297186647e-05	E
3	9.79499700458	17943.7	ENSP00000225576, ENSP00000326804-uc003wey.2-uc003wez.2, ENSP00000354897, ENSP00000367243-uc003lmt.2-uc003lmw.2	5.57297186647e-05	E
2	9.79499700458	17943.7	ENSP00000265077, ENSP00000326804-uc003wey.2-uc003wez.2, ENSP00000367243-uc003lmt.2-uc003lmw.2, ENSP00000429865	5.57297186647e-05	E
1	9.77584782793	17603.4	ENSP00000377643-uc002hun.1-uc002huk.1, ENSP00000386725-uc002uny.2-uc002unw.2, ENSP00000390222-uc001vla.2-uc001vkx.2, ENSP00000441202-uc001zcs.2-uc001zcr.2	5.68071802184e-05	E
1	9.75766632245	17286.2	ENSP00000225576, ENSP00000334143-uc002vxx.3-uc002vxy.2, ENSP00000386626-uc002tzd.3-uc010zch.1, ENSP00000432787-uc003pzz.1-uc003pzw.1	5.78494667341e-05	E
1	9.75023514573	17158.3	ENSP00000261173-uc001tbh.2-uc009zsr.2, ENSP00000340626, ENSP00000355809-uc001hpc.1-uc001hpd.1, ENSP00000464052	5.82809576012e-05	E
1	9.74306210558	17035.6	ENSP00000273512-uc003fig.2-uc011bpy.1, ENSP00000369319-uc002asq.2-uc002asr.2, ENSP00000391524-uc011arv.1-uc011aru.1, ENSP00000441202-uc001zcs.2-uc001zcr.2	5.87005121922e-05	E
1	9.73707634252	16934	ENSP00000262982-uc002xty.2-uc010ghy.2, ENSP00000401514, ENSP00000411409, ENSP00000441202-uc001zcs.2-uc001zcr.2	5.9052933252e-05	E
1	9.72810552786	16782.7	ENSP00000344666, ENSP00000346643-uc001jpf.3-uc009xqb.2, ENSP00000374359-uc003eiv.2-uc003eix.2, ENSP00000441202-uc001zcs.2-uc001zcr.2	5.958506945e-05	E
1	9.72810552786	16782.7	ENSP00000285039-uc002leb.2-uc002ldz.2, ENSP00000374359-uc003eiv.2-uc003eix.2, ENSP00000384797, ENSP00000441202-uc001zcs.2-uc001zcr.2	5.958506945e-05	E
1	9.72338316573	16703.7	ENSP00000347416-uc002lva.2-uc010dsv.2, ENSP00000359245, ENSP00000367030-uc001iop.2-uc001ior.2, ENSP00000464052	5.98671171672e-05	E
1	9.72338316573	16703.7	ENSP00000347416-uc002lva.2-uc010dsv.2, ENSP00000359245, ENSP00000365637-uc001iru.3-uc001isa.1, ENSP00000464052	5.98671171672e-05	E
1	9.72338316573	16703.7	ENSP00000218089, ENSP00000347416-uc002lva.2-uc010dsv.2, ENSP00000359245, ENSP00000464052	5.98671171672e-05	E
1	9.72338316573	16703.7	ENSP00000224949-uc001igt.1-uc001igs.1, ENSP00000384164-uc010gci.1-uc002wpg.1, ENSP00000432787-uc003pzz.1-uc003pzw.1, ENSP00000464052	5.98671171672e-05	E
2	9.71705938811	16598.4	ENSP00000311949-uc001gew.2-uc001gez.2, ENSP00000367064, ENSP00000374359-uc003eiv.2-uc003eix.2, ENSP00000378548-uc010apj.2-uc001xed.2	6.02469030783e-05	E
1	9.69530891513	16241.2	ENSP00000248846-uc003bkb.1-uc010has.1, ENSP00000292616-uc003uzn.2-uc003uzo.2, ENSP00000422464-uc003iph.1-uc011cir.1, ENSP00000429865	6.15716564962e-05	E
1	9.68614956413	16093.2	ENSP00000375809-uc002pbj.2-uc002pbi.2, ENSP00000382213, ENSP00000401514, ENSP00000441202-uc001zcs.2-uc001zcr.2	6.21382035507e-05	E
1	9.68380502011	16055.5	ENSP00000225576, ENSP00000265077, ENSP00000387261-uc002lbp.3-uc002lbq.3, ENSP00000429286-uc003xun.2-uc003xum.2	6.22840602207e-05	E
2	9.6741995703	15902	ENSP00000304669-uc003ldh.2-uc003ldl.2, ENSP00000346065-uc003oyj.2-uc010jze.2, ENSP00000358770-uc001kxo.1-uc001kxp.1, ENSP00000367815-uc002fhl.3-uc010vnw.1	6.2885209166e-05	E
12	9.6741995703	15902	ENSP00000316426-uc002hqi.3-uc010cvn.1, ENSP00000346065-uc003oyj.2-uc010jze.2, ENSP00000358770-uc001kxo.1-uc001kxp.1, ENSP00000367815-uc002fhl.3-uc010vnw.1	6.2885209166e-05	E
1	9.66993919175	15834.4	ENSP00000261173-uc001tbh.2-uc009zsr.2, ENSP00000384164-uc010gci.1-uc002wpg.1, ENSP00000432787-uc003pzz.1-uc003pzw.1, ENSP00000464052	6.31536954832e-05	E
1	9.66993919175	15834.4	ENSP00000294785-uc001fvx.2-uc010pjg.1, ENSP00000384164-uc010gci.1-uc002wpg.1, ENSP00000432787-uc003pzz.1-uc003pzw.1, ENSP00000441202-uc001zcs.2-uc001zcr.2	6.31536954832e-05	E
1	9.66993919175	15834.4	ENSP00000294785-uc001fvx.2-uc010pjg.1, ENSP00000380891, ENSP00000384164-uc010gci.1-uc002wpg.1, ENSP00000441202-uc001zcs.2-uc001zcr.2	6.31536954832e-05	E
1	9.66152543721	15701.7	ENSP00000225576, ENSP00000264501, ENSP00000356849-uc001gdt.1-uc010plf.1, ENSP00000360199	6.36872968224e-05	E
1	9.66152543721	15701.7	ENSP00000265077, ENSP00000318115-uc002olu.1-uc002olt.1, ENSP00000356849-uc001gdt.1-uc010plf.1, ENSP00000464052	6.36872968224e-05	E
1	9.65128735582	15541.8	ENSP00000366299-uc002ign.2-uc010czu.2, ENSP00000369319-uc002asq.2-uc002asr.2, ENSP00000422464-uc003iph.1-uc011cir.1, ENSP00000441202-uc001zcs.2-uc001zcr.2	6.43426817686e-05	E
1	9.64780724906	15487.8	ENSP00000252999, ENSP00000264555-uc001lqe.2-uc009yca.1, ENSP00000366299-uc002ign.2-uc010czu.2, ENSP00000464052	6.45669912546e-05	E
1	9.63556626196	15299.4	ENSP00000336914-uc004asz.2-uc011luc.1, ENSP00000340626, ENSP00000366299-uc002ign.2-uc010czu.2, ENSP00000464052	6.53622121762e-05	E
1	9.63431754395	15280.3	ENSP00000207457-uc001bzr.2-uc001bzs.2, ENSP00000301831-uc003ckv.3-uc003cku.3, ENSP00000366299-uc002ign.2-uc010czu.2, ENSP00000441202-uc001zcs.2-uc001zcr.2	6.54438821288e-05	E
1	9.62251151358	15100.9	ENSP00000255499-uc004eml.2-uc004emk.2, ENSP00000344223-uc002fhi.2-uc002fhh.2, ENSP00000386797-uc002tob.1-uc002toa.1, ENSP00000441202-uc001zcs.2-uc001zcr.2	6.62210934514e-05	E
1	9.61663194967	15012.4	ENSP00000233146-uc002rvy.1-uc010fbg.2, ENSP00000313382-uc003pfs.2-uc010kap.2, ENSP00000318884, ENSP00000429865	6.66115914567e-05	E
5	9.61663194967	15012.4	ENSP00000308018-uc003ziz.1-uc003zja.1, ENSP00000326604-uc003wmw.3-uc003wmv.3, ENSP00000359245, ENSP00000429865	6.66115914567e-05	E
1	9.6146813727	14983.1	ENSP00000296799-uc011csr.1-uc003kcz.3, ENSP00000355929-uc001hjz.2-uc010ptq.1, ENSP00000366299-uc002ign.2-uc010czu.2, ENSP00000464052	6.67416492952e-05	E
1	9.61310791921	14959.6	ENSP00000225576, ENSP00000268638-uc002fjh.2-uc010chp.2, ENSP00000363894-uc004bci.2-uc004bcj.1, ENSP00000384797	6.68467468377e-05	E
1	9.61310791921	14959.6	ENSP00000225576, ENSP00000268638-uc002fjh.2-uc010chp.2, ENSP00000360199, ENSP00000363894-uc004bci.2-uc004bcj.1	6.68467468377e-05	E
1	9.61310791921	14959.6	ENSP00000355183, ENSP00000393571-uc001pjq.2-uc010rvu.1, ENSP00000432787-uc003pzz.1-uc003pzw.1, ENSP00000464052	6.68467468377e-05	E
1	9.61053555412	14921.2	ENSP00000233146-uc002rvy.1-uc010fbg.2, ENSP00000312734-uc002alz.2-uc010uih.1, ENSP00000380891, ENSP00000429865	6.70189224296e-05	E
2	9.61053555412	14921.2	ENSP00000233146-uc002rvy.1-uc010fbg.2, ENSP00000312734-uc002alz.2-uc010uih.1, ENSP00000355183, ENSP00000429865	6.70189224296e-05	E
1	9.61053555412	14921.2	ENSP00000261658-uc002dco.2-uc010uzh.1, ENSP00000347942-uc001jal.2-uc010qez.1, ENSP00000464052, ENSP00000469540-uc002omt.2-uc002oms.2	6.70189224296e-05	E
1	9.61053555412	14921.2	ENSP00000233146-uc002rvy.1-uc010fbg.2, ENSP00000263212-uc002zvp.1-uc011aik.1, ENSP00000354529, ENSP00000464052	6.70189224296e-05	E
1	9.61053555412	14921.2	ENSP00000233146-uc002rvy.1-uc010fbg.2, ENSP00000312734-uc002alz.2-uc010uih.1, ENSP00000335652, ENSP00000429865	6.70189224296e-05	E
1	9.61025945357	14917	ENSP00000300584-uc002bcy.3-uc010bla.2, ENSP00000360186, ENSP00000411409, ENSP00000441202-uc001zcs.2-uc001zcr.2	6.70374289462e-05	E
2	9.61025945357	14917	ENSP00000174653-uc003xoo.2-uc010lxe.2, ENSP00000344223-uc002fhi.2-uc002fhh.2, ENSP00000375051-uc001chn.2-uc001chp.2, ENSP00000441202-uc001zcs.2-uc001zcr.2	6.70374289462e-05	E
1	9.60767660299	14878.6	ENSP00000331504-uc002bpv.2-uc002bpy.2, ENSP00000392264-uc010rre.1-uc009yth.2, ENSP00000401514, ENSP00000441202-uc001zcs.2-uc001zcr.2	6.72108004084e-05	E
1	9.60188928755	14792.7	ENSP00000219473-uc002fii.2-uc010vof.1, ENSP00000347942-uc001jal.2-uc010qez.1, ENSP00000402515, ENSP00000464052	6.76008982316e-05	E
1	9.59882458925	14747.4	ENSP00000363894-uc004bci.2-uc004bcj.1, ENSP00000369081-uc003mxv.2-uc010jnz.2, ENSP00000369319-uc002asq.2-uc002asr.2, ENSP00000435299-uc001lrv.2-uc001lrw.2	6.78083923809e-05	E
2	9.58722936985	14577.4	ENSP00000174653-uc003xoo.2-uc010lxe.2, ENSP00000344223-uc002fhi.2-uc002fhh.2, ENSP00000358770-uc001kxo.1-uc001kxp.1, ENSP00000441202-uc001zcs.2-uc001zcr.2	6.85992216268e-05	E
2	9.56836385744	14305	ENSP00000225576, ENSP00000308315-uc001cuv.2-uc010ons.1, ENSP00000366299-uc002ign.2-uc010czu.2, ENSP00000384164-uc010gci.1-uc002wpg.1	6.99056657141e-05	E
1	9.55723560147	14146.7	ENSP00000261173-uc001tbh.2-uc009zsr.2, ENSP00000355809-uc001hpc.1-uc001hpd.1, ENSP00000384164-uc010gci.1-uc002wpg.1, ENSP00000464052	7.06879384487e-05	E
1	9.5443520122	13965.6	ENSP00000264555-uc001lqe.2-uc009yca.1, ENSP00000330470-uc003akk.2-uc003aki.2, ENSP00000394902-uc001lei.1-uc010qtb.1, ENSP00000464052	7.16045447252e-05	E
1	9.5443520122	13965.6	ENSP00000225576, ENSP00000347942-uc001jal.2-uc010qez.1, ENSP00000394902-uc001lei.1-uc010qtb.1, ENSP00000402515	7.16045447252e-05	E
1	9.54309968741	13948.1	ENSP00000358770-uc001kxo.1-uc001kxp.1, ENSP00000379353-uc001rfo.3-uc009zix.2, ENSP00000441202-uc001zcs.2-uc001zcr.2, ENSP00000444443-uc010wbo.1-uc010wbp.1	7.16942730444e-05	E
1	9.53909981156	13892.4	ENSP00000207457-uc001bzr.2-uc001bzs.2, ENSP00000271657-uc001exr.2-uc010pcw.1, ENSP00000366299-uc002ign.2-uc010czu.2, ENSP00000441202-uc001zcs.2-uc001zcr.2	7.19816155193e-05	E
1	9.53781057065	13874.5	ENSP00000312618-uc003ela.3-uc003ele.2, ENSP00000359245, ENSP00000395007-uc010lpi.2-uc003wfw.2, ENSP00000429865	7.20744770103e-05	E
1	9.53416738446	13824.1	ENSP00000382213, ENSP00000408342-uc002mkd.2-uc002mkc.2, ENSP00000417509-uc003die.3-uc003dib.3, ENSP00000464052	7.23375366463e-05	E
1	9.53394112908	13821	ENSP00000184956-uc002iyk.1-uc010ddk.1, ENSP00000298281, ENSP00000356607-uc001glz.2-uc010pnb.1, ENSP00000441202-uc001zcs.2-uc001zcr.2	7.23539052549e-05	E
1	9.53394112908	13821	ENSP00000369431-uc003zqc.2-uc003zqb.2, ENSP00000382213, ENSP00000415793, ENSP00000441202-uc001zcs.2-uc001zcr.2	7.23539052549e-05	E
2	9.53378839811	13818.8	ENSP00000233146-uc002rvy.1-uc010fbg.2, ENSP00000271688-uc001evz.2-uc009wmh.2, ENSP00000354529, ENSP00000464052	7.23649567811e-05	E
1	9.53378839811	13818.8	ENSP00000233146-uc002rvy.1-uc010fbg.2, ENSP00000287295-uc004evg.2-uc004evi.2, ENSP00000380891, ENSP00000429865	7.23649567811e-05	E
1	9.53378839811	13818.8	ENSP00000259021-uc002ipm.2-uc010wmg.1, ENSP00000354622-uc002ici.1-uc010whi.1, ENSP00000432787-uc003pzz.1-uc003pzw.1, ENSP00000464052	7.23649567811e-05	E
1	9.53330029712	13812.1	ENSP00000295550, ENSP00000383191-uc002zhg.2-uc002zhk.2, ENSP00000429865, ENSP00000472749-uc010noz.2-uc004elo.3	7.24002868098e-05	E
1	9.5292886895	13756.8	ENSP00000233146-uc002rvy.1-uc010fbg.2, ENSP00000318012-uc004bvu.3-uc011mbj.1, ENSP00000367868-uc001imo.3-uc001imn.2, ENSP00000369319-uc002asq.2-uc002asr.2	7.26913117007e-05	E
1	9.52895796426	13752.3	ENSP00000225576, ENSP00000282478, ENSP00000362298-uc001jrm.2-uc009xqk.2, ENSP00000452120-uc001shh.2-uc001shg.2	7.27153565276e-05	E
1	9.52885379551	13750.8	ENSP00000225576, ENSP00000346065-uc003oyj.2-uc010jze.2, ENSP00000359245, ENSP00000364001-uc001iwx.3-uc001iwv.3	7.27229315905e-05	E
1	9.52885379551	13750.8	ENSP00000207457-uc001bzr.2-uc001bzs.2, ENSP00000316426-uc002hqi.3-uc010cvn.1, ENSP00000386797-uc002tob.1-uc002toa.1, ENSP00000429865	7.27229315905e-05	E
1	9.52785942187	13737.2	ENSP00000246062-uc002wnu.1-uc010zrd.1, ENSP00000342263-uc003cbm.2-uc003cbl.3, ENSP00000366299-uc002ign.2-uc010czu.2, ENSP00000429865	7.2795281322e-05	E
1	9.52785942187	13737.2	ENSP00000245206-uc002eof.1-uc010vim.1, ENSP00000248846-uc003bkb.1-uc010has.1, ENSP00000265077, ENSP00000464052	7.2795281322e-05	E
2	9.51690953319	13587.6	ENSP00000207457-uc001bzr.2-uc001bzs.2, ENSP00000343405-uc001jux.2-uc010qkq.1, ENSP00000386797-uc002tob.1-uc002toa.1, ENSP00000429865	7.35967616009e-05	E
1	9.51526322174	13565.2	ENSP00000370074-uc003mug.2-uc003muf.2, ENSP00000376250-uc003fsv.2-uc003fsw.2, ENSP00000377643-uc002hun.1-uc002huk.1, ENSP00000441202-uc001zcs.2-uc001zcr.2	7.37180245825e-05	E
1	9.51007511887	13495	ENSP00000218089, ENSP00000336630-uc003aab.2-uc011ajs.1, ENSP00000394902-uc001lei.1-uc010qtb.1, ENSP00000429865	7.41014751083e-05	E
2	9.51007511887	13495	ENSP00000336630-uc003aab.2-uc011ajs.1, ENSP00000340626, ENSP00000394902-uc001lei.1-uc010qtb.1, ENSP00000429865	7.41014751083e-05	E
1	9.51007511887	13495	ENSP00000340626, ENSP00000355809-uc001hpc.1-uc001hpd.1, ENSP00000394902-uc001lei.1-uc010qtb.1, ENSP00000429865	7.41014751083e-05	E
1	9.49267621529	13262.2	ENSP00000261173-uc001tbh.2-uc009zsr.2, ENSP00000355809-uc001hpc.1-uc001hpd.1, ENSP00000411409, ENSP00000464052	7.54020409295e-05	E
2	9.48672416505	13183.5	ENSP00000225576, ENSP00000295797-uc003fgs.2-uc003fgt.2, ENSP00000298281, ENSP00000411409	7.58521759489e-05	E
2	9.48672416505	13183.5	ENSP00000260649-uc002ruc.3-uc002rue.3, ENSP00000408342-uc002mkd.2-uc002mkc.2, ENSP00000411409, ENSP00000429865	7.58521759489e-05	E
2	9.476772582	13053	ENSP00000250896-uc002lus.2-uc002luq.1, ENSP00000342263-uc003cbm.2-uc003cbl.3, ENSP00000376197-uc003fwa.3-uc011btr.1, ENSP00000464052	7.66107936402e-05	E
1	9.46907705507	12952.9	ENSP00000263196-uc002zoq.1-uc011agr.1, ENSP00000386844, ENSP00000408342-uc002mkd.2-uc002mkc.2, ENSP00000429865	7.72026283853e-05	E
1	9.43426142524	12509.7	ENSP00000207457-uc001bzr.2-uc001bzs.2, ENSP00000308622-uc004bvj.2-uc010myd.2, ENSP00000366299-uc002ign.2-uc010czu.2, ENSP00000441202-uc001zcs.2-uc001zcr.2	7.99378240185e-05	E
2	9.43426142524	12509.7	ENSP00000308622-uc004bvj.2-uc010myd.2, ENSP00000366299-uc002ign.2-uc010czu.2, ENSP00000386181-uc002uln.2-uc010zfc.1, ENSP00000441202-uc001zcs.2-uc001zcr.2	7.99378240185e-05	E
6	9.4310481442	12469.6	ENSP00000304669-uc003ldh.2-uc003ldl.2, ENSP00000358770-uc001kxo.1-uc001kxp.1, ENSP00000367815-uc002fhl.3-uc010vnw.1, ENSP00000379353-uc001rfo.3-uc009zix.2	8.01950998409e-05	E
1	9.39024370317	11971	ENSP00000382213, ENSP00000407487-uc002bqg.2-uc002bqi.2, ENSP00000415793, ENSP00000441202-uc001zcs.2-uc001zcr.2	8.35350959887e-05	E
1	9.38569651953	11916.7	ENSP00000225576, ENSP00000318318-uc002azc.1-uc010ulx.1, ENSP00000326804-uc003wey.2-uc003wez.2, ENSP00000354897	8.39158103437e-05	E
1	9.37240069556	11759.3	ENSP00000218089, ENSP00000333799-uc003ubr.2-uc010lca.2, ENSP00000429865, ENSP00000463916-uc001etp.2-uc001etq.2	8.50389904423e-05	E
1	9.37179872087	11752.2	ENSP00000246032-uc002wfw.3-uc010zpu.1, ENSP00000368800-uc010cdu.2-uc002ept.2, ENSP00000386797-uc002tob.1-uc002toa.1, ENSP00000441202-uc001zcs.2-uc001zcr.2	8.50901971739e-05	E
1	9.35377372544	11542.3	ENSP00000383401-uc002kod.1-uc002kof.2, ENSP00000386797-uc002tob.1-uc002toa.1, ENSP00000432787-uc003pzz.1-uc003pzw.1, ENSP00000464052	8.66378539392e-05	E
1	9.34901390483	11487.5	ENSP00000248846-uc003bkb.1-uc010has.1, ENSP00000273512-uc003fig.2-uc011bpy.1, ENSP00000384582, ENSP00000464052	8.70512175699e-05	E
1	9.34527629339	11444.6	ENSP00000377643-uc002hun.1-uc002huk.1, ENSP00000395007-uc010lpi.2-uc003wfw.2, ENSP00000410083-uc001tdz.2-uc009ztb.1, ENSP00000441202-uc001zcs.2-uc001zcr.2	8.73771899959e-05	E
1	9.32062494486	11166	ENSP00000264424-uc003ipc.2-uc003ipd.2, ENSP00000359245, ENSP00000374359-uc003eiv.2-uc003eix.2, ENSP00000429865	8.95579241464e-05	E
1	9.32062494486	11166	ENSP00000252999, ENSP00000305922-uc001czi.3-uc001czm.3, ENSP00000374359-uc003eiv.2-uc003eix.2, ENSP00000464052	8.95579241464e-05	E
1	9.32062494486	11166	ENSP00000355623-uc001hub.2-uc009xfh.1, ENSP00000384164-uc010gci.1-uc002wpg.1, ENSP00000432787-uc003pzz.1-uc003pzw.1, ENSP00000464052	8.95579241464e-05	E
1	9.31968442799	11155.5	ENSP00000298281, ENSP00000343617-uc002qqw.2-uc010yhp.1, ENSP00000344772-uc001apy.2-uc001apz.2, ENSP00000441202-uc001zcs.2-uc001zcr.2	8.9642194507e-05	E
1	9.30738853243	11019.1	ENSP00000262518, ENSP00000311429-uc002aqb.2-uc010bhv.2, ENSP00000378548-uc010apj.2-uc001xed.2, ENSP00000472749-uc010noz.2-uc004elo.3	9.0751229888e-05	E
2	9.30738853243	11019.1	ENSP00000262518, ENSP00000311429-uc002aqb.2-uc010bhv.2, ENSP00000378548-uc010apj.2-uc001xed.2, ENSP00000423228-uc003jlg.1-uc003jlb.1	9.0751229888e-05	E
1	9.30354557498	10976.9	ENSP00000262679-uc001ctd.3-uc009vzb.2, ENSP00000347665, ENSP00000377643-uc002hun.1-uc002huk.1, ENSP00000441202-uc001zcs.2-uc001zcr.2	9.11006539833e-05	E
2	9.28150260452	10737.6	ENSP00000302728-uc003tun.2-uc011kdt.1, ENSP00000340626, ENSP00000364899-uc004arb.2-uc011ltr.1, ENSP00000429865	9.31310790957e-05	E
2	9.25951546304	10504	ENSP00000305483-uc001ifc.1-uc001ifd.1, ENSP00000345444-uc001qfp.2-uc009zcv.2, ENSP00000353114, ENSP00000441202-uc001zcs.2-uc001zcr.2	9.52014425882e-05	E
1	9.25924766131	10501.2	ENSP00000248846-uc003bkb.1-uc010has.1, ENSP00000316426-uc002hqi.3-uc010cvn.1, ENSP00000367815-uc002fhl.3-uc010vnw.1, ENSP00000429865	9.52269411136e-05	E
1	9.25899543084	10498.6	ENSP00000364037-uc004bas.2-uc011lvf.1, ENSP00000406229, ENSP00000415793, ENSP00000464052	9.52509632794e-05	E
1	9.24539002833	10356.7	ENSP00000261047-uc003dxj.2-uc003dxk.2, ENSP00000265077, ENSP00000369081-uc003mxv.2-uc010jnz.2, ENSP00000429865	9.65557469002e-05	E
1	9.23935308579	10294.4	ENSP00000322323-uc003sip.2-uc011jvn.1, ENSP00000355183, ENSP00000415793, ENSP00000429865	9.71404114139e-05	E
1	9.22942050371	10192.6	ENSP00000225576, ENSP00000366299-uc002ign.2-uc010czu.2, ENSP00000369695-uc003zoe.2-uc011lnf.1, ENSP00000374359-uc003eiv.2-uc003eix.2	9.81100741788e-05	E
1	9.2278118247	10176.2	ENSP00000225576, ENSP00000273512-uc003fig.2-uc011bpy.1, ENSP00000340062, ENSP00000360199	9.82680288113e-05	E
2	9.21773749286	10074.2	ENSP00000305483-uc001ifc.1-uc001ifd.1, ENSP00000310170-uc001ogg.1-uc010ros.1, ENSP00000411032-uc002oyg.1-uc010ejd.2, ENSP00000441202-uc001zcs.2-uc001zcr.2	9.92630170482e-05	E
2	9.21718861031	10068.7	ENSP00000359245, ENSP00000367868-uc001imo.3-uc001imn.2, ENSP00000370074-uc003mug.2-uc003muf.2, ENSP00000464052	9.93175157418e-05	E
2	9.21405893047	10037.3	ENSP00000218089, ENSP00000334800-uc003url.1-uc010lgf.1, ENSP00000429865, ENSP00000463916-uc001etp.2-uc001etq.2	9.9628834678e-05	E
1	9.20681308643	9964.79	ENSP00000265993-uc001klb.3-uc001kla.3, ENSP00000347665, ENSP00000354529, ENSP00000464052	0.000100353351374	E
1	9.195611687	9853.79	ENSP00000252999, ENSP00000285381-uc003ydj.2-uc011lfv.1, ENSP00000290341-uc002iom.2-uc010dbj.2, ENSP00000369319-uc002asq.2-uc002asr.2	0.000101483768655	E
1	9.19424082277	9840.29	ENSP00000225576, ENSP00000240651-uc001rew.2-uc009zir.2, ENSP00000366299-uc002ign.2-uc010czu.2, ENSP00000374359-uc003eiv.2-uc003eix.2	0.000101622984524	E
1	9.17784585953	9680.28	ENSP00000347444-uc004axj.2-uc011luy.1, ENSP00000360202, ENSP00000378548-uc010apj.2-uc001xed.2, ENSP00000379353-uc001rfo.3-uc009zix.2	0.000103302822433	E
1	9.1726388897	9630	ENSP00000225576, ENSP00000265077, ENSP00000360199, ENSP00000436958-uc001pbl.2-uc001pbk.2	0.000103842119947	E
1	9.1726388897	9630	ENSP00000225576, ENSP00000250896-uc002lus.2-uc002luq.1, ENSP00000340062, ENSP00000452120-uc001shh.2-uc001shg.2	0.000103842119947	E
1	9.1726388897	9630	ENSP00000218089, ENSP00000260762-uc001kig.2-uc001kih.2, ENSP00000429865, ENSP00000432787-uc003pzz.1-uc003pzw.1	0.000103842119947	E
1	9.17214178253	9625.22	ENSP00000300432-uc004bsu.2-uc011mao.1, ENSP00000311429-uc002aqb.2-uc010bhv.2, ENSP00000378548-uc010apj.2-uc001xed.2, ENSP00000423228-uc003jlg.1-uc003jlb.1	0.000103893753443	E
1	9.16962889334	9601.06	ENSP00000347665, ENSP00000360202, ENSP00000376800-uc003vte.3-uc010lmv.2, ENSP00000441202-uc001zcs.2-uc001zcr.2	0.000104155155231	E
1	9.15402850468	9452.44	ENSP00000392264-uc010rre.1-uc009yth.2, ENSP00000401514, ENSP00000405424-uc011lht.1-uc003yml.2, ENSP00000441202-uc001zcs.2-uc001zcr.2	0.00010579275653	E
1	9.14052187287	9325.63	ENSP00000343617-uc002qqw.2-uc010yhp.1, ENSP00000386844, ENSP00000408342-uc002mkd.2-uc002mkc.2, ENSP00000429865	0.000107231353773	E
1	9.13704272433	9293.24	ENSP00000257829-uc001mvk.2-uc010ren.1, ENSP00000377643-uc002hun.1-uc002huk.1, ENSP00000385030-uc002rgu.2-uc010ykr.1, ENSP00000441202-uc001zcs.2-uc001zcr.2	0.000107605077323	E
1	9.13640757853	9287.34	ENSP00000340062, ENSP00000356849-uc001gdt.1-uc010plf.1, ENSP00000383700, ENSP00000429865	0.000107673443945	E
1	9.11749569779	9113.35	ENSP00000249075-uc003agz.2-uc011aks.1, ENSP00000252999, ENSP00000300432-uc004bsu.2-uc011mao.1, ENSP00000464052	0.000109729128437	E
1	9.11749569779	9113.35	ENSP00000252999, ENSP00000300432-uc004bsu.2-uc011mao.1, ENSP00000437271-uc001njs.2-uc001njp.2, ENSP00000464052	0.000109729128437	E
1	9.11149199984	9058.8	ENSP00000253490-uc003mdk.2-uc010jjy.1, ENSP00000376250-uc003fsv.2-uc003fsw.2, ENSP00000378548-uc010apj.2-uc001xed.2, ENSP00000378857-uc003cvj.2-uc011bby.1	0.000110389890503	E
1	9.0993835391	8949.77	ENSP00000366299-uc002ign.2-uc010czu.2, ENSP00000440045-uc001tqk.3-uc009zvn.2, ENSP00000464052, ENSP00000469540-uc002omt.2-uc002oms.2	0.000111734667317	E
1	9.0993835391	8949.77	ENSP00000259021-uc002ipm.2-uc010wmg.1, ENSP00000327214-uc001baa.2-uc001azz.1, ENSP00000432787-uc003pzz.1-uc003pzw.1, ENSP00000464052	0.000111734667317	E
2	9.09090366065	8874.2	ENSP00000255121-uc001coj.1-uc001coi.1, ENSP00000316426-uc002hqi.3-uc010cvn.1, ENSP00000367815-uc002fhl.3-uc010vnw.1, ENSP00000429865	0.000112686192421	E
2	9.08763622688	8845.25	ENSP00000335652, ENSP00000364899-uc004arb.2-uc011ltr.1, ENSP00000429865, ENSP00000467423-uc002mcg.2-uc010xiu.1	0.000113054989273	E
1	9.08763622688	8845.25	ENSP00000225576, ENSP00000260506-uc001dpw.2-uc010otl.1, ENSP00000261292-uc002ldv.2-uc010xdh.1, ENSP00000265077	0.000113054989273	E
1	9.07646409209	8746.98	ENSP00000225576, ENSP00000362608-uc003onk.2-uc011dtw.1, ENSP00000373390, ENSP00000469540-uc002omt.2-uc002oms.2	0.000114325136771	E
1	9.0763325809	8745.83	ENSP00000225576, ENSP00000259806-uc003mtm.2-uc003mtn.2, ENSP00000364493-uc004aur.2-uc011luh.1, ENSP00000384797	0.000114340172794	E
1	9.07079990317	8697.58	ENSP00000248846-uc003bkb.1-uc010has.1, ENSP00000373206-uc003dnl.2-uc003dnj.2, ENSP00000386797-uc002tob.1-uc002toa.1, ENSP00000464052	0.00011497453336	E
1	9.06547748406	8651.41	ENSP00000221200-uc003xeo.2-uc011lad.1, ENSP00000351627-uc002ozp.3-uc002ozo.3, ENSP00000366299-uc002ign.2-uc010czu.2, ENSP00000441202-uc001zcs.2-uc001zcr.2	0.000115588107414	E
2	9.05181194161	8533.99	ENSP00000318115-uc002olu.1-uc002olt.1, ENSP00000355183, ENSP00000387258-uc002tcd.3-uc010ywe.1, ENSP00000441202-uc001zcs.2-uc001zcr.2	0.000117178523803	E
1	9.05181194161	8533.99	ENSP00000318115-uc002olu.1-uc002olt.1, ENSP00000380025-uc002vhp.1-uc010zjz.1, ENSP00000384797, ENSP00000441202-uc001zcs.2-uc001zcr.2	0.000117178523803	E
1	9.05181194161	8533.99	ENSP00000318115-uc002olu.1-uc002olt.1, ENSP00000384797, ENSP00000387258-uc002tcd.3-uc010ywe.1, ENSP00000441202-uc001zcs.2-uc001zcr.2	0.000117178523803	E
1	9.04082627036	8440.75	ENSP00000305924-uc001ycs.1-uc001ycr.2, ENSP00000369081-uc003mxv.2-uc010jnz.2, ENSP00000429865, ENSP00000432787-uc003pzz.1-uc003pzw.1	0.000118472905351	E
1	9.02474680038	8306.11	ENSP00000318775-uc003gro.2-uc003grp.2, ENSP00000353533-uc003eil.2-uc011bkh.1, ENSP00000408342-uc002mkd.2-uc002mkc.2, ENSP00000464052	0.000120393284842	E
1	9.01133808576	8195.48	ENSP00000316426-uc002hqi.3-uc010cvn.1, ENSP00000364448-uc001vup.2-uc001vut.2, ENSP00000377643-uc002hun.1-uc002huk.1, ENSP00000441202-uc001zcs.2-uc001zcr.2	0.00012201847555	E
1	9.01109641828	8193.5	ENSP00000248846-uc003bkb.1-uc010has.1, ENSP00000279068-uc010gjy.1-uc010zzz.1, ENSP00000386810-uc010ywk.1-uc010ywl.1, ENSP00000464052	0.000122047967012	E
1	9.00346383833	8131.2	ENSP00000344666, ENSP00000411471-uc003fmz.2-uc003fnb.2, ENSP00000415793, ENSP00000429865	0.000122983071969	E
1	8.9983938728	8090.08	ENSP00000273512-uc003fig.2-uc011bpy.1, ENSP00000346065-uc003oyj.2-uc010jze.2, ENSP00000367030-uc001iop.2-uc001ior.2, ENSP00000464052	0.000123608175192	E
1	8.99390690692	8053.86	ENSP00000263980-uc001bnm.2-uc001bnl.2, ENSP00000335652, ENSP00000452120-uc001shh.2-uc001shg.2, ENSP00000464052	0.000124164047013	E
1	8.99156202336	8035	ENSP00000225576, ENSP00000362298-uc001jrm.2-uc009xqk.2, ENSP00000362344-uc004bsg.1-uc004bsi.1, ENSP00000363894-uc004bci.2-uc004bcj.1	0.000124455538869	E
1	8.99126387763	8032.6	ENSP00000352798, ENSP00000415793, ENSP00000422464-uc003iph.1-uc011cir.1, ENSP00000464052	0.000124492650288	E
2	8.98265116198	7963.72	ENSP00000252999, ENSP00000261173-uc001tbh.2-uc009zsr.2, ENSP00000315873, ENSP00000464052	0.000125569500733	E
1	8.98199609403	7958.5	ENSP00000262394-uc002gzd.1-uc002gze.1, ENSP00000312158-uc003nib.1-uc003nic.1, ENSP00000342263-uc003cbm.2-uc003cbl.3, ENSP00000429865	0.000125651784236	E
1	8.96114653664	7794.29	ENSP00000267836-uc001zwj.3-uc001zwh.3, ENSP00000344772-uc001apy.2-uc001apz.2, ENSP00000367064, ENSP00000378548-uc010apj.2-uc001xed.2	0.000128299069791	E
1	8.95942350194	7780.87	ENSP00000225576, ENSP00000368800-uc010cdu.2-uc002ept.2, ENSP00000408342-uc002mkd.2-uc002mkc.2, ENSP00000413507-uc011kav.1-uc003tey.2	0.000128520324099	E
1	8.95241661388	7726.54	ENSP00000265565-uc003crh.1-uc003crg.2, ENSP00000359245, ENSP00000367868-uc001imo.3-uc001imn.2, ENSP00000464052	0.000129424013953	E
2	8.94888874808	7699.33	ENSP00000265077, ENSP00000386797-uc002tob.1-uc002toa.1, ENSP00000436958-uc001pbl.2-uc001pbk.2, ENSP00000441202-uc001zcs.2-uc001zcr.2	0.000129881410849	E
1	8.92337468391	7505.37	ENSP00000225576, ENSP00000358694-uc001kyp.1-uc001kyq.1, ENSP00000359245, ENSP00000380891	0.000133237849621	E
1	8.91096704902	7412.83	ENSP00000261798-uc003lqy.1-uc003lqu.2, ENSP00000363894-uc004bci.2-uc004bcj.1, ENSP00000435299-uc001lrv.2-uc001lrw.2, ENSP00000441202-uc001zcs.2-uc001zcr.2	0.000134901314705	E
1	8.91096704902	7412.83	ENSP00000261798-uc003lqy.1-uc003lqu.2, ENSP00000338777-uc002boq.3-uc002bos.3, ENSP00000340626, ENSP00000441202-uc001zcs.2-uc001zcr.2	0.000134901314705	E
1	8.90620997401	7377.65	ENSP00000353533-uc003eil.2-uc011bkh.1, ENSP00000359245, ENSP00000401514, ENSP00000441202-uc001zcs.2-uc001zcr.2	0.000135544579195	E
1	8.88759166265	7241.56	ENSP00000225576, ENSP00000268638-uc002fjh.2-uc010chp.2, ENSP00000359245, ENSP00000386797-uc002tob.1-uc002toa.1	0.000138091829541	E
1	8.88733927008	7239.73	ENSP00000340062, ENSP00000356849-uc001gdt.1-uc010plf.1, ENSP00000360577-uc001cup.3-uc010onl.1, ENSP00000429865	0.000138126687292	E
1	8.88510483599	7223.57	ENSP00000225576, ENSP00000359245, ENSP00000360199, ENSP00000416892-uc003auf.2-uc003auh.2	0.00013843566734	E
1	8.87853257478	7176.25	ENSP00000295797-uc003fgs.2-uc003fgt.2, ENSP00000342263-uc003cbm.2-uc003cbl.3, ENSP00000391524-uc011arv.1-uc011aru.1, ENSP00000429865	0.000139348499105	E
1	8.87569692164	7155.93	ENSP00000248594-uc003ugh.2-uc010lds.2, ENSP00000368800-uc010cdu.2-uc002ept.2, ENSP00000369319-uc002asq.2-uc002asr.2, ENSP00000441202-uc001zcs.2-uc001zcr.2	0.000139744203889	E
1	8.8624846687	7062.01	ENSP00000225576, ENSP00000329867-uc001ouw.2-uc001oux.2, ENSP00000376362-uc001tui.1-uc001tuh.2, ENSP00000384797	0.000141602790682	E
3	8.8552485167	7011.09	ENSP00000264501, ENSP00000290866-uc002jau.1-uc002jav.1, ENSP00000464052, ENSP00000467423-uc002mcg.2-uc010xiu.1	0.000142631166252	E
1	8.85309385523	6996	ENSP00000301831-uc003ckv.3-uc003cku.3, ENSP00000375051-uc001chn.2-uc001chp.2, ENSP00000464052, ENSP00000469540-uc002omt.2-uc002oms.2	0.000142938819455	E
1	8.84888334927	6966.61	ENSP00000218089, ENSP00000313490-uc002gkr.2-uc002gks.2, ENSP00000429865, ENSP00000432787-uc003pzz.1-uc003pzw.1	0.000143541933023	E
2	8.84888334927	6966.61	ENSP00000263816, ENSP00000413507-uc011kav.1-uc003tey.2, ENSP00000429865, ENSP00000452120-uc001shh.2-uc001shg.2	0.000143541933023	E
1	8.83410584604	6864.41	ENSP00000261819-uc001uag.2-uc010szv.1, ENSP00000406229, ENSP00000415793, ENSP00000441202-uc001zcs.2-uc001zcr.2	0.000145678874846	E
1	8.8339197079	6863.14	ENSP00000259608-uc003zxe.1-uc003zxf.1, ENSP00000366299-uc002ign.2-uc010czu.2, ENSP00000379625-uc011ayi.1-uc011ayk.1, ENSP00000464052	0.000145705993764	E
1	8.80194532625	6647.16	ENSP00000233146-uc002rvy.1-uc010fbg.2, ENSP00000322323-uc003sip.2-uc011jvn.1, ENSP00000380891, ENSP00000464052	0.000150440135113	E
1	8.80194532625	6647.16	ENSP00000233146-uc002rvy.1-uc010fbg.2, ENSP00000322323-uc003sip.2-uc011jvn.1, ENSP00000380891, ENSP00000429865	0.000150440135113	E
1	8.80194532625	6647.16	ENSP00000233146-uc002rvy.1-uc010fbg.2, ENSP00000290866-uc002jau.1-uc002jav.1, ENSP00000354529, ENSP00000464052	0.000150440135113	E
1	8.80194532625	6647.16	ENSP00000233146-uc002rvy.1-uc010fbg.2, ENSP00000322323-uc003sip.2-uc011jvn.1, ENSP00000354529, ENSP00000464052	0.000150440135113	E
1	8.80194532625	6647.16	ENSP00000233146-uc002rvy.1-uc010fbg.2, ENSP00000322323-uc003sip.2-uc011jvn.1, ENSP00000354897, ENSP00000464052	0.000150440135113	E
1	8.79098294087	6574.69	ENSP00000346643-uc001jpf.3-uc009xqb.2, ENSP00000374359-uc003eiv.2-uc003eix.2, ENSP00000386181-uc002uln.2-uc010zfc.1, ENSP00000441202-uc001zcs.2-uc001zcr.2	0.00015209839046	E
1	8.7899218015	6567.72	ENSP00000265077, ENSP00000365637-uc001iru.3-uc001isa.1, ENSP00000371535-uc003grg.2-uc003grh.2, ENSP00000429865	0.000152259873714	E
1	8.7899218015	6567.72	ENSP00000225576, ENSP00000265077, ENSP00000352288-uc003bkv.3-uc003bkt.1, ENSP00000360199	0.000152259873714	E
1	8.7899218015	6567.72	ENSP00000225576, ENSP00000360199, ENSP00000380025-uc002vhp.1-uc010zjz.1, ENSP00000452120-uc001shh.2-uc001shg.2	0.000152259873714	E
1	8.77972704532	6501.1	ENSP00000350331-uc001iig.2-uc001iii.2, ENSP00000354897, ENSP00000382213, ENSP00000441202-uc001zcs.2-uc001zcr.2	0.000153820065376	E
1	8.77972704532	6501.1	ENSP00000218089, ENSP00000350331-uc001iig.2-uc001iii.2, ENSP00000382213, ENSP00000441202-uc001zcs.2-uc001zcr.2	0.000153820065376	E
1	8.7744856542	6467.12	ENSP00000296051-uc003ewu.1-uc011bnq.1, ENSP00000356210-uc003qph.2-uc003qpg.2, ENSP00000377643-uc002hun.1-uc002huk.1, ENSP00000441202-uc001zcs.2-uc001zcr.2	0.000154628413084	E
1	8.76862130302	6429.3	ENSP00000261173-uc001tbh.2-uc009zsr.2, ENSP00000298281, ENSP00000415793, ENSP00000464052	0.000155537872489	E
1	8.75757912745	6358.7	ENSP00000252999, ENSP00000308032-uc002opw.2-uc010xvx.1, ENSP00000367030-uc001iop.2-uc001ior.2, ENSP00000464052	0.000157264866321	E
1	8.75136888995	6319.33	ENSP00000265565-uc003crh.1-uc003crg.2, ENSP00000346065-uc003oyj.2-uc010jze.2, ENSP00000411409, ENSP00000464052	0.000158244557399	E
1	8.74621196798	6286.83	ENSP00000264670-uc003jdu.2-uc003jds.2, ENSP00000340062, ENSP00000358450-uc001ehg.2-uc001ehf.2, ENSP00000464052	0.000159062720021	E
2	8.70718486771	6046.2	ENSP00000373390, ENSP00000393571-uc001pjq.2-uc010rvu.1, ENSP00000464052, ENSP00000472749-uc010noz.2-uc004elo.3	0.000165393203467	E
2	8.70499059585	6032.95	ENSP00000230859-uc003jdx.1-uc010itl.1, ENSP00000318884, ENSP00000365851-uc001irh.2-uc009xkg.2, ENSP00000441202-uc001zcs.2-uc001zcr.2	0.000165756519581	E
1	8.70380354481	6025.79	ENSP00000225576, ENSP00000344772-uc001apy.2-uc001apz.2, ENSP00000415793, ENSP00000463916-uc001etp.2-uc001etq.2	0.00016595339786	E
1	8.69040233977	5945.57	ENSP00000225576, ENSP00000295797-uc003fgs.2-uc003fgt.2, ENSP00000298281, ENSP00000342263-uc003cbm.2-uc003cbl.3	0.000168192342139	E
1	8.67422832403	5850.18	ENSP00000300658-uc002hsj.2-uc010cvy.2, ENSP00000408342-uc002mkd.2-uc002mkc.2, ENSP00000411409, ENSP00000429865	0.000170934806271	E
1	8.66218127723	5780.13	ENSP00000264424-uc003ipc.2-uc003ipd.2, ENSP00000363894-uc004bci.2-uc004bcj.1, ENSP00000415793, ENSP00000464052	0.000173006519841	E
1	8.65239734964	5723.85	ENSP00000273512-uc003fig.2-uc011bpy.1, ENSP00000335321, ENSP00000423228-uc003jlg.1-uc003jlb.1, ENSP00000441202-uc001zcs.2-uc001zcr.2	0.000174707510721	E
1	8.64604738188	5687.62	ENSP00000257548-uc010sxi.1-uc001tnw.3, ENSP00000351627-uc002ozp.3-uc002ozo.3, ENSP00000464052, ENSP00000469540-uc002omt.2-uc002oms.2	0.000175820427535	E
2	8.64604738188	5687.62	ENSP00000282308-uc002qqu.2-uc010euj.2, ENSP00000344666, ENSP00000382034-uc003obw.2-uc010juc.1, ENSP00000429865	0.000175820427535	E
1	8.63460727061	5622.93	ENSP00000246032-uc002wfw.3-uc010zpu.1, ENSP00000376799-uc001pkh.2-uc010rvx.1, ENSP00000386797-uc002tob.1-uc002toa.1, ENSP00000441202-uc001zcs.2-uc001zcr.2	0.00017784338214	E
1	8.62512931471	5569.88	ENSP00000354529, ENSP00000363482-uc001jcu.2-uc001jcw.2, ENSP00000415793, ENSP00000464052	0.000179536987152	E
4	8.61756411412	5527.9	ENSP00000280700-uc003cdl.2-uc003cdk.2, ENSP00000343617-uc002qqw.2-uc010yhp.1, ENSP00000367030-uc001iop.2-uc001ior.2, ENSP00000429865	0.000180900371107	E
1	8.5983628708	5422.77	ENSP00000225576, ENSP00000329867-uc001ouw.2-uc001oux.2, ENSP00000376362-uc001tui.1-uc001tuh.2, ENSP00000411409	0.000184407445492	E
1	8.5983628708	5422.77	ENSP00000225576, ENSP00000300432-uc004bsu.2-uc011mao.1, ENSP00000329867-uc001ouw.2-uc001oux.2, ENSP00000376362-uc001tui.1-uc001tuh.2	0.000184407445492	E
1	8.59382345382	5398.21	ENSP00000354529, ENSP00000356272-uc003qoi.2-uc011eeq.1, ENSP00000415793, ENSP00000464052	0.000185246450637	E
2	8.5885627195	5369.89	ENSP00000362344-uc004bsg.1-uc004bsi.1, ENSP00000416097-uc011maw.1-uc010mxw.2, ENSP00000429865, ENSP00000432787-uc003pzz.1-uc003pzw.1	0.000186223550877	E
1	8.58060149627	5327.31	ENSP00000264501, ENSP00000271588, ENSP00000326534-uc001zpc.2-uc001zpb.2, ENSP00000378548-uc010apj.2-uc001xed.2	0.000187712035354	E
3	8.57938374833	5320.83	ENSP00000312066-uc002jqk.1-uc002jqj.1, ENSP00000382213, ENSP00000417509-uc003die.3-uc003dib.3, ENSP00000464052	0.000187940760534	E
1	8.57304909049	5287.23	ENSP00000264963-uc002swu.2-uc010yuw.1, ENSP00000354837-uc001fmt.2-uc001fmq.2, ENSP00000367064, ENSP00000378548-uc010apj.2-uc001xed.2	0.000189135079755	E
1	8.55723697712	5204.28	ENSP00000305483-uc001ifc.1-uc001ifd.1, ENSP00000377643-uc002hun.1-uc002huk.1, ENSP00000380869-uc010tlt.1-uc010ain.2, ENSP00000441202-uc001zcs.2-uc001zcr.2	0.000192149474246	E
1	8.53698624988	5099.95	ENSP00000215919-uc003aks.2-uc003akr.2, ENSP00000225576, ENSP00000355183, ENSP00000400113-uc001mpi.2-uc001mpj.2	0.000196080307624	E
1	8.53431222487	5086.33	ENSP00000273359-uc003dyk.3-uc011bhq.1, ENSP00000360202, ENSP00000367064, ENSP00000378548-uc010apj.2-uc001xed.2	0.000196605332923	E
2	8.53431222487	5086.33	ENSP00000326534-uc001zpc.2-uc001zpb.2, ENSP00000367064, ENSP00000378548-uc010apj.2-uc001xed.2, ENSP00000379154-uc001jap.1-uc001jao.1	0.000196605332923	E
1	8.53431222487	5086.33	ENSP00000263816, ENSP00000326534-uc001zpc.2-uc001zpb.2, ENSP00000367064, ENSP00000378548-uc010apj.2-uc001xed.2	0.000196605332923	E
1	8.51079395514	4968.11	ENSP00000265077, ENSP00000356849-uc001gdt.1-uc010plf.1, ENSP00000411124-uc001yhq.2-uc001yhp.2, ENSP00000464052	0.000201283951026	E
1	8.49653012316	4897.74	ENSP00000202556-uc001yof.1-uc010awv.1, ENSP00000298281, ENSP00000392264-uc010rre.1-uc009yth.2, ENSP00000441202-uc001zcs.2-uc001zcr.2	0.000204175605494	E
2	8.48482398252	4840.75	ENSP00000382034-uc003obw.2-uc010juc.1, ENSP00000416892-uc003auf.2-uc003auh.2, ENSP00000429865, ENSP00000472749-uc010noz.2-uc004elo.3	0.000206579758068	E
1	8.48482398252	4840.75	ENSP00000225576, ENSP00000257287-uc003hbi.2-uc003hbj.2, ENSP00000359245, ENSP00000416892-uc003auf.2-uc003auh.2	0.000206579758068	E
1	8.4830981089	4832.4	ENSP00000225576, ENSP00000262518, ENSP00000360186, ENSP00000383191-uc002zhg.2-uc002zhk.2	0.000206936596463	E
2	8.48014113092	4818.13	ENSP00000299767-uc001tkb.1-uc010swg.1, ENSP00000335321, ENSP00000429286-uc003xun.2-uc003xum.2, ENSP00000464052	0.000207549409012	E
1	8.46628757054	4751.84	ENSP00000265077, ENSP00000362298-uc001jrm.2-uc009xqk.2, ENSP00000365637-uc001iru.3-uc001isa.1, ENSP00000429865	0.000210444716132	E
2	8.46628757054	4751.84	ENSP00000344666, ENSP00000362298-uc001jrm.2-uc009xqk.2, ENSP00000379154-uc001jap.1-uc001jao.1, ENSP00000464052	0.000210444716132	E
1	8.46143069099	4728.82	ENSP00000225576, ENSP00000358770-uc001kxo.1-uc001kxp.1, ENSP00000359245, ENSP00000416097-uc011maw.1-uc010mxw.2	0.000211469306913	E
1	8.4411783849	4634.01	ENSP00000255121-uc001coj.1-uc001coi.1, ENSP00000369081-uc003mxv.2-uc010jnz.2, ENSP00000441202-uc001zcs.2-uc001zcr.2, ENSP00000457354-uc002fhe.2-uc002fhd.2	0.000215795709992	E
1	8.38555888411	4383.31	ENSP00000225576, ENSP00000327589, ENSP00000363482-uc001jcu.2-uc001jcw.2, ENSP00000384797	0.000228138220117	E
1	8.37161869628	4322.63	ENSP00000225576, ENSP00000247178-uc001xbx.1-uc001xbw.1, ENSP00000357047-uc003qcs.1-uc003qcr.1, ENSP00000366299-uc002ign.2-uc010czu.2	0.000231340780037	E
1	8.36342155254	4287.34	ENSP00000288988-uc002rnr.2-uc002rnq.2, ENSP00000318373-uc002rkk.2-uc002rkj.2, ENSP00000349708-uc001byh.2-uc010oht.1, ENSP00000464052	0.000233244907205	E
1	8.3545805908	4249.6	ENSP00000380837-uc002zil.2-uc011afv.1, ENSP00000408342-uc002mkd.2-uc002mkc.2, ENSP00000429286-uc003xun.2-uc003xum.2, ENSP00000464052	0.000235316158943	E
1	8.32637118695	4131.4	ENSP00000225576, ENSP00000265870-uc001joi.2-uc010qiy.1, ENSP00000313869-uc003ciw.1-uc003ciz.1, ENSP00000408342-uc002mkd.2-uc002mkc.2	0.000242048802975	E
1	8.32636677631	4131.38	ENSP00000225576, ENSP00000253669-uc002nfe.2-uc002nff.2, ENSP00000362608-uc003onk.2-uc011dtw.1, ENSP00000469540-uc002omt.2-uc002oms.2	0.000242049870568	E
1	8.32634685135	4131.3	ENSP00000415793, ENSP00000417963-uc003oth.2-uc010jyd.2, ENSP00000441202-uc001zcs.2-uc001zcr.2, ENSP00000472749-uc010noz.2-uc004elo.3	0.00024205469345	E
1	8.3211656777	4109.95	ENSP00000298229-uc001osf.2-uc001osg.2, ENSP00000359245, ENSP00000382034-uc003obw.2-uc010juc.1, ENSP00000429865	0.000243312075395	E
1	8.31088037524	4067.89	ENSP00000222145-uc002pki.2-uc002pkh.2, ENSP00000261173-uc001tbh.2-uc009zsr.2, ENSP00000293230-uc002jru.1-uc002jrv.1, ENSP00000464052	0.0002458275276	E
1	8.31088037524	4067.89	ENSP00000225576, ENSP00000347942-uc001jal.2-uc010qez.1, ENSP00000356574-uc001gnz.2-uc001goc.2, ENSP00000380891	0.0002458275276	E
1	8.31088037524	4067.89	ENSP00000314420-uc002gkd.2-uc010cns.2, ENSP00000334143-uc002vxx.3-uc002vxy.2, ENSP00000408342-uc002mkd.2-uc002mkc.2, ENSP00000429865	0.0002458275276	E
1	8.26500363434	3885.49	ENSP00000237596-uc003hre.2-uc011cdg.1, ENSP00000376333-uc002joh.2-uc010wsd.1, ENSP00000415793, ENSP00000464052	0.000257367988758	E
1	8.25708741902	3854.85	ENSP00000225576, ENSP00000400113-uc001mpi.2-uc001mpj.2, ENSP00000420721, ENSP00000469540-uc002omt.2-uc002oms.2	0.000259413454664	E
1	8.2563251289	3851.91	ENSP00000252999, ENSP00000366299-uc002ign.2-uc010czu.2, ENSP00000393762-uc003psu.2-uc003pst.3, ENSP00000464052	0.000259611278368	E
1	8.24139269741	3794.82	ENSP00000273512-uc003fig.2-uc011bpy.1, ENSP00000411124-uc001yhq.2-uc001yhp.2, ENSP00000423228-uc003jlg.1-uc003jlb.1, ENSP00000441202-uc001zcs.2-uc001zcr.2	0.00026351699434	E
1	8.23794064525	3781.74	ENSP00000344223-uc002fhi.2-uc002fhh.2, ENSP00000358770-uc001kxo.1-uc001kxp.1, ENSP00000367196-uc003zyz.2-uc003zyy.1, ENSP00000441202-uc001zcs.2-uc001zcr.2	0.000264428240681	E
1	8.19179268944	3611.19	ENSP00000225576, ENSP00000354529, ENSP00000400717-uc002jfc.2-uc010wqh.1, ENSP00000415793	0.000276917012801	E
1	8.19179000792	3611.18	ENSP00000273512-uc003fig.2-uc011bpy.1, ENSP00000347665, ENSP00000360202, ENSP00000441202-uc001zcs.2-uc001zcr.2	0.00027691775536	E
1	8.18981512311	3604.06	ENSP00000224949-uc001igt.1-uc001igs.1, ENSP00000366299-uc002ign.2-uc010czu.2, ENSP00000464052, ENSP00000470141-uc004dmb.3-uc004dmc.3	0.000277465176398	E
1	8.15515446007	3481.28	ENSP00000308344-uc002jbc.2-uc010wpn.1, ENSP00000367815-uc002fhl.3-uc010vnw.1, ENSP00000367868-uc001imo.3-uc001imn.2, ENSP00000369319-uc002asq.2-uc002asr.2	0.000287250913792	E
1	8.14612750584	3449.99	ENSP00000248846-uc003bkb.1-uc010has.1, ENSP00000273512-uc003fig.2-uc011bpy.1, ENSP00000351126-uc003kod.3-uc003kof.2, ENSP00000464052	0.000289855653389	E
2	8.12111806862	3364.78	ENSP00000345444-uc001qfp.2-uc009zcv.2, ENSP00000401514, ENSP00000419475-uc003exk.2-uc003exj.1, ENSP00000441202-uc001zcs.2-uc001zcr.2	0.00029719618888	E
1	8.10659158835	3316.26	ENSP00000379931-uc003ccg.2-uc010hfc.2, ENSP00000386626-uc002tzd.3-uc010zch.1, ENSP00000393596, ENSP00000429865	0.000301544912809	E
2	8.08463828448	3244.25	ENSP00000330060-uc003cfc.1-uc010hfw.1, ENSP00000367030-uc001iop.2-uc001ior.2, ENSP00000434359-uc003yzs.2-uc003yzr.2, ENSP00000464052	0.000308238019	E
1	8.03388189984	3083.69	ENSP00000351338-uc003csx.2-uc003cst.2, ENSP00000383191-uc002zhg.2-uc002zhk.2, ENSP00000415793, ENSP00000429865	0.000324286913076	E
1	8.01643350906	3030.35	ENSP00000196482-uc002qsw.1-uc002qsx.1, ENSP00000292616-uc003uzn.2-uc003uzo.2, ENSP00000392264-uc010rre.1-uc009yth.2, ENSP00000429865	0.000329994850207	E
1	7.99578432481	2968.42	ENSP00000327179-uc002ews.3-uc010cfi.2, ENSP00000357507-uc001fei.2-uc001fef.1, ENSP00000394902-uc001lei.1-uc010qtb.1, ENSP00000464052	0.000336879814482	E
1	7.95034348046	2836.55	ENSP00000366506-uc003mdc.3-uc003mdd.2, ENSP00000382213, ENSP00000417509-uc003die.3-uc003dib.3, ENSP00000464052	0.000352541052866	E
1	7.92274790126	2759.34	ENSP00000264381-uc003fem.3-uc003fen.3, ENSP00000342263-uc003cbm.2-uc003cbl.3, ENSP00000386626-uc002tzd.3-uc010zch.1, ENSP00000429865	0.000362405103545	E
1	7.86668364649	2608.9	ENSP00000316426-uc002hqi.3-uc010cvn.1, ENSP00000318373-uc002rkk.2-uc002rkj.2, ENSP00000406229, ENSP00000464052	0.000383303426367	E
1	7.86466239839	2603.63	ENSP00000359245, ENSP00000364899-uc004arb.2-uc011ltr.1, ENSP00000381031-uc003aet.2-uc003aey.2, ENSP00000429865	0.000384078961199	E
1	7.8626936815	2598.51	ENSP00000308344-uc002jbc.2-uc010wpn.1, ENSP00000351627-uc002ozp.3-uc002ozo.3, ENSP00000374359-uc003eiv.2-uc003eix.2, ENSP00000464052	0.000384835848744	E
1	7.84909422296	2563.41	ENSP00000250896-uc002lus.2-uc002luq.1, ENSP00000295550, ENSP00000429865, ENSP00000432787-uc003pzz.1-uc003pzw.1	0.000390105156569	E
1	7.79924176046	2438.75	ENSP00000225576, ENSP00000346762-uc003vmi.2-uc010lle.2, ENSP00000355183, ENSP00000366299-uc002ign.2-uc010czu.2	0.000410045774054	E
1	7.79924176046	2438.75	ENSP00000262518, ENSP00000328287-uc003cxh.2-uc003cxi.2, ENSP00000429865, ENSP00000432787-uc003pzz.1-uc003pzw.1	0.000410045774054	E
1	7.79738652937	2434.23	ENSP00000237596-uc003hre.2-uc011cdg.1, ENSP00000357835-uc001lhs.1-uc009yaj.1, ENSP00000415793, ENSP00000464052	0.000410807209825	E
1	7.7072952482	2224.52	ENSP00000248846-uc003bkb.1-uc010has.1, ENSP00000297440-uc010krz.1-uc003sjb.2, ENSP00000416892-uc003auf.2-uc003auh.2, ENSP00000464052	0.000449535716824	E
1	7.65690104878	2115.19	ENSP00000218089, ENSP00000386810-uc010ywk.1-uc010ywl.1, ENSP00000439966-uc001suc.2-uc010sti.1, ENSP00000464052	0.000472770234912	E
1	7.60380961295	2005.82	ENSP00000299767-uc001tkb.1-uc010swg.1, ENSP00000334143-uc002vxx.3-uc002vxy.2, ENSP00000384797, ENSP00000429865	0.000498548534138	E
1	7.60090245954	2000	ENSP00000170564-uc002nug.1-uc002nuh.1, ENSP00000225576, ENSP00000312158-uc003nib.1-uc003nic.1, ENSP00000429286-uc003xun.2-uc003xum.2	0.0005	P
1	7.60005144586	1998.3	ENSP00000225576, ENSP00000255121-uc001coj.1-uc001coi.1, ENSP00000343617-uc002qqw.2-uc010yhp.1, ENSP00000360199	0.000500425687948	E
1	7.56662215772	1932.6	ENSP00000364037-uc004bas.2-uc011lvf.1, ENSP00000415793, ENSP00000418285, ENSP00000464052	0.00051743732166	E
1	7.49812196585	1804.65	ENSP00000345498-uc001dyb.1-uc001dye.1, ENSP00000382034-uc003obw.2-uc010juc.1, ENSP00000429865, ENSP00000432787-uc003pzz.1-uc003pzw.1	0.00055412405746	E
1	7.46363875925	1743.48	ENSP00000263960-uc002uuh.1-uc010fsl.1, ENSP00000340626, ENSP00000383191-uc002zhg.2-uc002zhk.2, ENSP00000464052	0.00057356530366	E
1	7.46302037475	1742.4	ENSP00000262189, ENSP00000311579-uc003wss.2-uc011kww.1, ENSP00000429865, ENSP00000469540-uc002omt.2-uc002oms.2	0.000573920097237	E
1	7.42978945224	1685.45	ENSP00000269554-uc002hqs.2-uc010cvp.2, ENSP00000278193-uc001mrl.2-uc009yii.2, ENSP00000429865, ENSP00000432787-uc003pzz.1-uc003pzw.1	0.000593312419359	E
1	7.33045840119	1526.08	ENSP00000378056-uc002blh.2-uc002bll.2, ENSP00000411409, ENSP00000415793, ENSP00000464052	0.000655273140284	E
1	7.30247547261	1483.97	ENSP00000226578-uc003hwg.2-uc011ces.1, ENSP00000248846-uc003bkb.1-uc010has.1, ENSP00000324628-uc002kon.2-uc002koo.2, ENSP00000429865	0.000673868565589	E
1	7.29075421976	1466.68	ENSP00000345498-uc001dyb.1-uc001dye.1, ENSP00000369319-uc002asq.2-uc002asr.2, ENSP00000385478-uc010ktx.2-uc010kty.2, ENSP00000441202-uc001zcs.2-uc001zcr.2	0.000681813621478	E
1	7.19267014054	1329.65	ENSP00000299767-uc001tkb.1-uc010swg.1, ENSP00000359245, ENSP00000367030-uc001iop.2-uc001ior.2, ENSP00000464052	0.000752078282368	E
1	7.18107666462	1314.32	ENSP00000295797-uc003fgs.2-uc003fgt.2, ENSP00000362187-uc004bsx.1-uc004bsw.1, ENSP00000415793, ENSP00000464052	0.00076084822264	E
1	7.15930827256	1286.02	ENSP00000006015-uc003syx.2-uc003syy.2, ENSP00000303279-uc001hmc.2-uc001hmd.2, ENSP00000394902-uc001lei.1-uc010qtb.1, ENSP00000429865	0.00077759224912	E
1	7.1221834962	1239.15	ENSP00000225576, ENSP00000379931-uc003ccg.2-uc010hfc.2, ENSP00000386626-uc002tzd.3-uc010zch.1, ENSP00000423228-uc003jlg.1-uc003jlb.1	0.000807002738554	E
1	7.02488587971	1124.27	ENSP00000342263-uc003cbm.2-uc003cbl.3, ENSP00000383191-uc002zhg.2-uc002zhk.2, ENSP00000419126-uc001lgw.2-uc001lgx.2, ENSP00000429865	0.000889469020276	E
1	6.95250282518	1045.76	ENSP00000347942-uc001jal.2-uc010qez.1, ENSP00000385746-uc004dag.2-uc010nfs.2, ENSP00000386810-uc010ywk.1-uc010ywl.1, ENSP00000464052	0.000956238857501	E
1	6.94934098669	1042.46	ENSP00000248846-uc003bkb.1-uc010has.1, ENSP00000318373-uc002rkk.2-uc002rkj.2, ENSP00000429865, ENSP00000462521-uc001enn.3-uc001enm.1	0.00095926711523	E
1	6.90775527898	1000	ENSP00000256649-uc001egz.2-uc001eha.2, ENSP00000273512-uc003fig.2-uc011bpy.1, ENSP00000415793, ENSP00000464052	0.001	P
1	6.21460809842	500	ENSP00000281924-uc002ttx.2-uc002tty.2, ENSP00000299767-uc001tkb.1-uc010swg.1, ENSP00000429286-uc003xun.2-uc003xum.2, ENSP00000464052	0.002	P
1	5.67878299407	292.593	ENSP00000366502-uc010oag.1-uc001aqf.2, ENSP00000377643-uc002hun.1-uc002huk.1, ENSP00000429286-uc003xun.2-uc003xum.2, ENSP00000464052	0.00341771529322	E
1	5.19775171343	180.865	ENSP00000207457-uc001bzr.2-uc001bzs.2, ENSP00000225576, ENSP00000340062, ENSP00000393860-uc003xmi.3-uc011lce.1	0.00552898119145	E
1	5.09137816061	162.614	ENSP00000225576, ENSP00000351627-uc002ozp.3-uc002ozo.3, ENSP00000374359-uc003eiv.2-uc003eix.2, ENSP00000400113-uc001mpi.2-uc001mpj.2	0.00614953899211	E
1	5.06618475683	158.568	ENSP00000309330-uc003tta.2-uc010kzr.2, ENSP00000429286-uc003xun.2-uc003xum.2, ENSP00000429865, ENSP00000452120-uc001shh.2-uc001shg.2	0.00630643488325	E
1	5.06356616134	158.154	ENSP00000225576, ENSP00000296473-uc003cxz.2-uc003cya.2, ENSP00000364001-uc001iwx.3-uc001iwv.3, ENSP00000415793	0.00632297052579	E
1	5.06044561767	157.661	ENSP00000259021-uc002ipm.2-uc010wmg.1, ENSP00000290231-uc002xre.2-uc002xrc.2, ENSP00000334143-uc002vxx.3-uc002vxy.2, ENSP00000441202-uc001zcs.2-uc001zcr.2	0.0063427324494	E
1	5.03421085133	153.578	ENSP00000340626, ENSP00000370761-uc001rgn.2-uc001rgo.2, ENSP00000395007-uc010lpi.2-uc003wfw.2, ENSP00000429865	0.00651133450079	E
1	5.01864713449	151.207	ENSP00000225576, ENSP00000338235-uc003yhz.2-uc010mbf.2, ENSP00000361009-uc002xtw.1-uc002xtv.1, ENSP00000380891	0.00661346779238	E
1	4.95271074363	141.558	ENSP00000262518, ENSP00000351627-uc002ozp.3-uc002ozo.3, ENSP00000376534-uc002uao.2-uc002uap.2, ENSP00000464052	0.00706423362486	E
1	4.91086954753	135.757	ENSP00000265651-uc001muz.2-uc010rej.1, ENSP00000344666, ENSP00000369319-uc002asq.2-uc002asr.2, ENSP00000393762-uc003psu.2-uc003pst.3	0.00736608038877	E
1	4.90141023081	134.479	ENSP00000225576, ENSP00000316007-uc002luj.2-uc010dss.2, ENSP00000366299-uc002ign.2-uc010czu.2, ENSP00000462664-uc002lfj.3-uc010dpg.2	0.00743608907126	E
1	4.80474868645	122.089	ENSP00000347942-uc001jal.2-uc010qez.1, ENSP00000358450-uc001ehg.2-uc001ehf.2, ENSP00000429865, ENSP00000464306-uc001eoc.1-uc001eod.1	0.00819075920452	E
1	4.77270735959	118.239	ENSP00000278193-uc001mrl.2-uc009yii.2, ENSP00000342263-uc003cbm.2-uc003cbl.3, ENSP00000365637-uc001iru.3-uc001isa.1, ENSP00000464052	0.00845745177314	E
1	4.69183159373	109.053	ENSP00000248054-uc002nez.1-uc010eaj.1, ENSP00000284878-uc002yki.2-uc002ykj.1, ENSP00000367868-uc001imo.3-uc001imn.2, ENSP00000369319-uc002asq.2-uc002asr.2	0.00916987527954	E
1	4.66860568717	106.549	ENSP00000248846-uc003bkb.1-uc010has.1, ENSP00000316924-uc002wub.2-uc010gdc.2, ENSP00000386626-uc002tzd.3-uc010zch.1, ENSP00000429865	0.00938534651725	E
1	4.62962963554	102.476	ENSP00000269571-uc002hso.2-uc010wek.1, ENSP00000300432-uc004bsu.2-uc011mao.1, ENSP00000391524-uc011arv.1-uc011aru.1, ENSP00000464052	0.00975837258754	E
1	4.59005823931	98.5002	ENSP00000357507-uc001fei.2-uc001fef.1, ENSP00000375051-uc001chn.2-uc001chp.2, ENSP00000464052, ENSP00000472749-uc010noz.2-uc004elo.3	0.0101522670951	E
1	4.52145939666	91.9697	ENSP00000203407-uc003cub.1-uc003cua.1, ENSP00000401470-uc003azu.2-uc003azr.2, ENSP00000415793, ENSP00000464052	0.0108731438541	E
1	4.51779314296	91.6332	ENSP00000313953-uc002rom.2-uc002ron.2, ENSP00000358770-uc001kxo.1-uc001kxp.1, ENSP00000408342-uc002mkd.2-uc002mkc.2, ENSP00000457354-uc002fhe.2-uc002fhd.2	0.0109130807226	E
1	4.50802830944	90.7427	ENSP00000262982-uc002xty.2-uc010ghy.2, ENSP00000287295-uc004evg.2-uc004evi.2, ENSP00000408342-uc002mkd.2-uc002mkc.2, ENSP00000429865	0.0110201671285	E
1	4.43692197141	84.5144	ENSP00000248846-uc003bkb.1-uc010has.1, ENSP00000253363-uc002xeb.2-uc002xea.2, ENSP00000328551-uc003gmu.2-uc003gmv.2, ENSP00000429865	0.0118323026921	E
1	4.38191142691	79.9908	ENSP00000316426-uc002hqi.3-uc010cvn.1, ENSP00000375051-uc001chn.2-uc001chp.2, ENSP00000429286-uc003xun.2-uc003xum.2, ENSP00000429865	0.01250144018	E
1	4.36161078603	78.3833	ENSP00000305924-uc001ycs.1-uc001ycr.2, ENSP00000364001-uc001iwx.3-uc001iwv.3, ENSP00000367868-uc001imo.3-uc001imn.2, ENSP00000429865	0.0127578209699	E
1	4.35217319699	77.647	ENSP00000225576, ENSP00000342263-uc003cbm.2-uc003cbl.3, ENSP00000362298-uc001jrm.2-uc009xqk.2, ENSP00000381204-uc001pha.2-uc009yxc.2	0.0128787939902	E
1	4.17369360747	64.9549	ENSP00000207457-uc001bzr.2-uc001bzs.2, ENSP00000225576, ENSP00000356574-uc001gnz.2-uc001goc.2, ENSP00000399501	0.0153952908165	E
1	4.08064702529	59.1838	ENSP00000225576, ENSP00000286627-uc001jxm.2-uc001jxs.3, ENSP00000304592-uc002kdu.2-uc002kdv.1, ENSP00000359245	0.0168965296332	E
1	4.04242444683	56.9643	ENSP00000225576, ENSP00000257966-uc001spn.2-uc010srx.1, ENSP00000336888-uc002mpf.2-uc002mpi.2, ENSP00000469540-uc002omt.2-uc002oms.2	0.0175548599561	E
1	4.03221066594	56.3854	ENSP00000287675-uc003cih.2-uc011ayq.1, ENSP00000304669-uc003ldh.2-uc003ldl.2, ENSP00000441202-uc001zcs.2-uc001zcr.2, ENSP00000458290-uc002klh.3-uc010dkj.2	0.0177350802477	E
1	4.01785352312	55.5817	ENSP00000355183, ENSP00000368076-uc002fbm.1-uc010vml.1, ENSP00000378548-uc010apj.2-uc001xed.2, ENSP00000379353-uc001rfo.3-uc009zix.2	0.0179915419512	E
1	4.0045500279	54.8471	ENSP00000253490-uc003mdk.2-uc010jjy.1, ENSP00000263980-uc001bnm.2-uc001bnl.2, ENSP00000429865, ENSP00000440926-uc003xfp.1-uc003xfq.1	0.0182324915256	E
1	3.98689122282	53.8871	ENSP00000268638-uc002fjh.2-uc010chp.2, ENSP00000366506-uc003mdc.3-uc003mdd.2, ENSP00000376799-uc001pkh.2-uc010rvx.1, ENSP00000441202-uc001zcs.2-uc001zcr.2	0.0185573150969	E
1	3.98313290611	53.685	ENSP00000373390, ENSP00000387258-uc002tcd.3-uc010ywe.1, ENSP00000423228-uc003jlg.1-uc003jlb.1, ENSP00000464052	0.018627190589	E
1	3.97796594965	53.4083	ENSP00000218089, ENSP00000225576, ENSP00000278193-uc001mrl.2-uc009yii.2, ENSP00000300432-uc004bsu.2-uc011mao.1	0.0187236855499	E
1	3.97063181435	53.018	ENSP00000244669-uc003opl.2-uc010jxf.2, ENSP00000351138-uc004bxa.2-uc004bxb.2, ENSP00000386797-uc002tob.1-uc002toa.1, ENSP00000441202-uc001zcs.2-uc001zcr.2	0.0188615123956	E
1	3.96130047623	52.5256	ENSP00000297440-uc010krz.1-uc003sjb.2, ENSP00000359819-uc004eyb.2-uc010nrv.2, ENSP00000363894-uc004bci.2-uc004bcj.1, ENSP00000369319-uc002asq.2-uc002asr.2	0.0190383392778	E
1	3.94330892492	51.589	ENSP00000225576, ENSP00000347665, ENSP00000366299-uc002ign.2-uc010czu.2, ENSP00000474435-uc002hjr.2-uc010wcj.1	0.0193839684148	E
1	3.93689836713	51.2594	ENSP00000246151-uc001bhq.2-uc010oeb.1, ENSP00000268099-uc002azb.1-uc002aza.1, ENSP00000366299-uc002ign.2-uc010czu.2, ENSP00000464052	0.0195086296114	E
1	3.90266470621	49.5343	ENSP00000215919-uc003aks.2-uc003akr.2, ENSP00000334143-uc002vxx.3-uc002vxy.2, ENSP00000353114, ENSP00000439856-uc002nei.1-uc010xpg.1	0.0201880445004	E
1	3.88729443173	48.7787	ENSP00000237596-uc003hre.2-uc011cdg.1, ENSP00000317232-uc002hxv.2-uc002hxw.1, ENSP00000367868-uc001imo.3-uc001imn.2, ENSP00000369319-uc002asq.2-uc002asr.2	0.0205007372161	E
1	3.87214725627	48.0454	ENSP00000340626, ENSP00000357307-uc001fmg.2-uc010pgq.1, ENSP00000392264-uc010rre.1-uc009yth.2, ENSP00000429865	0.0208136292122	E
1	3.8609215434	47.5091	ENSP00000367227-uc003zyo.2-uc003zyn.2, ENSP00000379353-uc001rfo.3-uc009zix.2, ENSP00000413507-uc011kav.1-uc003tey.2, ENSP00000441202-uc001zcs.2-uc001zcr.2	0.0210485933903	E
1	3.85569653401	47.2615	ENSP00000265963-uc001moh.2-uc001moj.2, ENSP00000356554-uc003qjr.3-uc010khh.2, ENSP00000378548-uc010apj.2-uc001xed.2, ENSP00000441202-uc001zcs.2-uc001zcr.2	0.0211588603104	E
1	3.84782351237	46.8909	ENSP00000262304, ENSP00000380651-uc001vnn.1-uc001vnm.1, ENSP00000435299-uc001lrv.2-uc001lrw.2, ENSP00000464052	0.0213261019602	E
1	3.76050431842	42.9701	ENSP00000356849-uc001gdt.1-uc010plf.1, ENSP00000369319-uc002asq.2-uc002asr.2, ENSP00000386844, ENSP00000410545	0.0232720009163	E
1	3.74650474473	42.3727	ENSP00000282003-uc001vkw.1-uc010afc.2, ENSP00000326804-uc003wey.2-uc003wez.2, ENSP00000451763-uc001xoz.1-uc010tuj.1, ENSP00000464052	0.0236000902045	E
1	3.74342661071	42.2425	ENSP00000269571-uc002hso.2-uc010wek.1, ENSP00000362187-uc004bsx.1-uc004bsw.1, ENSP00000441202-uc001zcs.2-uc001zcr.2, ENSP00000467207-uc002lxy.2-uc010dtl.1	0.0236728463642	E
1	3.70909595843	40.8169	ENSP00000225576, ENSP00000318884, ENSP00000359245, ENSP00000380025-uc002vhp.1-uc010zjz.1	0.0244996619759	E
1	3.66880082664	39.2049	ENSP00000218089, ENSP00000281038-uc001ozi.2-uc010rsq.1, ENSP00000365048-uc001vqr.2-uc010agj.2, ENSP00000441202-uc001zcs.2-uc001zcr.2	0.025507038976	E
1	3.64503389727	38.2841	ENSP00000369319-uc002asq.2-uc002asr.2, ENSP00000377566-uc002esa.2-uc002esc.2, ENSP00000408342-uc002mkd.2-uc002mkc.2, ENSP00000464052	0.0261205244243	E
1	3.61672957348	37.2157	ENSP00000334153-uc003cay.2-uc010hes.2, ENSP00000394902-uc001lei.1-uc010qtb.1, ENSP00000414786-uc003yen.2-uc003yeo.2, ENSP00000441202-uc001zcs.2-uc001zcr.2	0.0268704106539	E
1	3.60945618326	36.946	ENSP00000225576, ENSP00000255499-uc004eml.2-uc004emk.2, ENSP00000338235-uc003yhz.2-uc010mbf.2, ENSP00000408342-uc002mkd.2-uc002mkc.2	0.0270665621143	E
1	3.59661245549	36.4745	ENSP00000279263-uc001oct.2-uc010rny.1, ENSP00000343617-uc002qqw.2-uc010yhp.1, ENSP00000391524-uc011arv.1-uc011aru.1, ENSP00000441202-uc001zcs.2-uc001zcr.2	0.0274164397264	E
1	3.53947671453	34.4489	ENSP00000281471-uc001rkq.3-uc009zjs.2, ENSP00000343617-uc002qqw.2-uc010yhp.1, ENSP00000347942-uc001jal.2-uc010qez.1, ENSP00000429865	0.0290285133076	E
1	3.52128236589	33.8278	ENSP00000303279-uc001hmc.2-uc001hmd.2, ENSP00000374359-uc003eiv.2-uc003eix.2, ENSP00000378548-uc010apj.2-uc001xed.2, ENSP00000441202-uc001zcs.2-uc001zcr.2	0.0295615021891	E
1	3.484173364	32.5955	ENSP00000219070-uc002ehz.3-uc002eia.3, ENSP00000344666, ENSP00000369319-uc002asq.2-uc002asr.2, ENSP00000407487-uc002bqg.2-uc002bqi.2	0.0306791084058	E
1	3.44863928422	31.4576	ENSP00000225576, ENSP00000230859-uc003jdx.1-uc010itl.1, ENSP00000265077, ENSP00000392105-uc010ppm.1-uc001gvo.2	0.0317888625691	E
1	3.42575459901	30.7458	ENSP00000259569-uc003zjr.2-uc003zjs.2, ENSP00000284878-uc002yki.2-uc002ykj.1, ENSP00000358770-uc001kxo.1-uc001kxp.1, ENSP00000379154-uc001jap.1-uc001jao.1	0.0325247285986	E
1	3.42086896211	30.596	ENSP00000318775-uc003gro.2-uc003grp.2, ENSP00000347665, ENSP00000360577-uc001cup.3-uc010onl.1, ENSP00000377643-uc002hun.1-uc002huk.1	0.0326840214196	E
1	3.42076130377	30.5927	ENSP00000225576, ENSP00000359245, ENSP00000381785-uc004bga.1-uc011lwv.1, ENSP00000417401-uc002yfm.2-uc002yfl.1	0.0326875403162	E
1	3.40641306969	30.1569	ENSP00000342148-uc001dwn.2-uc009weu.2, ENSP00000343273-uc003svs.3-uc011jyv.1, ENSP00000377643-uc002hun.1-uc002huk.1, ENSP00000441202-uc001zcs.2-uc001zcr.2	0.0331599296684	E
1	3.39820405868	29.9103	ENSP00000300432-uc004bsu.2-uc011mao.1, ENSP00000395653-uc002hbf.1-uc002hbg.1, ENSP00000429865, ENSP00000458302-uc003uae.1-uc003uaf.1	0.0334332602483	E
1	3.33769818109	28.1542	ENSP00000218089, ENSP00000262394-uc002gzd.1-uc002gze.1, ENSP00000307432-uc003dna.3-uc010hob.2, ENSP00000358770-uc001kxo.1-uc001kxp.1	0.0355186211323	E
1	3.33331960299	28.0312	ENSP00000215919-uc003aks.2-uc003akr.2, ENSP00000251241-uc002ixn.1-uc010wof.1, ENSP00000338457-uc003acl.2-uc003ach.2, ENSP00000464052	0.0356744831669	E
1	3.29926965903	27.0928	ENSP00000225576, ENSP00000257287-uc003hbi.2-uc003hbj.2, ENSP00000347665, ENSP00000368799-uc001uxu.1-uc010ace.1	0.0369101145287	E
1	3.23041469378	25.2901	ENSP00000005178-uc003uoa.2-uc003unz.2, ENSP00000356607-uc001glz.2-uc010pnb.1, ENSP00000400113-uc001mpi.2-uc001mpj.2, ENSP00000441202-uc001zcs.2-uc001zcr.2	0.0395410979406	E
1	3.22640675262	25.189	ENSP00000207457-uc001bzr.2-uc001bzs.2, ENSP00000384203-uc003oqt.1-uc003oqr.1, ENSP00000419126-uc001lgw.2-uc001lgx.2, ENSP00000441202-uc001zcs.2-uc001zcr.2	0.0396998943455	E
1	3.21681559256	24.9485	ENSP00000301067, ENSP00000318845-uc003axo.3-uc003axq.3, ENSP00000354897, ENSP00000369081-uc003mxv.2-uc010jnz.2	0.040082494242	E
1	3.19728688146	24.4661	ENSP00000225576, ENSP00000255121-uc001coj.1-uc001coi.1, ENSP00000273512-uc003fig.2-uc011bpy.1, ENSP00000344223-uc002fhi.2-uc002fhh.2	0.040872946831	E
1	3.19444287421	24.3966	ENSP00000225576, ENSP00000245541-uc002jni.1-uc002jnj.1, ENSP00000335652, ENSP00000379411-uc002dhg.3-uc002dhh.3	0.0409893552428	E
1	3.17870092088	24.0155	ENSP00000318775-uc003gro.2-uc003grp.2, ENSP00000354957-uc004ahr.2-uc011lry.1, ENSP00000363894-uc004bci.2-uc004bcj.1, ENSP00000441202-uc001zcs.2-uc001zcr.2	0.0416397132828	E
1	3.16703460378	23.737	ENSP00000338457-uc003acl.2-uc003ach.2, ENSP00000346065-uc003oyj.2-uc010jze.2, ENSP00000357336-uc001fkj.2-uc001fks.2, ENSP00000401514	0.0421283400774	E
1	3.15664992181	23.4918	ENSP00000353114, ENSP00000429865, ENSP00000431883-uc001qhb.1-uc009zcz.1, ENSP00000458302-uc003uae.1-uc003uaf.1	0.042568108969	E
1	3.13551378251	23.0005	ENSP00000225576, ENSP00000295550, ENSP00000358060-uc001euq.2-uc009wlt.2, ENSP00000380025-uc002vhp.1-uc010zjz.1	0.0434774101571	E
1	3.11286534996	22.4854	ENSP00000225576, ENSP00000256079-uc001rjd.2-uc001rje.1, ENSP00000378438-uc002azq.3-uc002azr.3, ENSP00000469540-uc002omt.2-uc002oms.2	0.0444733409119	E
1	3.06376055168	21.4079	ENSP00000005178-uc003uoa.2-uc003unz.2, ENSP00000238667-uc001xrs.2-uc010tvd.1, ENSP00000415793, ENSP00000464052	0.0467117027408	E
1	3.06219714196	21.3745	ENSP00000248846-uc003bkb.1-uc010has.1, ENSP00000402301-uc003yia.2-uc010mbg.2, ENSP00000445044-uc001nbw.1-uc001nby.1, ENSP00000464052	0.0467847893884	E
1	3.02647404747	20.6244	ENSP00000193322-uc003psd.2-uc003pse.1, ENSP00000264094-uc002smp.1-uc002smo.1, ENSP00000364101-uc004duh.1-uc004dui.3, ENSP00000441202-uc001zcs.2-uc001zcr.2	0.0484862974643	E
1	3.01829825976	20.4565	ENSP00000307387-uc003cfx.2-uc011axw.1, ENSP00000307746-uc003ktq.1-uc003ktp.1, ENSP00000423228-uc003jlg.1-uc003jlb.1, ENSP00000429865	0.0488843360616	E
1	3.0080900987	20.2487	ENSP00000264400-uc003hmi.1-uc010ijq.1, ENSP00000355809-uc001hpc.1-uc001hpd.1, ENSP00000378548-uc010apj.2-uc001xed.2, ENSP00000392264-uc010rre.1-uc009yth.2	0.0493859109602	E
1	2.99933663688	20.0722	ENSP00000354897, ENSP00000365200-uc001vpo.2-uc001vpp.2, ENSP00000371811-uc001uof.2-uc010tct.1, ENSP00000429865	0.04982010623	E
1	2.99896895383	20.0648	ENSP00000301887-uc001ocf.1-uc001oce.1, ENSP00000338235-uc003yhz.2-uc010mbf.2, ENSP00000367064, ENSP00000464052	0.0498384276064	E
1	2.97871308766	19.6625	ENSP00000318845-uc003axo.3-uc003axq.3, ENSP00000353114, ENSP00000418823-uc002ehr.2-uc002ehs.2, ENSP00000429286-uc003xun.2-uc003xum.2	0.050858241868	E
1	2.96875587601	19.4677	ENSP00000264122-uc003dwc.2-uc003dwa.2, ENSP00000321330-uc002qys.2-uc002qyt.2, ENSP00000373390, ENSP00000441202-uc001zcs.2-uc001zcr.2	0.0513671777325	E
1	2.96834069721	19.4596	ENSP00000276893-uc003zjy.2-uc003zkb.2, ENSP00000303279-uc001hmc.2-uc001hmd.2, ENSP00000374455-uc003mkw.3-uc003mkv.3, ENSP00000429865	0.0513885087235	E
1	2.96277900694	19.3517	ENSP00000265870-uc001joi.2-uc010qiy.1, ENSP00000365388-uc001isv.2-uc010qdf.1, ENSP00000393596, ENSP00000441202-uc001zcs.2-uc001zcr.2	0.0516751119525	E
1	2.9604231789	19.3061	ENSP00000294179-uc001nvh.2-uc010rmi.1, ENSP00000379154-uc001jap.1-uc001jao.1, ENSP00000411409, ENSP00000464052	0.0517969931397	E
1	2.94746379394	19.0576	ENSP00000252999, ENSP00000263736-uc002rus.2-uc010yoc.1, ENSP00000458290-uc002klh.3-uc010dkj.2, ENSP00000464052	0.0524726187035	E
1	2.9072810106	18.307	ENSP00000225576, ENSP00000292616-uc003uzn.2-uc003uzo.2, ENSP00000370839-uc003gzj.2-uc011bzp.1, ENSP00000453969-uc001zlh.3-uc010ucn.1	0.0546240503509	E
1	2.89108617199	18.0129	ENSP00000264720-uc002rjw.1-uc010eyy.1, ENSP00000318845-uc003axo.3-uc003axq.3, ENSP00000346065-uc003oyj.2-uc010jze.2, ENSP00000364101-uc004duh.1-uc004dui.3	0.0555158800576	E
1	2.82392650847	16.8429	ENSP00000256339-uc001ybs.1-uc001ybv.1, ENSP00000347532-uc009xyw.2-uc001lcy.3, ENSP00000360202, ENSP00000441202-uc001zcs.2-uc001zcr.2	0.0593723583557	E
1	2.8202546636	16.7811	ENSP00000252999, ENSP00000311949-uc001gew.2-uc001gez.2, ENSP00000340626, ENSP00000369319-uc002asq.2-uc002asr.2	0.0595907651774	E
1	2.80458052966	16.5201	ENSP00000357307-uc001fmg.2-uc010pgq.1, ENSP00000368020-uc003kxo.2-uc003kxm.2, ENSP00000440926-uc003xfp.1-uc003xfq.1, ENSP00000441202-uc001zcs.2-uc001zcr.2	0.0605321572927	E
1	2.80331653351	16.4993	ENSP00000269571-uc002hso.2-uc010wek.1, ENSP00000343027-uc003uhb.1-uc011kgt.1, ENSP00000354897, ENSP00000441202-uc001zcs.2-uc001zcr.2	0.0606087180823	E
1	2.7844122642	16.1903	ENSP00000160298-uc002mgv.3-uc002mgw.2, ENSP00000318845-uc003axo.3-uc003axq.3, ENSP00000369319-uc002asq.2-uc002asr.2, ENSP00000386844	0.06176538009	E
1	2.7826030224	16.161	ENSP00000278193-uc001mrl.2-uc009yii.2, ENSP00000292616-uc003uzn.2-uc003uzo.2, ENSP00000432787-uc003pzz.1-uc003pzw.1, ENSP00000470965-uc002tmb.2-uc010yyq.1	0.0618772297487	E
1	2.73570815152	15.4207	ENSP00000327589, ENSP00000370467-uc004crv.2-uc010ndl.2, ENSP00000377643-uc002hun.1-uc002huk.1, ENSP00000441202-uc001zcs.2-uc001zcr.2	0.0648480685817	E
1	2.68948405664	14.7241	ENSP00000225576, ENSP00000282308-uc002qqu.2-uc010euj.2, ENSP00000292140-uc002own.3-uc010eit.2, ENSP00000327197-uc003fwz.3-uc011bty.1	0.0679159711279	E
1	2.67913123829	14.5724	ENSP00000283195, ENSP00000334143-uc002vxx.3-uc002vxy.2, ENSP00000369319-uc002asq.2-uc002asr.2, ENSP00000393762-uc003psu.2-uc003pst.3	0.0686227450785	E
1	2.67406331909	14.4988	ENSP00000225577-uc002ixy.2-uc002ixz.2, ENSP00000261881-uc002apr.2-uc010ujn.1, ENSP00000367064, ENSP00000464052	0.0689714023434	E
1	2.66984003288	14.4377	ENSP00000299575-uc002ffz.1-uc010vnn.1, ENSP00000381293-uc002iku.2-uc010wkf.1, ENSP00000419475-uc003exk.2-uc003exj.1, ENSP00000429865	0.0692633042742	E
1	2.6641173715	14.3553	ENSP00000260803-uc003erv.2-uc003ert.2, ENSP00000326804-uc003wey.2-uc003wez.2, ENSP00000335560-uc009zpy.2-uc001spb.2, ENSP00000429865	0.0696608110242	E
1	2.66163806268	14.3197	ENSP00000284690-uc001ljg.1-uc001lje.1, ENSP00000374359-uc003eiv.2-uc003eix.2, ENSP00000386406-uc002sky.2-uc002skt.1, ENSP00000441202-uc001zcs.2-uc001zcr.2	0.0698337359663	E
1	2.65932127118	14.2866	ENSP00000362243-uc001caa.2-uc001cad.2, ENSP00000435299-uc001lrv.2-uc001lrw.2, ENSP00000452296-uc001vwc.3-uc001vwb.3, ENSP00000464052	0.0699957137342	E
1	2.64170065792	14.0371	ENSP00000260649-uc002ruc.3-uc002rue.3, ENSP00000374359-uc003eiv.2-uc003eix.2, ENSP00000391524-uc011arv.1-uc011aru.1, ENSP00000421552	0.0712400115868	E
1	2.63442834785	13.9353	ENSP00000227752-uc001prv.2-uc010rxn.1, ENSP00000352798, ENSP00000419126-uc001lgw.2-uc001lgx.2, ENSP00000429865	0.0717599794326	E
1	2.62522446656	13.8077	ENSP00000305924-uc001ycs.1-uc001ycr.2, ENSP00000431883-uc001qhb.1-uc009zcz.1, ENSP00000436958-uc001pbl.2-uc001pbk.2, ENSP00000464052	0.0724234985563	E
1	2.61071752932	13.6088	ENSP00000072644-uc001cvu.2-uc001cvy.2, ENSP00000261531-uc001xuf.2-uc010asu.2, ENSP00000373390, ENSP00000429865	0.0734817994968	E
1	2.61044896158	13.6052	ENSP00000355183, ENSP00000364218-uc004aym.2-uc004ayk.2, ENSP00000384943-uc002hzm.1-uc010wgh.1, ENSP00000464052	0.0735015369881	E
1	2.60595972767	13.5442	ENSP00000369009-uc004czp.2-uc004czn.3, ENSP00000369319-uc002asq.2-uc002asr.2, ENSP00000385575-uc003hly.3-uc003hlx.1, ENSP00000467423-uc002mcg.2-uc010xiu.1	0.0738322443364	E
1	2.60349550933	13.5109	ENSP00000282478, ENSP00000301067, ENSP00000335652, ENSP00000345772-uc003oku.3-uc010jvx.2	0.0740144074595	E
1	2.6003369495	13.4683	ENSP00000262304, ENSP00000360031-uc001knf.2-uc001kne.2, ENSP00000363753-uc004bdn.2-uc010mtr.2, ENSP00000369319-uc002asq.2-uc002asr.2	0.0742485559852	E
1	2.59867252414	13.4459	ENSP00000222145-uc002pki.2-uc002pkh.2, ENSP00000264638-uc002iay.2-uc010wgs.1, ENSP00000296051-uc003ewu.1-uc011bnq.1, ENSP00000378548-uc010apj.2-uc001xed.2	0.0743722400675	E
1	2.5809191813	13.2093	ENSP00000225576, ENSP00000358060-uc001euq.2-uc009wlt.2, ENSP00000376799-uc001pkh.2-uc010rvx.1, ENSP00000462521-uc001enn.3-uc001enm.1	0.0757043859764	E
1	2.5580803079	12.911	ENSP00000225576, ENSP00000359621-uc001dkp.2-uc001dko.2, ENSP00000361009-uc002xtw.1-uc002xtv.1, ENSP00000452296-uc001vwc.3-uc001vwb.3	0.0774532842762	E
1	2.55409129655	12.8596	ENSP00000264501, ENSP00000360202, ENSP00000363894-uc004bci.2-uc004bcj.1, ENSP00000437271-uc001njs.2-uc001njp.2	0.077762863353	E
1	2.54738161377	12.7736	ENSP00000261881-uc002apr.2-uc010ujn.1, ENSP00000327589, ENSP00000330671, ENSP00000367064	0.0782863818561	E
1	2.54484872578	12.7413	ENSP00000234256-uc010yqa.1-uc010ypz.1, ENSP00000328412-uc002kay.3-uc002kaz.3, ENSP00000347586-uc003ltq.2-uc011dcq.1, ENSP00000429865	0.0784849238285	E
1	2.5354509558	12.6221	ENSP00000285518-uc003wqo.2-uc011kwm.1, ENSP00000350578-uc002yma.2-uc011acg.1, ENSP00000464052, ENSP00000469540-uc002omt.2-uc002oms.2	0.0792259837909	E
1	2.52653722773	12.5101	ENSP00000287675-uc003cih.2-uc011ayq.1, ENSP00000357336-uc001fkj.2-uc001fks.2, ENSP00000367064, ENSP00000378548-uc010apj.2-uc001xed.2	0.0799353394713	E
1	2.5077415282	12.2772	ENSP00000221347, ENSP00000261047-uc003dxj.2-uc003dxk.2, ENSP00000317382-uc001pdn.2-uc001pdm.2, ENSP00000441202-uc001zcs.2-uc001zcr.2	0.0814519886855	E
1	2.48911721778	12.0506	ENSP00000255977-uc003vvt.2-uc011krd.1, ENSP00000369319-uc002asq.2-uc002asr.2, ENSP00000384797, ENSP00000428982-uc003pqe.2-uc003pqd.2	0.082983190335	E
1	2.4757729745	11.8909	ENSP00000261191-uc001rhk.3-uc001rhj.3, ENSP00000305924-uc001ycs.1-uc001ycr.2, ENSP00000359245, ENSP00000367868-uc001imo.3-uc001imn.2	0.0840979595489	E
1	2.4424501482	11.5012	ENSP00000285381-uc003ydj.2-uc011lfv.1, ENSP00000344666, ENSP00000387982-uc002bkw.2-uc002bkx.2, ENSP00000419475-uc003exk.2-uc003exj.1	0.0869475558679	E
1	2.42137633893	11.2613	ENSP00000307387-uc003cfx.2-uc011axw.1, ENSP00000355050-uc010zvw.1-uc002xhj.2, ENSP00000375936-uc002vkw.1-uc002vky.2, ENSP00000429865	0.0887993153598	E
1	2.42081590257	11.255	ENSP00000259608-uc003zxe.1-uc003zxf.1, ENSP00000295797-uc003fgs.2-uc003fgt.2, ENSP00000360187, ENSP00000415793	0.0888490956729	E
1	2.41854442364	11.2295	ENSP00000225576, ENSP00000246032-uc002wfw.3-uc010zpu.1, ENSP00000368884-uc004czu.2-uc011mjk.1, ENSP00000408342-uc002mkd.2-uc002mkc.2	0.0890511439086	E
1	2.41767638468	11.2198	ENSP00000225576, ENSP00000341874-uc002kui.3-uc010xat.1, ENSP00000352608, ENSP00000386810-uc010ywk.1-uc010ywl.1	0.0891284773307	E
1	2.41757540547	11.2186	ENSP00000229854-uc003pan.1-uc011dwu.1, ENSP00000333799-uc003ubr.2-uc010lca.2, ENSP00000358770-uc001kxo.1-uc001kxp.1, ENSP00000382213	0.0891374779079	E
1	2.40704047573	11.1011	ENSP00000262177-uc003wnk.2-uc011kvz.1, ENSP00000283195, ENSP00000364448-uc001vup.2-uc001vut.2, ENSP00000378548-uc010apj.2-uc001xed.2	0.0900814988409	E
1	2.39424004761	10.9599	ENSP00000264400-uc003hmi.1-uc010ijq.1, ENSP00000301067, ENSP00000434359-uc003yzs.2-uc003yzr.2, ENSP00000441202-uc001zcs.2-uc001zcr.2	0.0912419921522	E
1	2.39145915526	10.9294	ENSP00000262207-uc003yan.2-uc011lfl.1, ENSP00000295797-uc003fgs.2-uc003fgt.2, ENSP00000411409, ENSP00000429865	0.0914960794405	E
1	2.3878440237	10.89	ENSP00000184956-uc002iyk.1-uc010ddk.1, ENSP00000339016-uc001kez.1-uc010qmr.1, ENSP00000362082-uc003orn.2-uc011duk.1, ENSP00000423228-uc003jlg.1-uc003jlb.1	0.0918274484155	E
1	2.36755740099	10.6713	ENSP00000367064, ENSP00000367868-uc001imo.3-uc001imn.2, ENSP00000378548-uc010apj.2-uc001xed.2, ENSP00000440495-uc010xim.1-uc002mbr.3	0.0937093413016	E
1	2.36428332913	10.6364	ENSP00000230640-uc003jpy.3-uc011cqi.1, ENSP00000358335-uc003pnz.1-uc003pny.1, ENSP00000408342-uc002mkd.2-uc002mkc.2, ENSP00000429865	0.0940166552282	E
1	2.34365933927	10.4193	ENSP00000315873, ENSP00000316739-uc001bes.2-uc001ber.2, ENSP00000326381-uc003fqs.2-uc003fqv.2, ENSP00000441202-uc001zcs.2-uc001zcr.2	0.095975786885	E
1	2.34297213268	10.4121	ENSP00000238823-uc002rpa.1-uc010ynd.1, ENSP00000346065-uc003oyj.2-uc010jze.2, ENSP00000361178-uc004eof.1-uc004eog.1, ENSP00000378548-uc010apj.2-uc001xed.2	0.096041764746	E
1	2.33928901786	10.3739	ENSP00000296799-uc011csr.1-uc003kcz.3, ENSP00000352798, ENSP00000360577-uc001cup.3-uc010onl.1, ENSP00000384582	0.0963961498131	E
1	2.31880474173	10.1635	ENSP00000295797-uc003fgs.2-uc003fgt.2, ENSP00000318845-uc003axo.3-uc003axq.3, ENSP00000356607-uc001glz.2-uc010pnb.1, ENSP00000469540-uc002omt.2-uc002oms.2	0.0983911181474	E
1	2.30314542067	10.0056	ENSP00000257829-uc001mvk.2-uc010ren.1, ENSP00000356607-uc001glz.2-uc010pnb.1, ENSP00000378548-uc010apj.2-uc001xed.2, ENSP00000415793	0.0999439829278	E
1	2.30146137442	9.98877	ENSP00000330361-uc003zfc.3-uc003zfd.2, ENSP00000369319-uc002asq.2-uc002asr.2, ENSP00000386759, ENSP00000439966-uc001suc.2-uc010sti.1	0.100112435018	E
1	2.29887640231	9.96298	ENSP00000218089, ENSP00000225576, ENSP00000284878-uc002yki.2-uc002ykj.1, ENSP00000401338-uc002cgu.3-uc002cgv.3	0.100371557638	E
1	2.29221975889	9.89688	ENSP00000160298-uc002mgv.3-uc002mgw.2, ENSP00000225576, ENSP00000384164-uc010gci.1-uc002wpg.1, ENSP00000463916-uc001etp.2-uc001etq.2	0.101041924027	E
1	2.28148958022	9.79125	ENSP00000252999, ENSP00000357835-uc001lhs.1-uc009yaj.1, ENSP00000358770-uc001kxo.1-uc001kxp.1, ENSP00000454657-uc001wsy.1-uc001wtc.1	0.102131959605	E
1	2.27494704612	9.7274	ENSP00000264501, ENSP00000358813-uc003pjc.2-uc003pjb.3, ENSP00000378130-uc003hzr.3-uc003hzq.2, ENSP00000455933-uc010vnx.1-uc010voa.1	0.102802352075	E
1	2.27492234777	9.72716	ENSP00000262982-uc002xty.2-uc010ghy.2, ENSP00000355973-uc001hif.2-uc009xcz.2, ENSP00000429865, ENSP00000436619-uc004aiq.2-uc004air.2	0.102804891154	E
1	2.27157043038	9.69461	ENSP00000215919-uc003aks.2-uc003akr.2, ENSP00000238667-uc001xrs.2-uc010tvd.1, ENSP00000411032-uc002oyg.1-uc010ejd.2, ENSP00000441202-uc001zcs.2-uc001zcr.2	0.103150062827	E
1	2.26814656585	9.66148	ENSP00000358770-uc001kxo.1-uc001kxp.1, ENSP00000379350-uc001iwt.3-uc001iwr.3, ENSP00000413937-uc002fsr.2-uc010vql.1, ENSP00000445943	0.103503839966	E
1	2.26652828867	9.64585	ENSP00000262189, ENSP00000342581-uc011mbe.1-uc004bvh.2, ENSP00000386626-uc002tzd.3-uc010zch.1, ENSP00000441202-uc001zcs.2-uc001zcr.2	0.10367147347	E
1	2.24227725281	9.41475	ENSP00000274000-uc003iaj.3-uc003iak.3, ENSP00000296350-uc003fxk.3-uc003fxl.3, ENSP00000327197-uc003fwz.3-uc011bty.1, ENSP00000369319-uc002asq.2-uc002asr.2	0.106216347282	E
1	2.2261011827	9.26368	ENSP00000311997, ENSP00000327214-uc001baa.2-uc001azz.1, ENSP00000418285, ENSP00000432787-uc003pzz.1-uc003pzw.1	0.107948482161	E
1	2.16688278374	8.73103	ENSP00000265077, ENSP00000327589, ENSP00000352608, ENSP00000358605-uc001kzc.3-uc001kzb.2	0.114534088546	E
1	2.1636645557	8.70297	ENSP00000316739-uc001bes.2-uc001ber.2, ENSP00000330470-uc003akk.2-uc003aki.2, ENSP00000369319-uc002asq.2-uc002asr.2, ENSP00000378086-uc001xip.2-uc001xis.2	0.114903279112	E
1	2.15425274722	8.62145	ENSP00000350578-uc002yma.2-uc011acg.1, ENSP00000368884-uc004czu.2-uc011mjk.1, ENSP00000441202-uc001zcs.2-uc001zcr.2, ENSP00000445044-uc001nbw.1-uc001nby.1	0.115989831962	E
1	2.15291190521	8.60989	ENSP00000244669-uc003opl.2-uc010jxf.2, ENSP00000261658-uc002dco.2-uc010uzh.1, ENSP00000354529, ENSP00000408342-uc002mkd.2-uc002mkc.2	0.116145460314	E
1	2.11710281664	8.30704	ENSP00000300432-uc004bsu.2-uc011mao.1, ENSP00000300658-uc002hsj.2-uc010cvy.2, ENSP00000384164-uc010gci.1-uc002wpg.1, ENSP00000401514	0.120379886388	E
1	2.10117305272	8.17575	ENSP00000264501, ENSP00000327589, ENSP00000356607-uc001glz.2-uc010pnb.1, ENSP00000422464-uc003iph.1-uc011cir.1	0.122312864628	E
1	2.10074639108	8.17227	ENSP00000253270-uc004awc.2-uc004awd.2, ENSP00000365943-uc004ajz.2-uc004akb.2, ENSP00000393596, ENSP00000464052	0.122365061969	E
1	2.09691942411	8.14105	ENSP00000295550, ENSP00000384164-uc010gci.1-uc002wpg.1, ENSP00000432787-uc003pzz.1-uc003pzw.1, ENSP00000440978-uc010swq.1-uc010swp.1	0.122834246223	E
1	2.09587341742	8.13254	ENSP00000202556-uc001yof.1-uc010awv.1, ENSP00000225576, ENSP00000282308-uc002qqu.2-uc010euj.2, ENSP00000352798	0.122962798888	E
1	2.09155774401	8.09752	ENSP00000225576, ENSP00000257548-uc010sxi.1-uc001tnw.3, ENSP00000359245, ENSP00000381970-uc003koa.1-uc003kob.1	0.123494612912	E
1	2.08690509971	8.05993	ENSP00000196482-uc002qsw.1-uc002qsx.1, ENSP00000360199, ENSP00000386810-uc010ywk.1-uc010ywl.1, ENSP00000420721	0.124070528144	E
1	2.07676229496	7.97859	ENSP00000266544-uc001qnc.2-uc010ses.1, ENSP00000351627-uc002ozp.3-uc002ozo.3, ENSP00000356574-uc001gnz.2-uc001goc.2, ENSP00000441202-uc001zcs.2-uc001zcr.2	0.125335354888	E
1	2.05644783258	7.81815	ENSP00000225576, ENSP00000257966-uc001spn.2-uc010srx.1, ENSP00000359819-uc004eyb.2-uc010nrv.2, ENSP00000400175-uc003cwu.2-uc010hku.2	0.127907512787	E
1	2.04627368864	7.73901	ENSP00000225576, ENSP00000244669-uc003opl.2-uc010jxf.2, ENSP00000354560-uc001ggv.2-uc010plx.1, ENSP00000435697-uc003yyv.2-uc011lki.1	0.129215504801	E
1	2.04418079695	7.72283	ENSP00000355183, ENSP00000359050-uc009xwy.1-uc009xwx.1, ENSP00000378548-uc010apj.2-uc001xed.2, ENSP00000395653-uc002hbf.1-uc002hbg.1	0.129486222049	E
1	2.02401985618	7.56869	ENSP00000255977-uc003vvt.2-uc011krd.1, ENSP00000304592-uc002kdu.2-uc002kdv.1, ENSP00000431883-uc001qhb.1-uc009zcz.1, ENSP00000464052	0.13212327956	E
1	2.02284538168	7.5598	ENSP00000261047-uc003dxj.2-uc003dxk.2, ENSP00000328236-uc001ucv.2-uc010taf.1, ENSP00000338258-uc002jjo.2-uc002jjp.1, ENSP00000441202-uc001zcs.2-uc001zcr.2	0.132278546144	E
1	2.02082884255	7.54458	ENSP00000264501, ENSP00000284548, ENSP00000287675-uc003cih.2-uc011ayq.1, ENSP00000359621-uc001dkp.2-uc001dko.2	0.132545560139	E
1	2.01468923945	7.4984	ENSP00000301067, ENSP00000334738-uc003adk.2-uc011akg.1, ENSP00000358770-uc001kxo.1-uc001kxp.1, ENSP00000367064	0.133361840526	E
1	2.00705362388	7.44136	ENSP00000281038-uc001ozi.2-uc010rsq.1, ENSP00000367030-uc001iop.2-uc001ior.2, ENSP00000369319-uc002asq.2-uc002asr.2, ENSP00000376178-uc001uio.2-uc001uip.2	0.134384037859	E
1	1.99774554316	7.37242	ENSP00000252999, ENSP00000289968-uc002dnb.2-uc002dmw.2, ENSP00000307491-uc003cit.2-uc003ciu.2, ENSP00000384164-uc010gci.1-uc002wpg.1	0.135640734976	E
1	1.97530298097	7.2088	ENSP00000272638-uc002tur.2-uc002tut.2, ENSP00000351627-uc002ozp.3-uc002ozo.3, ENSP00000352282-uc001www.2-uc010tqg.1, ENSP00000441202-uc001zcs.2-uc001zcr.2	0.138719276574	E
1	1.97049278915	7.17421	ENSP00000318845-uc003axo.3-uc003axq.3, ENSP00000354850-uc001ktv.2-uc001ktu.2, ENSP00000367064, ENSP00000387258-uc002tcd.3-uc010ywe.1	0.139388150319	E
1	1.96133617786	7.10882	ENSP00000257548-uc010sxi.1-uc001tnw.3, ENSP00000360202, ENSP00000377643-uc002hun.1-uc002huk.1, ENSP00000418285	0.140670334704	E
1	1.96070780258	7.10435	ENSP00000218089, ENSP00000351126-uc003kod.3-uc003kof.2, ENSP00000355299-uc001gqt.3-uc001gqu.3, ENSP00000429865	0.140758756243	E
1	1.95233855558	7.04514	ENSP00000217159-uc002ydb.1-uc002yde.1, ENSP00000310244-uc001zke.3-uc010bbg.2, ENSP00000356607-uc001glz.2-uc010pnb.1, ENSP00000415793	0.141941744497	E
1	1.93894403945	6.95141	ENSP00000367868-uc001imo.3-uc001imn.2, ENSP00000374035-uc002iga.2-uc010wiv.1, ENSP00000378548-uc010apj.2-uc001xed.2, ENSP00000474435-uc002hjr.2-uc010wcj.1	0.143855775627	E
1	1.93398172441	6.917	ENSP00000305483-uc001ifc.1-uc001ifd.1, ENSP00000307387-uc003cfx.2-uc011axw.1, ENSP00000355183, ENSP00000449960-uc001sef.2-uc001see.2	0.144571407432	E
1	1.92691399024	6.86828	ENSP00000350331-uc001iig.2-uc001iii.2, ENSP00000352510-uc001ylw.1-uc010txx.1, ENSP00000355183, ENSP00000464052	0.145596819108	E
1	1.92584982853	6.86098	ENSP00000303279-uc001hmc.2-uc001hmd.2, ENSP00000320794, ENSP00000354529, ENSP00000470710-uc011myk.1-uc004fgx.2	0.145751840138	E
1	1.91497942868	6.7868	ENSP00000207457-uc001bzr.2-uc001bzs.2, ENSP00000225576, ENSP00000367024-uc009yoz.2-uc010rmy.1, ENSP00000374185-uc010ydh.1-uc002pyl.1	0.147344863633	E
1	1.91099839128	6.75983	ENSP00000341874-uc002kui.3-uc010xat.1, ENSP00000365637-uc001iru.3-uc001isa.1, ENSP00000377643-uc002hun.1-uc002huk.1, ENSP00000380860	0.147932618207	E
1	1.88829472615	6.60809	ENSP00000329002-uc001fes.2-uc009wov.2, ENSP00000385715-uc002rhx.2-uc002rhw.2, ENSP00000408342-uc002mkd.2-uc002mkc.2, ENSP00000455933-uc010vnx.1-uc010voa.1	0.151329647422	E
1	1.88679282142	6.59817	ENSP00000342263-uc003cbm.2-uc003cbl.3, ENSP00000356554-uc003qjr.3-uc010khh.2, ENSP00000375051-uc001chn.2-uc001chp.2, ENSP00000377867-uc004ewk.1-uc004ewm.1	0.151557100899	E
1	1.88335207826	6.57551	ENSP00000225576, ENSP00000296350-uc003fxk.3-uc003fxl.3, ENSP00000378736-uc003tus.2-uc003tuu.2, ENSP00000428982-uc003pqe.2-uc003pqd.2	0.152079468108	E
1	1.87868802423	6.54491	ENSP00000244020-uc010zwg.1-uc002xki.2, ENSP00000317272, ENSP00000366506-uc003mdc.3-uc003mdd.2, ENSP00000411032-uc002oyg.1-uc010ejd.2	0.152790431661	E
1	1.87852105044	6.54382	ENSP00000335652, ENSP00000365943-uc004ajz.2-uc004akb.2, ENSP00000420721, ENSP00000462664-uc002lfj.3-uc010dpg.2	0.152815945788	E
1	1.8750101864	6.52089	ENSP00000225576, ENSP00000290810-uc002eqf.2-uc002eqg.2, ENSP00000315118-uc002oor.2-uc002ooq.1, ENSP00000457354-uc002fhe.2-uc002fhd.2	0.153353404718	E
1	1.87105572447	6.49515	ENSP00000251582-uc003mjw.2-uc011dgm.1, ENSP00000316054-uc003fms.2-uc003fmu.2, ENSP00000378548-uc010apj.2-uc001xed.2, ENSP00000385715-uc002rhx.2-uc002rhw.2	0.153961035553	E
1	1.86598947083	6.46233	ENSP00000293677-uc002moa.2-uc002mnz.2, ENSP00000301067, ENSP00000307387-uc003cfx.2-uc011axw.1, ENSP00000369319-uc002asq.2-uc002asr.2	0.154743020404	E
1	1.85292357657	6.37844	ENSP00000262593-uc002xwy.2-uc010gin.2, ENSP00000354529, ENSP00000356607-uc001glz.2-uc010pnb.1, ENSP00000384582	0.15677814274	E
1	1.84772082227	6.34534	ENSP00000284690-uc001ljg.1-uc001lje.1, ENSP00000368884-uc004czu.2-uc011mjk.1, ENSP00000387006-uc002unp.2-uc002uno.2, ENSP00000464052	0.157595946468	E
1	1.84637621482	6.33681	ENSP00000226004-uc002ied.3-uc002ief.1, ENSP00000300432-uc004bsu.2-uc011mao.1, ENSP00000342263-uc003cbm.2-uc003cbl.3, ENSP00000384164-uc010gci.1-uc002wpg.1	0.157807993679	E
1	1.83726522346	6.27934	ENSP00000351042-uc002nqi.2-uc002nqh.2, ENSP00000364101-uc004duh.1-uc004dui.3, ENSP00000440495-uc010xim.1-uc002mbr.3, ENSP00000441202-uc001zcs.2-uc001zcr.2	0.159252350717	E
1	1.83465233557	6.26296	ENSP00000355809-uc001hpc.1-uc001hpd.1, ENSP00000363558-uc010qfc.1-uc010qfd.1, ENSP00000367064, ENSP00000411409	0.159669003353	E
1	1.82583009271	6.20795	ENSP00000279804-uc002dzw.2-uc002dzx.2, ENSP00000298281, ENSP00000330237-uc001awn.2-uc001awo.2, ENSP00000369887-uc002afp.2-uc002afn.2	0.161083874067	E
1	1.81859709764	6.16321	ENSP00000262304, ENSP00000263196-uc002zoq.1-uc011agr.1, ENSP00000373390, ENSP00000402515	0.162253216761	E
1	1.8161134195	6.14792	ENSP00000338777-uc002boq.3-uc002bos.3, ENSP00000343002-uc010aaz.2-uc001uto.3, ENSP00000352608, ENSP00000354529	0.162656702386	E
1	1.81560033408	6.14476	ENSP00000263578-uc001qdi.2-uc010sbn.1, ENSP00000367872-uc001aif.2-uc009vky.2, ENSP00000440926-uc003xfp.1-uc003xfq.1, ENSP00000464052	0.162740180582	E
1	1.80755024803	6.0955	ENSP00000260382-uc002asw.2-uc002asz.2, ENSP00000360577-uc001cup.3-uc010onl.1, ENSP00000429865, ENSP00000471677-uc004dkn.2-uc011mmg.1	0.164055540316	E
1	1.80741077705	6.09465	ENSP00000255121-uc001coj.1-uc001coi.1, ENSP00000363894-uc004bci.2-uc004bcj.1, ENSP00000366506-uc003mdc.3-uc003mdd.2, ENSP00000464052	0.164078422898	E
1	1.79524174467	6.02093	ENSP00000222145-uc002pki.2-uc002pkh.2, ENSP00000261819-uc001uag.2-uc010szv.1, ENSP00000357507-uc001fei.2-uc001fef.1, ENSP00000464052	0.166087296774	E
1	1.79054927064	5.99274	ENSP00000290810-uc002eqf.2-uc002eqg.2, ENSP00000360202, ENSP00000368884-uc004czu.2-uc011mjk.1, ENSP00000369319-uc002asq.2-uc002asr.2	0.166868488528	E
1	1.7773703755	5.91428	ENSP00000268482-uc002fcb.2-uc010vmp.1, ENSP00000292140-uc002own.3-uc010eit.2, ENSP00000366522-uc003zds.1-uc011llk.1, ENSP00000429865	0.169082185844	E
1	1.77262812055	5.8863	ENSP00000234160-uc002ugk.2-uc002ugm.2, ENSP00000307387-uc003cfx.2-uc011axw.1, ENSP00000356591-uc001gml.2-uc010pnk.1, ENSP00000464052	0.169885920929	E
1	1.76470532308	5.83985	ENSP00000355183, ENSP00000379154-uc001jap.1-uc001jao.1, ENSP00000414224-uc002tmk.2-uc010yys.1, ENSP00000432787-uc003pzz.1-uc003pzw.1	0.171237238713	E
1	1.76466269493	5.8396	ENSP00000225576, ENSP00000248248-uc002fez.2-uc010vng.1, ENSP00000334153-uc003cay.2-uc010hes.2, ENSP00000402515	0.171244538395	E
1	1.7630638122	5.83027	ENSP00000339486-uc001xxj.2-uc010atj.2, ENSP00000364101-uc004duh.1-uc004dui.3, ENSP00000369319-uc002asq.2-uc002asr.2, ENSP00000467075-uc010xdd.1-uc002lcy.2	0.171518557334	E
1	1.76090897771	5.81772	ENSP00000273512-uc003fig.2-uc011bpy.1, ENSP00000364101-uc004duh.1-uc004dui.3, ENSP00000380891, ENSP00000445943	0.171888549931	E
1	1.75782918836	5.79983	ENSP00000253925-uc001opo.2-uc001opr.2, ENSP00000378548-uc010apj.2-uc001xed.2, ENSP00000418285, ENSP00000446289-uc003kdc.3-uc011css.1	0.172418746484	E
1	1.7435221601	5.71745	ENSP00000252999, ENSP00000301924-uc003xfl.1-uc010lup.1, ENSP00000369319-uc002asq.2-uc002asr.2, ENSP00000407487-uc002bqg.2-uc002bqi.2	0.174903277108	E
1	1.740431854	5.6998	ENSP00000247178-uc001xbx.1-uc001xbw.1, ENSP00000385478-uc010ktx.2-uc010kty.2, ENSP00000410083-uc001tdz.2-uc009ztb.1, ENSP00000429865	0.175444617795	E
1	1.7395713878	5.6949	ENSP00000256649-uc001egz.2-uc001eha.2, ENSP00000281924-uc002ttx.2-uc002tty.2, ENSP00000317272, ENSP00000429865	0.175595646927	E
1	1.73193882471	5.6516	ENSP00000225576, ENSP00000363894-uc004bci.2-uc004bcj.1, ENSP00000367196-uc003zyz.2-uc003zyy.1, ENSP00000392105-uc010ppm.1-uc001gvo.2	0.17694101957	E
1	1.73066705924	5.64442	ENSP00000281142-uc003igp.2-uc003igo.2, ENSP00000342263-uc003cbm.2-uc003cbl.3, ENSP00000411032-uc002oyg.1-uc010ejd.2, ENSP00000441202-uc001zcs.2-uc001zcr.2	0.177166190201	E
1	1.72746359577	5.62637	ENSP00000308018-uc003ziz.1-uc003zja.1, ENSP00000360187, ENSP00000386810-uc010ywk.1-uc010ywl.1, ENSP00000430548-uc003yht.1-uc003yhu.1	0.177734645646	E
1	1.72304507632	5.60156	ENSP00000377643-uc002hun.1-uc002huk.1, ENSP00000382034-uc003obw.2-uc010juc.1, ENSP00000399501, ENSP00000417980-uc011mfc.1-uc004coe.2	0.178521707177	E
1	1.69458266593	5.44437	ENSP00000364028-uc001bek.2-uc001bei.2, ENSP00000377643-uc002hun.1-uc002huk.1, ENSP00000382034-uc003obw.2-uc010juc.1, ENSP00000455933-uc010vnx.1-uc010voa.1	0.183675867232	E
1	1.67270922614	5.32658	ENSP00000228280-uc001tav.2-uc009zsn.2, ENSP00000257829-uc001mvk.2-uc010ren.1, ENSP00000338629, ENSP00000429865	0.187737752001	E
1	1.6716154155	5.32076	ENSP00000362243-uc001caa.2-uc001cad.2, ENSP00000371811-uc001uof.2-uc010tct.1, ENSP00000394902-uc001lei.1-uc010qtb.1, ENSP00000429865	0.1879432139	E
1	1.64633464569	5.18793	ENSP00000271588, ENSP00000360202, ENSP00000390222-uc001vla.2-uc001vkx.2, ENSP00000467423-uc002mcg.2-uc010xiu.1	0.192755131237	E
1	1.63528082039	5.1309	ENSP00000369871-uc003znk.2-uc011lmz.1, ENSP00000385812-uc003apr.2-uc011amr.1, ENSP00000391524-uc011arv.1-uc011aru.1, ENSP00000429286-uc003xun.2-uc003xum.2	0.194897632384	E
1	1.62480101477	5.07741	ENSP00000318373-uc002rkk.2-uc002rkj.2, ENSP00000333667-uc001snf.1-uc010srj.1, ENSP00000367263, ENSP00000429865	0.196950861618	E
1	1.61923776257	5.04924	ENSP00000224949-uc001igt.1-uc001igs.1, ENSP00000300432-uc004bsu.2-uc011mao.1, ENSP00000358262-uc001epm.3-uc009wji.2, ENSP00000464052	0.198049602385	E
1	1.61561037143	5.03096	ENSP00000202556-uc001yof.1-uc010awv.1, ENSP00000225576, ENSP00000362590-uc003onn.2-uc003onp.2, ENSP00000376333-uc002joh.2-uc010wsd.1	0.198769310298	E
1	1.61041279183	5.00488	ENSP00000225576, ENSP00000355809-uc001hpc.1-uc001hpd.1, ENSP00000364448-uc001vup.2-uc001vut.2, ENSP00000401514	0.199805119129	E
1	1.60918464753	4.99873	ENSP00000328412-uc002kay.3-uc002kaz.3, ENSP00000336914-uc004asz.2-uc011luc.1, ENSP00000403476-uc010oia.1-uc010oib.1, ENSP00000415793	0.200050659396	E
1	1.60270529651	4.96645	ENSP00000225576, ENSP00000269217-uc002kus.3-uc002kut.3, ENSP00000354560-uc001ggv.2-uc010plx.1, ENSP00000394966-uc001cbh.1-uc001cbf.1	0.201351066186	E
1	1.59802655643	4.94327	ENSP00000283195, ENSP00000359245, ENSP00000374029-uc003ltj.2-uc011dcn.1, ENSP00000386996-uc002vtb.1-uc002vta.2	0.20229534278	E
1	1.59195389539	4.91334	ENSP00000281405-uc002rdj.2-uc002rdh.2, ENSP00000403476-uc010oia.1-uc010oib.1, ENSP00000429865, ENSP00000452296-uc001vwc.3-uc001vwb.3	0.203527551433	E
1	1.58639867549	4.88612	ENSP00000239223-uc003mbv.1-uc011dez.1, ENSP00000354360-uc004caa.1-uc010mze.1, ENSP00000411409, ENSP00000469540-uc002omt.2-uc002oms.2	0.204661338038	E
1	1.58169773584	4.86321	ENSP00000225576, ENSP00000317128-uc003emx.2-uc003emw.2, ENSP00000355929-uc001hjz.2-uc010ptq.1, ENSP00000356607-uc001glz.2-uc010pnb.1	0.205625703571	E
1	1.58088652746	4.85926	ENSP00000298281, ENSP00000301067, ENSP00000386844, ENSP00000419475-uc003exk.2-uc003exj.1	0.205792576542	E
1	1.5773780896	4.84224	ENSP00000218089, ENSP00000295550, ENSP00000363894-uc004bci.2-uc004bcj.1, ENSP00000377617-uc002skk.2-uc010yrp.1	0.206515855055	E
1	1.57703055869	4.84056	ENSP00000322532-uc001oic.3-uc001oid.3, ENSP00000357283-uc001fni.2-uc001fnk.2, ENSP00000365048-uc001vqr.2-uc010agj.2, ENSP00000464052	0.20658763817	E
1	1.57153966577	4.81405	ENSP00000336775-uc002bup.2-uc002buq.2, ENSP00000377867-uc004ewk.1-uc004ewm.1, ENSP00000463536-uc001eum.3-uc010pca.1, ENSP00000464052	0.207725108777	E
1	1.56912027912	4.80242	ENSP00000330237-uc001awn.2-uc001awo.2, ENSP00000358770-uc001kxo.1-uc001kxp.1, ENSP00000365048-uc001vqr.2-uc010agj.2, ENSP00000402515	0.208228284576	E
1	1.56491665164	4.78228	ENSP00000350578-uc002yma.2-uc011acg.1, ENSP00000378130-uc003hzr.3-uc003hzq.2, ENSP00000385715-uc002rhx.2-uc002rhw.2, ENSP00000399121-uc010ltu.2-uc003xav.2	0.209105441043	E
1	1.56357620172	4.77587	ENSP00000260762-uc001kig.2-uc001kih.2, ENSP00000262518, ENSP00000317272, ENSP00000380891	0.209385924359	E
1	1.55807977709	4.74969	ENSP00000225576, ENSP00000256496-uc003bqg.2-uc011asy.1, ENSP00000296350-uc003fxk.3-uc003fxl.3, ENSP00000365943-uc004ajz.2-uc004akb.2	0.210539966959	E
1	1.55569376078	4.73837	ENSP00000019103-uc002tma.2-uc002tlz.2, ENSP00000300737-uc001lyv.2-uc009yeg.2, ENSP00000374359-uc003eiv.2-uc003eix.2, ENSP00000379353-uc001rfo.3-uc009zix.2	0.211042918542	E
1	1.5531066034	4.72613	ENSP00000230640-uc003jpy.3-uc011cqi.1, ENSP00000363753-uc004bdn.2-uc010mtr.2, ENSP00000384998-uc010zoj.1-uc002wan.1, ENSP00000399501	0.21158962669	E
1	1.54768646292	4.70058	ENSP00000301067, ENSP00000352608, ENSP00000362656-uc004bpc.2-uc010mws.2, ENSP00000367893-uc001imk.2-uc010qbs.1	0.212739585847	E
1	1.54184378456	4.6732	ENSP00000333657-uc002yzf.1-uc010gop.1, ENSP00000361178-uc004eof.1-uc004eog.1, ENSP00000362718-uc003onc.1-uc003ond.1, ENSP00000411409	0.213986193037	E
1	1.50935473567	4.52381	ENSP00000330671, ENSP00000342263-uc003cbm.2-uc003cbl.3, ENSP00000363283-uc001bmr.1-uc010ofe.1, ENSP00000377389-uc001onw.2-uc001onz.2	0.221052569287	E
1	1.5072373338	4.51424	ENSP00000245541-uc002jni.1-uc002jnj.1, ENSP00000263212-uc002zvp.1-uc011aik.1, ENSP00000284503-uc003wue.2-uc003wuf.2, ENSP00000369319-uc002asq.2-uc002asr.2	0.221521122295	E
1	1.50252710663	4.49303	ENSP00000264501, ENSP00000311997, ENSP00000360065-uc001dcx.2-uc009waw.2, ENSP00000369319-uc002asq.2-uc002asr.2	0.222566998326	E
1	1.50193604997	4.49037	ENSP00000354529, ENSP00000377374-uc003mbw.3-uc011dfa.1, ENSP00000441202-uc001zcs.2-uc001zcr.2, ENSP00000457258-uc002ejb.2-uc002ejc.2	0.222698586916	E
1	1.50103638682	4.48634	ENSP00000317904-uc002plp.2-uc010xzy.1, ENSP00000334153-uc003cay.2-uc010hes.2, ENSP00000377617-uc002skk.2-uc010yrp.1, ENSP00000429865	0.222899030781	E
1	1.49995712506	4.4815	ENSP00000299638-uc002aet.3-uc002aeu.3, ENSP00000349490-uc003ass.1-uc003asr.1, ENSP00000369319-uc002asq.2-uc002asr.2, ENSP00000382213	0.223139727046	E
1	1.48228334529	4.40299	ENSP00000317272, ENSP00000352608, ENSP00000367064, ENSP00000367815-uc002fhl.3-uc010vnw.1	0.227118505902	E
1	1.48101068246	4.39739	ENSP00000301067, ENSP00000419879-uc002wls.2-uc010zqv.1, ENSP00000429286-uc003xun.2-uc003xum.2, ENSP00000463916-uc001etp.2-uc001etq.2	0.227407735189	E
1	1.4764958906	4.37758	ENSP00000338629, ENSP00000384943-uc002hzm.1-uc010wgh.1, ENSP00000429865, ENSP00000457354-uc002fhe.2-uc002fhd.2	0.228436754939	E
1	1.47086941088	4.35302	ENSP00000253669-uc002nfe.2-uc002nff.2, ENSP00000320485, ENSP00000356210-uc003qph.2-uc003qpg.2, ENSP00000392105-uc010ppm.1-uc001gvo.2	0.229725672341	E
1	1.4662572537	4.33299	ENSP00000327589, ENSP00000373206-uc003dnl.2-uc003dnj.2, ENSP00000399501, ENSP00000408342-uc002mkd.2-uc002mkc.2	0.230787650371	E
1	1.45690206474	4.29264	ENSP00000310244-uc001zke.3-uc010bbg.2, ENSP00000354837-uc001fmt.2-uc001fmq.2, ENSP00000368800-uc010cdu.2-uc002ept.2, ENSP00000373390	0.232956843235	E
1	1.45690206474	4.29264	ENSP00000324628-uc002kon.2-uc002koo.2, ENSP00000354837-uc001fmt.2-uc001fmq.2, ENSP00000368800-uc010cdu.2-uc002ept.2, ENSP00000408342-uc002mkd.2-uc002mkc.2	0.232956843235	E
1	1.45292502859	4.2756	ENSP00000357841-uc001eym.2-uc010pdg.1, ENSP00000368020-uc003kxo.2-uc003kxm.2, ENSP00000368800-uc010cdu.2-uc002ept.2, ENSP00000441202-uc001zcs.2-uc001zcr.2	0.233885165784	E
1	1.44934143764	4.26031	ENSP00000262031-uc001sln.2-uc010sqp.1, ENSP00000330060-uc003cfc.1-uc010hfw.1, ENSP00000434359-uc003yzs.2-uc003yzr.2, ENSP00000464052	0.234724818133	E
1	1.44876529893	4.25785	ENSP00000309330-uc003tta.2-uc010kzr.2, ENSP00000318373-uc002rkk.2-uc002rkj.2, ENSP00000386935-uc010ncb.2-uc004cla.3, ENSP00000429865	0.234860091154	E
1	1.44854110371	4.2569	ENSP00000262177-uc003wnk.2-uc011kvz.1, ENSP00000358450-uc001ehg.2-uc001ehf.2, ENSP00000399121-uc010ltu.2-uc003xav.2, ENSP00000464052	0.234912751565	E
1	1.4450214561	4.24194	ENSP00000297440-uc010krz.1-uc003sjb.2, ENSP00000304669-uc003ldh.2-uc003ldl.2, ENSP00000313885-uc002jnz.3-uc002job.3, ENSP00000378548-uc010apj.2-uc001xed.2	0.23574101842	E
1	1.44226236915	4.23026	ENSP00000307432-uc003dna.3-uc010hob.2, ENSP00000318115-uc002olu.1-uc002olt.1, ENSP00000352510-uc001ylw.1-uc010txx.1, ENSP00000391524-uc011arv.1-uc011aru.1	0.236392346509	E
1	1.44226236915	4.23026	ENSP00000260408-uc002afd.1-uc010ugz.1, ENSP00000268489, ENSP00000344772-uc001apy.2-uc001apz.2, ENSP00000387982-uc002bkw.2-uc002bkx.2	0.236392346509	E
1	1.43710770827	4.20851	ENSP00000261047-uc003dxj.2-uc003dxk.2, ENSP00000264720-uc002rjw.1-uc010eyy.1, ENSP00000360186, ENSP00000440926-uc003xfp.1-uc003xfq.1	0.237614014826	E
1	1.42004705852	4.13732	ENSP00000260506-uc001dpw.2-uc010otl.1, ENSP00000347665, ENSP00000349629, ENSP00000439966-uc001suc.2-uc010sti.1	0.241702642462	E
1	1.41326279029	4.10934	ENSP00000277458-uc004byf.1-uc011mbt.1, ENSP00000284548, ENSP00000365757-uc001irl.3-uc010qcu.1, ENSP00000429865	0.243347992958	E
1	1.41291747809	4.10792	ENSP00000225576, ENSP00000247178-uc001xbx.1-uc001xbw.1, ENSP00000279263-uc001oct.2-uc010rny.1, ENSP00000362082-uc003orn.2-uc011duk.1	0.243432038499	E
1	1.40167301502	4.06199	ENSP00000347665, ENSP00000459424-uc003udy.2-uc003uea.2, ENSP00000464052, ENSP00000470965-uc002tmb.2-uc010yyq.1	0.246184748435	E
1	1.39067042263	4.01754	ENSP00000322532-uc001oic.3-uc001oid.3, ENSP00000358262-uc001epm.3-uc009wji.2, ENSP00000369319-uc002asq.2-uc002asr.2, ENSP00000432787-uc003pzz.1-uc003pzw.1	0.248908374873	E
1	1.38809405356	4.00721	ENSP00000345731-uc003fxn.3-uc011bud.1, ENSP00000370839-uc003gzj.2-uc011bzp.1, ENSP00000379353-uc001rfo.3-uc009zix.2, ENSP00000387982-uc002bkw.2-uc002bkx.2	0.249550481509	E
1	1.38197754985	3.98277	ENSP00000341097, ENSP00000347667, ENSP00000360031-uc001knf.2-uc001kne.2, ENSP00000369319-uc002asq.2-uc002asr.2	0.251081535531	E
1	1.38022126834	3.97578	ENSP00000244020-uc010zwg.1-uc002xki.2, ENSP00000285518-uc003wqo.2-uc011kwm.1, ENSP00000352608, ENSP00000399501	0.251522892849	E
1	1.37181309072	3.94249	ENSP00000281405-uc002rdj.2-uc002rdh.2, ENSP00000343405-uc001jux.2-uc010qkq.1, ENSP00000358770-uc001kxo.1-uc001kxp.1, ENSP00000368800-uc010cdu.2-uc002ept.2	0.253646657994	E
1	1.37095729737	3.93912	ENSP00000289407-uc003vop.1-uc003voq.1, ENSP00000301067, ENSP00000308018-uc003ziz.1-uc003zja.1, ENSP00000384582	0.253863820026	E
1	1.36666709163	3.92226	ENSP00000284878-uc002yki.2-uc002ykj.1, ENSP00000298281, ENSP00000360158, ENSP00000376799-uc001pkh.2-uc010rvx.1	0.25495528768	E
1	1.36326369	3.90893	ENSP00000261047-uc003dxj.2-uc003dxk.2, ENSP00000296799-uc011csr.1-uc003kcz.3, ENSP00000346065-uc003oyj.2-uc010jze.2, ENSP00000355632-uc010pwa.1-uc001htu.2	0.255824481189	E
1	1.36173814232	3.90297	ENSP00000248594-uc003ugh.2-uc010lds.2, ENSP00000265870-uc001joi.2-uc010qiy.1, ENSP00000281924-uc002ttx.2-uc002tty.2, ENSP00000374359-uc003eiv.2-uc003eix.2	0.256215051474	E
1	1.36173814232	3.90297	ENSP00000255121-uc001coj.1-uc001coi.1, ENSP00000320794, ENSP00000329867-uc001ouw.2-uc001oux.2, ENSP00000382213	0.256215051474	E
1	1.35529357412	3.8779	ENSP00000317272, ENSP00000340626, ENSP00000342263-uc003cbm.2-uc003cbl.3, ENSP00000378736-uc003tus.2-uc003tuu.2	0.257871578916	E
1	1.34449135382	3.83623	ENSP00000297029-uc003ssn.3-uc003sso.3, ENSP00000364000-uc002uqk.2-uc010frx.2, ENSP00000384582, ENSP00000401514	0.260672264095	E
1	1.34128758732	3.82396	ENSP00000219070-uc002ehz.3-uc002eia.3, ENSP00000312618-uc003ela.3-uc003ele.2, ENSP00000369319-uc002asq.2-uc002asr.2, ENSP00000395007-uc010lpi.2-uc003wfw.2	0.261508736378	E
1	1.33972298944	3.81799	ENSP00000278193-uc001mrl.2-uc009yii.2, ENSP00000362082-uc003orn.2-uc011duk.1, ENSP00000366522-uc003zds.1-uc011llk.1, ENSP00000386797-uc002tob.1-uc002toa.1	0.261918212642	E
1	1.3381543441	3.812	ENSP00000360202, ENSP00000380837-uc002zil.2-uc011afv.1, ENSP00000384998-uc010zoj.1-uc002wan.1, ENSP00000469540-uc002omt.2-uc002oms.2	0.26232939184	E
1	1.33363772772	3.79482	ENSP00000259608-uc003zxe.1-uc003zxf.1, ENSP00000265870-uc001joi.2-uc010qiy.1, ENSP00000343617-uc002qqw.2-uc010yhp.1, ENSP00000441202-uc001zcs.2-uc001zcr.2	0.263516912836	E
1	1.33182987442	3.78797	ENSP00000313382-uc003pfs.2-uc010kap.2, ENSP00000375051-uc001chn.2-uc001chp.2, ENSP00000378548-uc010apj.2-uc001xed.2, ENSP00000384203-uc003oqt.1-uc003oqr.1	0.263993743649	E
1	1.32257318891	3.75307	ENSP00000331682-uc002zsl.1-uc011ahr.1, ENSP00000380860, ENSP00000409493, ENSP00000428982-uc003pqe.2-uc003pqd.2	0.266448796002	E
1	1.31352139132	3.71925	ENSP00000333667-uc001snf.1-uc010srj.1, ENSP00000339486-uc001xxj.2-uc010atj.2, ENSP00000358450-uc001ehg.2-uc001ehf.2, ENSP00000441202-uc001zcs.2-uc001zcr.2	0.268871585328	E
1	1.31069251146	3.70874	ENSP00000300249-uc002kyg.2-uc010xcd.1, ENSP00000312618-uc003ela.3-uc003ele.2, ENSP00000340626, ENSP00000452120-uc001shh.2-uc001shg.2	0.269633267587	E
1	1.3017886072	3.67587	ENSP00000305483-uc001ifc.1-uc001ifd.1, ENSP00000359245, ENSP00000406229, ENSP00000408342-uc002mkd.2-uc002mkc.2	0.272044776377	E
1	1.29945788634	3.66731	ENSP00000256496-uc003bqg.2-uc011asy.1, ENSP00000318845-uc003axo.3-uc003axq.3, ENSP00000334143-uc002vxx.3-uc002vxy.2, ENSP00000360187	0.272679576296	E
1	1.29324500673	3.64459	ENSP00000218089, ENSP00000307432-uc003dna.3-uc010hob.2, ENSP00000345895-uc003bfr.2-uc011aqn.1, ENSP00000346065-uc003oyj.2-uc010jze.2	0.274378975289	E
1	1.2872840655	3.62293	ENSP00000225576, ENSP00000327009-uc002rmv.2-uc002rmw.2, ENSP00000384203-uc003oqt.1-uc003oqr.1, ENSP00000386810-uc010ywk.1-uc010ywl.1	0.276019416665	E
1	1.28039433337	3.59806	ENSP00000259806-uc003mtm.2-uc003mtn.2, ENSP00000264501, ENSP00000275954-uc004ddh.2-uc010ngs.2, ENSP00000347665	0.277927682683	E
1	1.27688363906	3.58545	ENSP00000253669-uc002nfe.2-uc002nff.2, ENSP00000262679-uc001ctd.3-uc009vzb.2, ENSP00000284548, ENSP00000363894-uc004bci.2-uc004bcj.1	0.278905116547	E
1	1.27622292407	3.58308	ENSP00000296350-uc003fxk.3-uc003fxl.3, ENSP00000340062, ENSP00000354560-uc001ggv.2-uc010plx.1, ENSP00000452037-uc001xoq.3-uc010arv.2	0.279089454231	E
1	1.27298260922	3.57149	ENSP00000334490-uc002zrq.2-uc010gsa.2, ENSP00000336775-uc002bup.2-uc002buq.2, ENSP00000362718-uc003onc.1-uc003ond.1, ENSP00000470965-uc002tmb.2-uc010yyq.1	0.279995258687	E
1	1.2701137546	3.56126	ENSP00000317902-uc001pfp.1-uc001pfr.1, ENSP00000330237-uc001awn.2-uc001awo.2, ENSP00000367868-uc001imo.3-uc001imn.2, ENSP00000441202-uc001zcs.2-uc001zcr.2	0.280799677707	E
1	1.2619628711	3.53235	ENSP00000225576, ENSP00000260382-uc002asw.2-uc002asz.2, ENSP00000356210-uc003qph.2-uc003qpg.2, ENSP00000399584-uc004csx.3-uc010ndt.2	0.283097796291	E
1	1.25290904897	3.50051	ENSP00000253925-uc001opo.2-uc001opr.2, ENSP00000365048-uc001vqr.2-uc010agj.2, ENSP00000378548-uc010apj.2-uc001xed.2, ENSP00000410051-uc010seh.1-uc010sei.1	0.285672551484	E
1	1.25202216673	3.49741	ENSP00000344772-uc001apy.2-uc001apz.2, ENSP00000351635-uc002abr.1-uc002abs.1, ENSP00000462521-uc001enn.3-uc001enm.1, ENSP00000464052	0.28592602178	E
1	1.24486735537	3.47247	ENSP00000255121-uc001coj.1-uc001coi.1, ENSP00000281405-uc002rdj.2-uc002rdh.2, ENSP00000303147-uc002spr.2-uc010fgk.2, ENSP00000423228-uc003jlg.1-uc003jlb.1	0.287979104478	E
1	1.2431996507	3.46669	ENSP00000225576, ENSP00000257966-uc001spn.2-uc010srx.1, ENSP00000301067, ENSP00000436619-uc004aiq.2-uc004air.2	0.288459769269	E
1	1.2329755733	3.43142	ENSP00000262304, ENSP00000328236-uc001ucv.2-uc010taf.1, ENSP00000380891, ENSP00000382924-uc002knq.2-uc002knt.2	0.291424132394	E
1	1.2304244583	3.42268	ENSP00000262304, ENSP00000267484-uc001xen.1-uc001xek.1, ENSP00000335560-uc009zpy.2-uc001spb.2, ENSP00000367263	0.292168537996	E
1	1.2304244583	3.42268	ENSP00000297440-uc010krz.1-uc003sjb.2, ENSP00000334153-uc003cay.2-uc010hes.2, ENSP00000374359-uc003eiv.2-uc003eix.2, ENSP00000435697-uc003yyv.2-uc011lki.1	0.292168537996	E
1	1.2304244583	3.42268	ENSP00000216129-uc003bdq.2-uc003bdp.2, ENSP00000253669-uc002nfe.2-uc002nff.2, ENSP00000344666, ENSP00000375051-uc001chn.2-uc001chp.2	0.292168537996	E
1	1.22777116362	3.41361	ENSP00000327589, ENSP00000358813-uc003pjc.2-uc003pjb.3, ENSP00000367815-uc002fhl.3-uc010vnw.1, ENSP00000389998-uc011lgk.1-uc011lgl.1	0.292944776564	E
1	1.22777116362	3.41361	ENSP00000255977-uc003vvt.2-uc011krd.1, ENSP00000351635-uc002abr.1-uc002abs.1, ENSP00000362344-uc004bsg.1-uc004bsi.1, ENSP00000384164-uc010gci.1-uc002wpg.1	0.292944776564	E
1	1.22052237185	3.38896	ENSP00000265594-uc003fle.2-uc003flf.2, ENSP00000338258-uc002jjo.2-uc002jjp.1, ENSP00000378548-uc010apj.2-uc001xed.2, ENSP00000399121-uc010ltu.2-uc003xav.2	0.295075987269	E
1	1.21796274518	3.38029	ENSP00000259806-uc003mtm.2-uc003mtn.2, ENSP00000335560-uc009zpy.2-uc001spb.2, ENSP00000344666, ENSP00000366395-uc001odb.2-uc009yqc.2	0.295832239085	E
1	1.21296384984	3.36344	ENSP00000260382-uc002asw.2-uc002asz.2, ENSP00000358770-uc001kxo.1-uc001kxp.1, ENSP00000387258-uc002tcd.3-uc010ywe.1, ENSP00000469540-uc002omt.2-uc002oms.2	0.297314775922	E
1	1.21013416517	3.35393	ENSP00000202556-uc001yof.1-uc010awv.1, ENSP00000262518, ENSP00000271227-uc001dqv.3-uc010ott.1, ENSP00000271588	0.298157274426	E
1	1.20591564869	3.33982	ENSP00000215919-uc003aks.2-uc003akr.2, ENSP00000257527-uc003lwz.2-uc003lwy.2, ENSP00000292616-uc003uzn.2-uc003uzo.2, ENSP00000412394	0.299417712521	E
1	1.19814411449	3.31396	ENSP00000262518, ENSP00000330060-uc003cfc.1-uc010hfw.1, ENSP00000335321, ENSP00000420721	0.301753712911	E
1	1.19783792435	3.31295	ENSP00000264977-uc003eqv.1-uc011blz.1, ENSP00000374359-uc003eiv.2-uc003eix.2, ENSP00000385715-uc002rhx.2-uc002rhw.2, ENSP00000464052	0.301846121069	E
1	1.19750260101	3.31184	ENSP00000262304, ENSP00000305483-uc001ifc.1-uc001ifd.1, ENSP00000394902-uc001lei.1-uc010qtb.1, ENSP00000459424-uc003udy.2-uc003uea.2	0.301947354091	E
1	1.19422794568	3.30101	ENSP00000305924-uc001ycs.1-uc001ycr.2, ENSP00000323973-uc003emn.2-uc003ems.2, ENSP00000377643-uc002hun.1-uc002huk.1, ENSP00000411409	0.302937748317	E
1	1.18918400659	3.2844	ENSP00000318687-uc001utj.2-uc010tds.1, ENSP00000374455-uc003mkw.3-uc003mkv.3, ENSP00000395653-uc002hbf.1-uc002hbg.1, ENSP00000429865	0.304469607922	E
1	1.18799907979	3.28051	ENSP00000316426-uc002hqi.3-uc010cvn.1, ENSP00000351126-uc003kod.3-uc003kof.2, ENSP00000360158, ENSP00000469540-uc002omt.2-uc002oms.2	0.304830595952	E
1	1.18421479655	3.26812	ENSP00000238146-uc001ufi.2-uc001ufl.2, ENSP00000365200-uc001vpo.2-uc001vpp.2, ENSP00000378548-uc010apj.2-uc001xed.2, ENSP00000446289-uc003kdc.3-uc011css.1	0.305986346733	E
1	1.1647507922	3.20512	ENSP00000258796-uc003smp.2-uc010ksn.2, ENSP00000262518, ENSP00000321330-uc002qys.2-uc002qyt.2, ENSP00000360186	0.312000405278	E
1	1.1645736756	3.20456	ENSP00000265651-uc001muz.2-uc010rej.1, ENSP00000324882-uc003vko.2-uc011kny.1, ENSP00000378548-uc010apj.2-uc001xed.2, ENSP00000401514	0.312055670623	E
1	1.16285969825	3.19907	ENSP00000318115-uc002olu.1-uc002olt.1, ENSP00000349629, ENSP00000352798, ENSP00000366506-uc003mdc.3-uc003mdd.2	0.312590985605	E
1	1.13687707347	3.11702	ENSP00000262518, ENSP00000290231-uc002xre.2-uc002xrc.2, ENSP00000359621-uc001dkp.2-uc001dko.2, ENSP00000435299-uc001lrv.2-uc001lrw.2	0.320819354293	E
1	1.13361886136	3.10688	ENSP00000245206-uc002eof.1-uc010vim.1, ENSP00000251582-uc003mjw.2-uc011dgm.1, ENSP00000340626, ENSP00000358335-uc003pnz.1-uc003pny.1	0.321866356551	E
1	1.12083017316	3.0674	ENSP00000225576, ENSP00000251241-uc002ixn.1-uc010wof.1, ENSP00000359621-uc001dkp.2-uc001dko.2, ENSP00000419879-uc002wls.2-uc010zqv.1	0.326009038298	E
1	1.1200792357	3.0651	ENSP00000258733-uc003swb.2-uc011jyz.1, ENSP00000284548, ENSP00000376733-uc003etv.2-uc011bnb.1, ENSP00000464052	0.326253942639	E
1	1.10873796707	3.03053	ENSP00000264638-uc002iay.2-uc010wgs.1, ENSP00000320794, ENSP00000330671, ENSP00000334143-uc002vxx.3-uc002vxy.2	0.329975137894	E
1	1.10851692805	3.02986	ENSP00000219439-uc002fhk.2-uc010vnv.1, ENSP00000221347, ENSP00000384998-uc010zoj.1-uc002wan.1, ENSP00000423228-uc003jlg.1-uc003jlb.1	0.330048083339	E
1	1.10851692805	3.02986	ENSP00000260408-uc002afd.1-uc010ugz.1, ENSP00000318921-uc002ueg.2-uc002uej.2, ENSP00000369887-uc002afp.2-uc002afn.2, ENSP00000384164-uc010gci.1-uc002wpg.1	0.330048083339	E
1	1.10783495652	3.0278	ENSP00000329419-uc003etf.3-uc011bmv.1, ENSP00000360112-uc001dbs.1-uc010opb.1, ENSP00000378548-uc010apj.2-uc001xed.2, ENSP00000408342-uc002mkd.2-uc002mkc.2	0.330273243503	E
1	1.10718156947	3.02582	ENSP00000377867-uc004ewk.1-uc004ewm.1, ENSP00000384998-uc010zoj.1-uc002wan.1, ENSP00000419475-uc003exk.2-uc003exj.1, ENSP00000441202-uc001zcs.2-uc001zcr.2	0.330489110276	E
1	1.10153165165	3.00877	ENSP00000245541-uc002jni.1-uc002jnj.1, ENSP00000300432-uc004bsu.2-uc011mao.1, ENSP00000365637-uc001iru.3-uc001isa.1, ENSP00000368031-uc001aga.1-uc001agb.1	0.332361631406	E
1	1.10122264581	3.00784	ENSP00000225576, ENSP00000296473-uc003cxz.2-uc003cya.2, ENSP00000345444-uc001qfp.2-uc009zcv.2, ENSP00000432787-uc003pzz.1-uc003pzw.1	0.33246434896	E
1	1.09934940059	3.00221	ENSP00000249883-uc003eqg.1-uc003eqe.1, ENSP00000367263, ENSP00000441202-uc001zcs.2-uc001zcr.2, ENSP00000471074-uc002xfh.2-uc002xfg.2	0.333087719892	E
1	1.09750531593	2.99668	ENSP00000264669-uc003jeb.2-uc003jec.2, ENSP00000293677-uc002moa.2-uc002mnz.2, ENSP00000367064, ENSP00000393596	0.333702528552	E
1	1.0950566336	2.98935	ENSP00000263816, ENSP00000313854-uc003jch.2-uc003jcg.2, ENSP00000326804-uc003wey.2-uc003wez.2, ENSP00000358770-uc001kxo.1-uc001kxp.1	0.334520661303	E
1	1.09475240089	2.98844	ENSP00000263578-uc001qdi.2-uc010sbn.1, ENSP00000330237-uc001awn.2-uc001awo.2, ENSP00000378548-uc010apj.2-uc001xed.2, ENSP00000407193-uc002jhc.2-uc002jhb.1	0.334622448914	E
1	1.08773530379	2.96755	ENSP00000217159-uc002ydb.1-uc002yde.1, ENSP00000259806-uc003mtm.2-uc003mtn.2, ENSP00000310447-uc001slj.2-uc009zot.2, ENSP00000464052	0.336978784778	E
1	1.08300930561	2.95355	ENSP00000316007-uc002luj.2-uc010dss.2, ENSP00000331682-uc002zsl.1-uc011ahr.1, ENSP00000352798, ENSP00000369319-uc002asq.2-uc002asr.2	0.338575115057	E
1	1.0727228073	2.92333	ENSP00000255121-uc001coj.1-uc001coi.1, ENSP00000322343-uc004apr.2-uc004apu.2, ENSP00000359364-uc002yeh.2-uc011aaq.1, ENSP00000363894-uc004bci.2-uc004bcj.1	0.342075841647	E
1	1.07065375696	2.91729	ENSP00000203001-uc002wmh.1-uc010zra.1, ENSP00000279263-uc001oct.2-uc010rny.1, ENSP00000351627-uc002ozp.3-uc002ozo.3, ENSP00000472749-uc010noz.2-uc004elo.3	0.342784346499	E
1	1.06799598606	2.90954	ENSP00000265077, ENSP00000320485, ENSP00000374359-uc003eiv.2-uc003eix.2, ENSP00000378056-uc002blh.2-uc002bll.2	0.343696600503	E
1	1.06576446365	2.90306	ENSP00000262031-uc001sln.2-uc010sqp.1, ENSP00000285381-uc003ydj.2-uc011lfv.1, ENSP00000399501, ENSP00000463536-uc001eum.3-uc010pca.1	0.344464423559	E
1	1.06285612533	2.89463	ENSP00000225576, ENSP00000286186-uc002uxj.1-uc010ftb.1, ENSP00000297440-uc010krz.1-uc003sjb.2, ENSP00000299767-uc001tkb.1-uc010swg.1	0.345467700869	E
1	1.06168456839	2.89124	ENSP00000348429-uc001kzu.2-uc010qrj.1, ENSP00000354897, ENSP00000362649-uc001bvb.1-uc010ohf.1, ENSP00000367064	0.345872673128	E
1	1.05385504716	2.86869	ENSP00000262294-uc002iwz.3-uc010woc.1, ENSP00000360187, ENSP00000360577-uc001cup.3-uc010onl.1, ENSP00000374359-uc003eiv.2-uc003eix.2	0.348591319527	E
1	1.04975550227	2.85695	ENSP00000261844-uc002acg.3-uc002acf.3, ENSP00000292616-uc003uzn.2-uc003uzo.2, ENSP00000429865, ENSP00000436958-uc001pbl.2-uc001pbk.2	0.350023318558	E
1	1.04968275848	2.85674	ENSP00000305483-uc001ifc.1-uc001ifd.1, ENSP00000360151-uc001kmp.2-uc001kmo.2, ENSP00000364101-uc004duh.1-uc004dui.3, ENSP00000369773-uc003mux.2-uc011dhs.1	0.350048781507	E
1	1.04547494591	2.84475	ENSP00000257966-uc001spn.2-uc010srx.1, ENSP00000373390, ENSP00000377643-uc002hun.1-uc002huk.1, ENSP00000387261-uc002lbp.3-uc002lbq.3	0.351524824448	E
1	1.04441790358	2.84174	ENSP00000218089, ENSP00000297837-uc004ayu.2-uc004ayv.1, ENSP00000301067, ENSP00000439303-uc010ymi.1-uc002rma.2	0.351896597523	E
1	1.04390008478	2.84027	ENSP00000264346-uc011cdi.1-uc011cdl.1, ENSP00000362187-uc004bsx.1-uc004bsw.1, ENSP00000438341-uc001tnj.2-uc010sxf.1, ENSP00000464052	0.352078863382	E
1	1.043675127	2.83963	ENSP00000253490-uc003mdk.2-uc010jjy.1, ENSP00000358813-uc003pjc.2-uc003pjb.3, ENSP00000368799-uc001uxu.1-uc010ace.1, ENSP00000457354-uc002fhe.2-uc002fhd.2	0.352158075169	E
1	1.04278275369	2.8371	ENSP00000225576, ENSP00000303279-uc001hmc.2-uc001hmd.2, ENSP00000317904-uc002plp.2-uc010xzy.1, ENSP00000464306-uc001eoc.1-uc001eod.1	0.352472471898	E
1	1.04141054382	2.83321	ENSP00000271227-uc001dqv.3-uc010ott.1, ENSP00000281924-uc002ttx.2-uc002tty.2, ENSP00000307387-uc003cfx.2-uc011axw.1, ENSP00000363894-uc004bci.2-uc004bcj.1	0.3529564701	E
1	1.04141054382	2.83321	ENSP00000246151-uc001bhq.2-uc010oeb.1, ENSP00000271588, ENSP00000347942-uc001jal.2-uc010qez.1, ENSP00000351631-uc001pfn.2-uc001pfm.2	0.3529564701	E
1	1.03910177994	2.82668	ENSP00000293677-uc002moa.2-uc002mnz.2, ENSP00000330361-uc003zfc.3-uc003zfd.2, ENSP00000335560-uc009zpy.2-uc001spb.2, ENSP00000375810-uc002pbf.1-uc010ejy.1	0.353772304669	E
1	1.0376805831	2.82266	ENSP00000301831-uc003ckv.3-uc003cku.3, ENSP00000406229, ENSP00000421552, ENSP00000428982-uc003pqe.2-uc003pqd.2	0.354275442195	E
1	1.02772618144	2.7947	ENSP00000217909-uc004erd.2-uc011mtt.1, ENSP00000281405-uc002rdj.2-uc002rdh.2, ENSP00000378548-uc010apj.2-uc001xed.2, ENSP00000386844	0.357819653231	E
1	1.02541383252	2.78825	ENSP00000264963-uc002swu.2-uc010yuw.1, ENSP00000363506-uc002xcd.2-uc010zuz.1, ENSP00000441202-uc001zcs.2-uc001zcr.2, ENSP00000472749-uc010noz.2-uc004elo.3	0.358648014481	E
1	1.02335403112	2.78251	ENSP00000251582-uc003mjw.2-uc011dgm.1, ENSP00000255121-uc001coj.1-uc001coi.1, ENSP00000358813-uc003pjc.2-uc003pjb.3, ENSP00000377566-uc002esa.2-uc002esc.2	0.359387519517	E
1	1.01842766719	2.76884	ENSP00000380869-uc010tlt.1-uc010ain.2, ENSP00000387982-uc002bkw.2-uc002bkx.2, ENSP00000395007-uc010lpi.2-uc003wfw.2, ENSP00000429865	0.361162361399	E
1	1.0162810288	2.7629	ENSP00000316739-uc001bes.2-uc001ber.2, ENSP00000386181-uc002uln.2-uc010zfc.1, ENSP00000387982-uc002bkw.2-uc002bkx.2, ENSP00000423485-uc010jgh.2-uc003lmh.3	0.361938479112	E
1	1.01279540081	2.75329	ENSP00000267484-uc001xen.1-uc001xek.1, ENSP00000312618-uc003ela.3-uc003ele.2, ENSP00000419279-uc003vus.2-uc011kqq.1, ENSP00000464052	0.363202263268	E
1	1.01124942846	2.74903	ENSP00000335652, ENSP00000382213, ENSP00000410545, ENSP00000445044-uc001nbw.1-uc001nby.1	0.363764198182	E
1	1.003632142	2.72817	ENSP00000342263-uc003cbm.2-uc003cbl.3, ENSP00000347665, ENSP00000356641-uc001gku.1-uc009wwv.2, ENSP00000360199	0.366545674483	E
1	1.00331269151	2.7273	ENSP00000378394-uc001jsm.2-uc001jsl.2, ENSP00000385575-uc003hly.3-uc003hlx.1, ENSP00000429865, ENSP00000470710-uc011myk.1-uc004fgx.2	0.366662786382	E
1	1.00317316216	2.72692	ENSP00000307023-uc002raf.1-uc010yjc.1, ENSP00000315873, ENSP00000342263-uc003cbm.2-uc003cbl.3, ENSP00000384943-uc002hzm.1-uc010wgh.1	0.366713950172	E
1	1.00317316216	2.72692	ENSP00000246151-uc001bhq.2-uc010oeb.1, ENSP00000292616-uc003uzn.2-uc003uzo.2, ENSP00000321330-uc002qys.2-uc002qyt.2, ENSP00000338777-uc002boq.3-uc002bos.3	0.366713950172	E
1	1.00245557903	2.72496	ENSP00000238146-uc001ufi.2-uc001ufl.2, ENSP00000318884, ENSP00000327214-uc001baa.2-uc001azz.1, ENSP00000369319-uc002asq.2-uc002asr.2	0.366977192354	E
1	0.999537830727	2.71703	ENSP00000262304, ENSP00000269701-uc002nav.2-uc010dzy.2, ENSP00000284878-uc002yki.2-uc002ykj.1, ENSP00000360202	0.368049503041	E
1	0.997522866723	2.71156	ENSP00000246032-uc002wfw.3-uc010zpu.1, ENSP00000265294-uc003mau.2-uc011dev.1, ENSP00000414786-uc003yen.2-uc003yeo.2, ENSP00000429865	0.368791857198	E
1	0.993847690545	2.70161	ENSP00000253363-uc002xeb.2-uc002xea.2, ENSP00000340062, ENSP00000379353-uc001rfo.3-uc009zix.2, ENSP00000407843-uc001skp.3-uc001skq.3	0.370149725922	E
1	0.99239275805	2.69768	ENSP00000265140-uc003kkr.3-uc003kks.2, ENSP00000291565-uc002zdm.3-uc002zdq.3, ENSP00000316739-uc001bes.2-uc001ber.2, ENSP00000429865	0.370688660748	E
1	0.991234429485	2.69456	ENSP00000341097, ENSP00000351627-uc002ozp.3-uc002ozo.3, ENSP00000358694-uc001kyp.1-uc001kyq.1, ENSP00000369319-uc002asq.2-uc002asr.2	0.371118288789	E
1	0.985174559485	2.67828	ENSP00000271688-uc001evz.2-uc009wmh.2, ENSP00000292140-uc002own.3-uc010eit.2, ENSP00000345731-uc003fxn.3-uc011bud.1, ENSP00000378548-uc010apj.2-uc001xed.2	0.373374045267	E
1	0.981733930982	2.66908	ENSP00000347667, ENSP00000359819-uc004eyb.2-uc010nrv.2, ENSP00000364101-uc004duh.1-uc004dui.3, ENSP00000432787-uc003pzz.1-uc003pzw.1	0.374660899173	E
1	0.978038380668	2.65923	ENSP00000271227-uc001dqv.3-uc010ott.1, ENSP00000335652, ENSP00000353114, ENSP00000374359-uc003eiv.2-uc003eix.2	0.37604803892	E
1	0.971353952339	2.64152	ENSP00000257829-uc001mvk.2-uc010ren.1, ENSP00000315873, ENSP00000354995-uc002zaq.2-uc002zao.2, ENSP00000445943	0.378570125045	E
1	0.960551153413	2.61314	ENSP00000355929-uc001hjz.2-uc010ptq.1, ENSP00000358813-uc003pjc.2-uc003pjb.3, ENSP00000461672-uc002kal.1-uc002kai.1, ENSP00000464052	0.382681911399	E
1	0.956480555675	2.60252	ENSP00000344666, ENSP00000379621-uc003ycn.2-uc003yco.2, ENSP00000381008, ENSP00000434552	0.384242830303	E
1	0.955933537443	2.6011	ENSP00000255121-uc001coj.1-uc001coi.1, ENSP00000279263-uc001oct.2-uc010rny.1, ENSP00000290866-uc002jau.1-uc002jav.1, ENSP00000359245	0.384453075636	E
1	0.952625766855	2.59251	ENSP00000338457-uc003acl.2-uc003ach.2, ENSP00000360187, ENSP00000374035-uc002iga.2-uc010wiv.1, ENSP00000452120-uc001shh.2-uc001shg.2	0.38572686375	E
1	0.952625766855	2.59251	ENSP00000299638-uc002aet.3-uc002aeu.3, ENSP00000358770-uc001kxo.1-uc001kxp.1, ENSP00000363894-uc004bci.2-uc004bcj.1, ENSP00000452120-uc001shh.2-uc001shg.2	0.38572686375	E
1	0.951927417009	2.5907	ENSP00000291560-uc002zdi.2-uc011aey.1, ENSP00000312618-uc003ela.3-uc003ele.2, ENSP00000335560-uc009zpy.2-uc001spb.2, ENSP00000413520-uc002jmj.3-uc002jmi.2	0.385996330126	E
1	0.949992404416	2.58569	ENSP00000357835-uc001lhs.1-uc009yaj.1, ENSP00000437271-uc001njs.2-uc001njp.2, ENSP00000441202-uc001zcs.2-uc001zcr.2, ENSP00000470965-uc002tmb.2-uc010yyq.1	0.38674396099	E
1	0.940172810936	2.56042	ENSP00000349490-uc003ass.1-uc003asr.1, ENSP00000402515, ENSP00000418285, ENSP00000441202-uc001zcs.2-uc001zcr.2	0.390560336429	E
1	0.932967992845	2.54204	ENSP00000215919-uc003aks.2-uc003akr.2, ENSP00000239223-uc003mbv.1-uc011dez.1, ENSP00000292616-uc003uzn.2-uc003uzo.2, ENSP00000362344-uc004bsg.1-uc004bsi.1	0.393384413872	E
1	0.929849226845	2.53413	ENSP00000263440-uc010oow.1-uc001daz.2, ENSP00000264638-uc002iay.2-uc010wgs.1, ENSP00000298281, ENSP00000409493	0.394613202964	E
1	0.919155891078	2.50717	ENSP00000322532-uc001oic.3-uc001oid.3, ENSP00000328412-uc002kay.3-uc002kaz.3, ENSP00000362649-uc001bvb.1-uc010ohf.1, ENSP00000420721	0.398855576579	E
1	0.916525121868	2.50059	ENSP00000328236-uc001ucv.2-uc010taf.1, ENSP00000347005-uc003vux.2-uc011kqs.1, ENSP00000369319-uc002asq.2-uc002asr.2, ENSP00000386935-uc010ncb.2-uc004cla.3	0.399906254989	E
1	0.915519799188	2.49807	ENSP00000261658-uc002dco.2-uc010uzh.1, ENSP00000316042-uc003lbt.2-uc010jeo.2, ENSP00000352798, ENSP00000441202-uc001zcs.2-uc001zcr.2	0.400308491972	E
1	0.909920485408	2.48413	ENSP00000225576, ENSP00000246032-uc002wfw.3-uc010zpu.1, ENSP00000398401-uc003umc.2-uc003umd.2, ENSP00000401470-uc003azu.2-uc003azr.2	0.402556231856	E
1	0.908812303585	2.48137	ENSP00000317232-uc002hxv.2-uc002hxw.1, ENSP00000352567-uc003pwt.2-uc003pwu.2, ENSP00000377643-uc002hun.1-uc002huk.1, ENSP00000418285	0.403002584629	E
1	0.906375151641	2.47533	ENSP00000284548, ENSP00000341097, ENSP00000402537-uc001zfh.1-uc010ubk.1, ENSP00000463536-uc001eum.3-uc010pca.1	0.403985960993	E
1	0.901055066974	2.4622	ENSP00000292616-uc003uzn.2-uc003uzo.2, ENSP00000353114, ENSP00000360202, ENSP00000393571-uc001pjq.2-uc010rvu.1	0.40614092773	E
1	0.896133084912	2.45011	ENSP00000265963-uc001moh.2-uc001moj.2, ENSP00000303279-uc001hmc.2-uc001hmd.2, ENSP00000320688-uc003etr.2-uc011bmz.1, ENSP00000378548-uc010apj.2-uc001xed.2	0.408144873739	E
1	0.894118983364	2.44518	ENSP00000301924-uc003xfl.1-uc010lup.1, ENSP00000358548-uc009wgu.2-uc001efh.3, ENSP00000366299-uc002ign.2-uc010czu.2, ENSP00000379154-uc001jap.1-uc001jao.1	0.408967747358	E
1	0.883280024879	2.41882	ENSP00000218089, ENSP00000276893-uc003zjy.2-uc003zkb.2, ENSP00000324960-uc001olo.2-uc001oln.2, ENSP00000347667	0.413424642209	E
1	0.881065287937	2.41347	ENSP00000286186-uc002uxj.1-uc010ftb.1, ENSP00000301067, ENSP00000386844, ENSP00000403476-uc010oia.1-uc010oib.1	0.414341283721	E
1	0.878557495234	2.40742	ENSP00000265872-uc001joo.2-uc010qjb.1, ENSP00000330470-uc003akk.2-uc003aki.2, ENSP00000378056-uc002blh.2-uc002bll.2, ENSP00000378548-uc010apj.2-uc001xed.2	0.41538166976	E
1	0.878455098764	2.40718	ENSP00000384943-uc002hzm.1-uc010wgh.1, ENSP00000386181-uc002uln.2-uc010zfc.1, ENSP00000423228-uc003jlg.1-uc003jlb.1, ENSP00000470965-uc002tmb.2-uc010yyq.1	0.415424205555	E
1	0.877147327513	2.40403	ENSP00000257527-uc003lwz.2-uc003lwy.2, ENSP00000346065-uc003oyj.2-uc010jze.2, ENSP00000380025-uc002vhp.1-uc010zjz.1, ENSP00000469540-uc002omt.2-uc002oms.2	0.415967840786	E
1	0.864511641176	2.37385	ENSP00000381008, ENSP00000390121-uc002jbv.2-uc010wps.1, ENSP00000420721, ENSP00000445943	0.421257227086	E
1	0.85823386249	2.35899	ENSP00000234160-uc002ugk.2-uc002ugm.2, ENSP00000358635-uc003pla.2-uc003pkz.2, ENSP00000401514, ENSP00000435299-uc001lrv.2-uc001lrw.2	0.423910105105	E
1	0.854460850949	2.35011	ENSP00000328412-uc002kay.3-uc002kaz.3, ENSP00000375810-uc002pbf.1-uc010ejy.1, ENSP00000392775-uc003vbd.2-uc011klj.1, ENSP00000464052	0.425512543933	E
1	0.851867973783	2.34402	ENSP00000250896-uc002lus.2-uc002luq.1, ENSP00000307387-uc003cfx.2-uc011axw.1, ENSP00000335560-uc009zpy.2-uc001spb.2, ENSP00000384164-uc010gci.1-uc002wpg.1	0.426617277292	E
1	0.851073978676	2.34216	ENSP00000245787-uc002tlk.2-uc010yye.1, ENSP00000264501, ENSP00000323591-uc002gst.2-uc010vxq.1, ENSP00000434552	0.426956143835	E
1	0.849707787433	2.33896	ENSP00000273179-uc003chg.2-uc003chh.2, ENSP00000281405-uc002rdj.2-uc002rdh.2, ENSP00000354360-uc004caa.1-uc010mze.1, ENSP00000441202-uc001zcs.2-uc001zcr.2	0.427539846213	E
1	0.849612140127	2.33874	ENSP00000255121-uc001coj.1-uc001coi.1, ENSP00000356554-uc003qjr.3-uc010khh.2, ENSP00000399501, ENSP00000423485-uc010jgh.2-uc003lmh.3	0.427580741203	E
1	0.846980685828	2.33259	ENSP00000290231-uc002xre.2-uc002xrc.2, ENSP00000315768-uc001slc.2-uc001slb.2, ENSP00000362187-uc004bsx.1-uc004bsw.1, ENSP00000369319-uc002asq.2-uc002asr.2	0.428707382085	E
1	0.842494720903	2.32215	ENSP00000338777-uc002boq.3-uc002bos.3, ENSP00000376799-uc001pkh.2-uc010rvx.1, ENSP00000380860, ENSP00000459424-uc003udy.2-uc003uea.2	0.43063486845	E
1	0.841686433123	2.32028	ENSP00000225576, ENSP00000313382-uc003pfs.2-uc010kap.2, ENSP00000364000-uc002uqk.2-uc010frx.2, ENSP00000370196-uc003blh.2-uc003blf.2	0.430983086063	E
1	0.839066314766	2.31421	ENSP00000318845-uc003axo.3-uc003axq.3, ENSP00000386725-uc002uny.2-uc002unw.2, ENSP00000423228-uc003jlg.1-uc003jlb.1, ENSP00000430548-uc003yht.1-uc003yhu.1	0.432113793405	E
1	0.838108300536	2.31199	ENSP00000378548-uc010apj.2-uc001xed.2, ENSP00000406229, ENSP00000419098-uc004cdd.2-uc004cdc.2, ENSP00000419126-uc001lgw.2-uc001lgx.2	0.432527962926	E
1	0.837282949545	2.31008	ENSP00000260382-uc002asw.2-uc002asz.2, ENSP00000262304, ENSP00000320076-uc002jme.1-uc010wro.1, ENSP00000362082-uc003orn.2-uc011duk.1	0.432885097669	E
1	0.836516320364	2.30831	ENSP00000218089, ENSP00000219689-uc002dll.2-uc002dlk.2, ENSP00000367064, ENSP00000387006-uc002unp.2-uc002uno.2	0.433217087258	E
1	0.832787570461	2.29972	ENSP00000317272, ENSP00000321330-uc002qys.2-uc002qyt.2, ENSP00000362824-uc004eaa.1-uc004ead.2, ENSP00000421552	0.43483546081	E
1	0.832396290844	2.29882	ENSP00000375051-uc001chn.2-uc001chp.2, ENSP00000376250-uc003fsv.2-uc003fsw.2, ENSP00000384582, ENSP00000385030-uc002rgu.2-uc010ykr.1	0.435005636353	E
1	0.819663885259	2.26974	ENSP00000265565-uc003crh.1-uc003crg.2, ENSP00000284548, ENSP00000311997, ENSP00000327589	0.440579714959	E
1	0.818637670105	2.26741	ENSP00000378130-uc003hzr.3-uc003hzq.2, ENSP00000378857-uc003cvj.2-uc011bby.1, ENSP00000386996-uc002vtb.1-uc002vta.2, ENSP00000429286-uc003xun.2-uc003xum.2	0.441032076609	E
1	0.816799011767	2.26324	ENSP00000284878-uc002yki.2-uc002ykj.1, ENSP00000300432-uc004bsu.2-uc011mao.1, ENSP00000359830-uc001dhu.2-uc009wca.1, ENSP00000472749-uc010noz.2-uc004elo.3	0.441843729862	E
1	0.812458826013	2.25344	ENSP00000271588, ENSP00000301475-uc010dwg.1-uc010xkh.1, ENSP00000315873, ENSP00000325326-uc002xqw.2-uc002xqv.2	0.443765581303	E
1	0.807984754516	2.24338	ENSP00000275227-uc003qdw.1-uc010kgd.1, ENSP00000367263, ENSP00000368800-uc010cdu.2-uc002ept.2, ENSP00000386759	0.445755468371	E
1	0.80587020044	2.23864	ENSP00000253490-uc003mdk.2-uc010jjy.1, ENSP00000311997, ENSP00000347665, ENSP00000385839-uc001snt.2-uc009zpn.1	0.446699039678	E
1	0.804840644206	2.23634	ENSP00000244020-uc010zwg.1-uc002xki.2, ENSP00000264501, ENSP00000360186, ENSP00000360577-uc001cup.3-uc010onl.1	0.447159178288	E
1	0.79711179839	2.21912	ENSP00000072644-uc001cvu.2-uc001cvy.2, ENSP00000297837-uc004ayu.2-uc004ayv.1, ENSP00000366522-uc003zds.1-uc011llk.1, ENSP00000399501	0.450628592646	E
1	0.787145576249	2.19712	ENSP00000281471-uc001rkq.3-uc009zjs.2, ENSP00000320043-uc003xry.2-uc011ldx.1, ENSP00000402537-uc001zfh.1-uc010ubk.1, ENSP00000441202-uc001zcs.2-uc001zcr.2	0.455142111309	E
1	0.785559428255	2.19363	ENSP00000261047-uc003dxj.2-uc003dxk.2, ENSP00000262304, ENSP00000328551-uc003gmu.2-uc003gmv.2, ENSP00000356574-uc001gnz.2-uc001goc.2	0.455864606897	E
1	0.784294900035	2.19086	ENSP00000264350-uc003hrt.2-uc011cdm.1, ENSP00000347924-uc001leb.2-uc001ldy.2, ENSP00000367830-uc001aiq.2-uc009vla.2, ENSP00000441202-uc001zcs.2-uc001zcr.2	0.456441425182	E
1	0.775852976281	2.17244	ENSP00000271657-uc001exr.2-uc010pcw.1, ENSP00000272462-uc002tfk.2-uc010fju.2, ENSP00000338457-uc003acl.2-uc003ach.2, ENSP00000464052	0.46031097915	E
1	0.77558959436	2.17187	ENSP00000293350-uc002pnt.2-uc010yat.1, ENSP00000341097, ENSP00000360199, ENSP00000411409	0.460432232708	E
1	0.772441065551	2.16504	ENSP00000005178-uc003uoa.2-uc003unz.2, ENSP00000369519-uc003zph.2-uc011lnl.1, ENSP00000386181-uc002uln.2-uc010zfc.1, ENSP00000441202-uc001zcs.2-uc001zcr.2	0.46188420144	E
1	0.771121162552	2.16219	ENSP00000259806-uc003mtm.2-uc003mtn.2, ENSP00000291565-uc002zdm.3-uc002zdq.3, ENSP00000318557-uc002euz.2-uc010vkh.1, ENSP00000441202-uc001zcs.2-uc001zcr.2	0.462494246294	E
1	0.766337826282	2.15187	ENSP00000310129-uc003fnn.1-uc011brk.1, ENSP00000321330-uc002qys.2-uc002qyt.2, ENSP00000368031-uc001aga.1-uc001agb.1, ENSP00000435299-uc001lrv.2-uc001lrw.2	0.464711811248	E
1	0.764522942493	2.14797	ENSP00000233146-uc002rvy.1-uc010fbg.2, ENSP00000316649-uc002yck.1-uc002ycl.1, ENSP00000318884, ENSP00000408342-uc002mkd.2-uc002mkc.2	0.465555974979	E
1	0.764120437281	2.14711	ENSP00000281142-uc003igp.2-uc003igo.2, ENSP00000330237-uc001awn.2-uc001awo.2, ENSP00000362082-uc003orn.2-uc011duk.1, ENSP00000420721	0.465743401403	E
1	0.76287189258	2.14443	ENSP00000310170-uc001ogg.1-uc010ros.1, ENSP00000360158, ENSP00000370023-uc002rgy.2-uc010yks.1, ENSP00000386797-uc002tob.1-uc002toa.1	0.466325266025	E
1	0.762741269421	2.14415	ENSP00000249075-uc003agz.2-uc011aks.1, ENSP00000354958-uc001fjm.2-uc009wql.2, ENSP00000460334-uc002qdo.2-uc002qdn.2, ENSP00000464052	0.466386182883	E
1	0.759071883399	2.13629	ENSP00000271227-uc001dqv.3-uc010ott.1, ENSP00000303153-uc003yvd.2-uc011ljo.1, ENSP00000340062, ENSP00000367030-uc001iop.2-uc001ior.2	0.468100677471	E
1	0.75873640025	2.13558	ENSP00000225576, ENSP00000280377-uc001src.1-uc001srb.1, ENSP00000378438-uc002azq.3-uc002azr.3, ENSP00000408576-uc003cop.1-uc010hit.1	0.468257743705	E
1	0.75828106082	2.1346	ENSP00000193322-uc003psd.2-uc003pse.1, ENSP00000318687-uc001utj.2-uc010tds.1, ENSP00000435299-uc001lrv.2-uc001lrw.2, ENSP00000457354-uc002fhe.2-uc002fhd.2	0.46847100847	E
1	0.756527926256	2.13086	ENSP00000290231-uc002xre.2-uc002xrc.2, ENSP00000361355-uc001kbl.2-uc001kbo.3, ENSP00000378548-uc010apj.2-uc001xed.2, ENSP00000389998-uc011lgk.1-uc011lgl.1	0.469293021526	E
1	0.75374290154	2.12494	ENSP00000262189, ENSP00000368102-uc001ilq.1-uc009xjb.1, ENSP00000379353-uc001rfo.3-uc009zix.2, ENSP00000389998-uc011lgk.1-uc011lgl.1	0.470601835884	E
1	0.753190632486	2.12377	ENSP00000264266-uc003fcl.1-uc011box.1, ENSP00000264424-uc003ipc.2-uc003ipd.2, ENSP00000322532-uc001oic.3-uc001oid.3, ENSP00000379353-uc001rfo.3-uc009zix.2	0.470861806495	E
1	0.749111327955	2.11512	ENSP00000345895-uc003bfr.2-uc011aqn.1, ENSP00000346065-uc003oyj.2-uc010jze.2, ENSP00000362136-uc001cby.2-uc001cbz.2, ENSP00000378548-uc010apj.2-uc001xed.2	0.47278651827	E
1	0.748987054033	2.11486	ENSP00000265077, ENSP00000271663-uc001exi.2-uc010pcv.1, ENSP00000385478-uc010ktx.2-uc010kty.2, ENSP00000420721	0.472845276955	E
1	0.747534947386	2.11179	ENSP00000234160-uc002ugk.2-uc002ugm.2, ENSP00000335560-uc009zpy.2-uc001spb.2, ENSP00000434552, ENSP00000445943	0.47353239749	E
1	0.741065095013	2.09817	ENSP00000265565-uc003crh.1-uc003crg.2, ENSP00000288502-uc004bjd.3-uc004bjf.3, ENSP00000344666, ENSP00000367064	0.476606014399	E
1	0.740645055925	2.09729	ENSP00000072644-uc001cvu.2-uc001cvy.2, ENSP00000329748-uc001rls.1-uc001rlr.1, ENSP00000330470-uc003akk.2-uc003aki.2, ENSP00000369319-uc002asq.2-uc002asr.2	0.476806249605	E
1	0.737891594507	2.09152	ENSP00000225576, ENSP00000330361-uc003zfc.3-uc003zfd.2, ENSP00000334738-uc003adk.2-uc011akg.1, ENSP00000367868-uc001imo.3-uc001imn.2	0.478120926342	E
1	0.735427953358	2.08637	ENSP00000256689-uc001rpg.2-uc010sli.1, ENSP00000301475-uc010dwg.1-uc010xkh.1, ENSP00000386181-uc002uln.2-uc010zfc.1, ENSP00000408342-uc002mkd.2-uc002mkc.2	0.479300296906	E
1	0.730544994955	2.07621	ENSP00000239906-uc003lcw.2-uc011cyr.1, ENSP00000316578-uc002hgs.2-uc002hgt.2, ENSP00000324960-uc001olo.2-uc001oln.2, ENSP00000401514	0.481646423677	E
1	0.729996448551	2.07507	ENSP00000265870-uc001joi.2-uc010qiy.1, ENSP00000349629, ENSP00000381008, ENSP00000436619-uc004aiq.2-uc004air.2	0.481910701568	E
1	0.729741969745	2.07455	ENSP00000225576, ENSP00000264346-uc011cdi.1-uc011cdl.1, ENSP00000292140-uc002own.3-uc010eit.2, ENSP00000471677-uc004dkn.2-uc011mmg.1	0.482033353234	E
1	0.728120214065	2.07118	ENSP00000291560-uc002zdi.2-uc011aey.1, ENSP00000318845-uc003axo.3-uc003axq.3, ENSP00000354529, ENSP00000387258-uc002tcd.3-uc010ywe.1	0.482815727801	E
1	0.727443895705	2.06978	ENSP00000219070-uc002ehz.3-uc002eia.3, ENSP00000349629, ENSP00000362656-uc004bpc.2-uc010mws.2, ENSP00000401514	0.483142375389	E
1	0.727443895705	2.06978	ENSP00000305483-uc001ifc.1-uc001ifd.1, ENSP00000320485, ENSP00000336775-uc002bup.2-uc002buq.2, ENSP00000441285-uc001gee.2-uc010plh.1	0.483142375389	E
1	0.725790582758	2.06636	ENSP00000272462-uc002tfk.2-uc010fju.2, ENSP00000291358-uc001bum.2-uc010ogz.1, ENSP00000399501, ENSP00000406571-uc003mds.3-uc003mdv.2	0.483941821618	E
1	0.725680509919	2.06614	ENSP00000253363-uc002xeb.2-uc002xea.2, ENSP00000318373-uc002rkk.2-uc002rkj.2, ENSP00000423228-uc003jlg.1-uc003jlb.1, ENSP00000449960-uc001sef.2-uc001see.2	0.483995093401	E
1	0.721748752345	2.05803	ENSP00000230640-uc003jpy.3-uc011cqi.1, ENSP00000361355-uc001kbl.2-uc001kbo.3, ENSP00000429865, ENSP00000452037-uc001xoq.3-uc010arv.2	0.485901790654	E
1	0.721416113317	2.05734	ENSP00000362718-uc003onc.1-uc003ond.1, ENSP00000391524-uc011arv.1-uc011aru.1, ENSP00000435697-uc003yyv.2-uc011lki.1, ENSP00000473060-uc004fel.2-uc004fek.2	0.486063447439	E
1	0.720409892369	2.05528	ENSP00000265077, ENSP00000337358-uc002zmf.2-uc002zme.2, ENSP00000352608, ENSP00000435299-uc001lrv.2-uc001lrw.2	0.486552780809	E
1	0.720409892369	2.05528	ENSP00000244020-uc010zwg.1-uc002xki.2, ENSP00000265077, ENSP00000279804-uc002dzw.2-uc002dzx.2, ENSP00000369538-uc001iil.3-uc001iim.3	0.486552780809	E
1	0.717745969851	2.04981	ENSP00000311427-uc002bau.2-uc002bav.2, ENSP00000386181-uc002uln.2-uc010zfc.1, ENSP00000403476-uc010oia.1-uc010oib.1, ENSP00000410545	0.487850647659	E
1	0.714554803721	2.04328	ENSP00000373390, ENSP00000399121-uc010ltu.2-uc003xav.2, ENSP00000403476-uc010oia.1-uc010oib.1, ENSP00000420533-uc003gdq.3-uc003gds.3	0.48940994679	E
1	0.713354923774	2.04083	ENSP00000340626, ENSP00000349629, ENSP00000360202, ENSP00000439628-uc002fuy.1-uc010ckc.1	0.489997532417	E
1	0.713354923774	2.04083	ENSP00000306340-uc011cbp.1-uc003hiq.2, ENSP00000313885-uc002jnz.3-uc002job.3, ENSP00000334143-uc002vxx.3-uc002vxy.2, ENSP00000420721	0.489997532417	E
1	0.713138719352	2.04039	ENSP00000351126-uc003kod.3-uc003kof.2, ENSP00000358450-uc001ehg.2-uc001ehf.2, ENSP00000366395-uc001odb.2-uc009yqc.2, ENSP00000432787-uc003pzz.1-uc003pzw.1	0.490103483503	E
1	0.709082473733	2.03213	ENSP00000263212-uc002zvp.1-uc011aik.1, ENSP00000292616-uc003uzn.2-uc003uzo.2, ENSP00000320076-uc002jme.1-uc010wro.1, ENSP00000379154-uc001jap.1-uc001jao.1	0.492095500936	E
1	0.707425370179	2.02876	ENSP00000287295-uc004evg.2-uc004evi.2, ENSP00000361245-uc009vxk.2-uc001cmx.3, ENSP00000369319-uc002asq.2-uc002asr.2, ENSP00000454657-uc001wsy.1-uc001wtc.1	0.492911630158	E
1	0.705874789228	2.02562	ENSP00000291358-uc001bum.2-uc010ogz.1, ENSP00000399501, ENSP00000403476-uc010oia.1-uc010oib.1, ENSP00000470141-uc004dmb.3-uc004dmc.3	0.493676522403	E
1	0.705485881444	2.02483	ENSP00000244020-uc010zwg.1-uc002xki.2, ENSP00000300432-uc004bsu.2-uc011mao.1, ENSP00000454657-uc001wsy.1-uc001wtc.1, ENSP00000473196-uc004fip.2-uc004fio.2	0.493868554384	E
1	0.693719551901	2.00115	ENSP00000262518, ENSP00000303279-uc001hmc.2-uc001hmd.2, ENSP00000336630-uc003aab.2-uc011ajs.1, ENSP00000411032-uc002oyg.1-uc010ejd.2	0.499713896216	E
1	0.688940085845	1.9916	ENSP00000221347, ENSP00000238823-uc002rpa.1-uc010ynd.1, ENSP00000343027-uc003uhb.1-uc011kgt.1, ENSP00000429865	0.502107978481	E
1	0.687029420194	1.9878	ENSP00000255121-uc001coj.1-uc001coi.1, ENSP00000354360-uc004caa.1-uc010mze.1, ENSP00000385812-uc003apr.2-uc011amr.1, ENSP00000411409	0.503068256041	E
1	0.686896742388	1.98754	ENSP00000259569-uc003zjr.2-uc003zjs.2, ENSP00000265348-uc003otq.2-uc010jyh.2, ENSP00000360577-uc001cup.3-uc010onl.1, ENSP00000406229	0.503135006461	E
1	0.682160906386	1.97815	ENSP00000356210-uc003qph.2-uc003qpg.2, ENSP00000365048-uc001vqr.2-uc010agj.2, ENSP00000379154-uc001jap.1-uc001jao.1, ENSP00000380860	0.505523422448	E
1	0.675804281817	1.96561	ENSP00000293230-uc002jru.1-uc002jrv.1, ENSP00000301067, ENSP00000406012-uc002cmb.2-uc002clz.2, ENSP00000440926-uc003xfp.1-uc003xfq.1	0.508747079991	E
1	0.67455282071	1.96315	ENSP00000279804-uc002dzw.2-uc002dzx.2, ENSP00000352798, ENSP00000386996-uc002vtb.1-uc002vta.2, ENSP00000471156-uc004eau.2-uc011mqe.1	0.509384155729	E
1	0.67455282071	1.96315	ENSP00000261047-uc003dxj.2-uc003dxk.2, ENSP00000310841-uc002fjw.2-uc010vot.1, ENSP00000341097, ENSP00000376362-uc001tui.1-uc001tuh.2	0.509384155729	E
1	0.673829565334	1.96174	ENSP00000318373-uc002rkk.2-uc002rkj.2, ENSP00000347667, ENSP00000378130-uc003hzr.3-uc003hzq.2, ENSP00000469540-uc002omt.2-uc002oms.2	0.50975270382	E
1	0.673829565334	1.96174	ENSP00000230640-uc003jpy.3-uc011cqi.1, ENSP00000354897, ENSP00000364448-uc001vup.2-uc001vut.2, ENSP00000441045-uc003gkw.3-uc003gky.2	0.50975270382	E
1	0.672894781745	1.9599	ENSP00000265651-uc001muz.2-uc010rej.1, ENSP00000409493, ENSP00000419879-uc002wls.2-uc010zqv.1, ENSP00000472749-uc010noz.2-uc004elo.3	0.510229435067	E
1	0.668735372813	1.95177	ENSP00000316042-uc003lbt.2-uc010jeo.2, ENSP00000335321, ENSP00000344666, ENSP00000465500-uc002lin.2-uc010dpv.2	0.512356107722	E
1	0.653536803179	1.92233	ENSP00000222145-uc002pki.2-uc002pkh.2, ENSP00000282478, ENSP00000317272, ENSP00000435697-uc003yyv.2-uc011lki.1	0.520202664882	E
1	0.649466681036	1.91452	ENSP00000317904-uc002plp.2-uc010xzy.1, ENSP00000379154-uc001jap.1-uc001jao.1, ENSP00000382034-uc003obw.2-uc010juc.1, ENSP00000384582	0.522324267929	E
1	0.646367551537	1.9086	ENSP00000226578-uc003hwg.2-uc011ces.1, ENSP00000340766-uc001gqg.2-uc001gqf.2, ENSP00000391524-uc011arv.1-uc011aru.1, ENSP00000441202-uc001zcs.2-uc001zcr.2	0.523945529429	E
1	0.644656476371	1.90533	ENSP00000344214-uc001vna.2-uc010tij.1, ENSP00000373783-uc003xdh.1-uc010lty.1, ENSP00000374359-uc003eiv.2-uc003eix.2, ENSP00000441202-uc001zcs.2-uc001zcr.2	0.524842807048	E
1	0.641595618459	1.89951	ENSP00000224949-uc001igt.1-uc001igs.1, ENSP00000358813-uc003pjc.2-uc003pjb.3, ENSP00000385030-uc002rgu.2-uc010ykr.1, ENSP00000415793	0.526451737404	E
1	0.64111923062	1.8986	ENSP00000263209-uc002zri.2-uc002zrj.2, ENSP00000352447-uc001hfd.2-uc009xcb.1, ENSP00000365200-uc001vpo.2-uc001vpp.2, ENSP00000441202-uc001zcs.2-uc001zcr.2	0.526702592357	E
1	0.640175680399	1.89681	ENSP00000222145-uc002pki.2-uc002pkh.2, ENSP00000271588, ENSP00000330671, ENSP00000474435-uc002hjr.2-uc010wcj.1	0.527199797236	E
1	0.635208050404	1.88741	ENSP00000355809-uc001hpc.1-uc001hpd.1, ENSP00000364101-uc004duh.1-uc004dui.3, ENSP00000385715-uc002rhx.2-uc002rhw.2, ENSP00000392264-uc010rre.1-uc009yth.2	0.529825246494	E
1	0.634269020287	1.88564	ENSP00000257700-uc003vda.1-uc010ljj.1, ENSP00000402515, ENSP00000409493, ENSP00000421202-uc003jrh.3-uc003jrk.3	0.530323002024	E
1	0.632602677356	1.8825	ENSP00000215919-uc003aks.2-uc003akr.2, ENSP00000299767-uc001tkb.1-uc010swg.1, ENSP00000354671-uc001cov.2-uc001cpa.2, ENSP00000377643-uc002hun.1-uc002huk.1	0.531207438692	E
1	0.630114369974	1.87783	ENSP00000357336-uc001fkj.2-uc001fks.2, ENSP00000423228-uc003jlg.1-uc003jlb.1, ENSP00000452296-uc001vwc.3-uc001vwb.3, ENSP00000472749-uc010noz.2-uc004elo.3	0.532530891979	E
1	0.629534310198	1.87674	ENSP00000238146-uc001ufi.2-uc001ufl.2, ENSP00000265594-uc003fle.2-uc003flf.2, ENSP00000268482-uc002fcb.2-uc010vmp.1, ENSP00000369319-uc002asq.2-uc002asr.2	0.532839881337	E
1	0.628494854574	1.87479	ENSP00000271227-uc001dqv.3-uc010ott.1, ENSP00000350967-uc002kzk.1-uc002kzo.1, ENSP00000380891, ENSP00000445943	0.533394032706	E
1	0.624678802964	1.86765	ENSP00000351042-uc002nqi.2-uc002nqh.2, ENSP00000358060-uc001euq.2-uc009wlt.2, ENSP00000358770-uc001kxo.1-uc001kxp.1, ENSP00000374359-uc003eiv.2-uc003eix.2	0.535433380517	E
1	0.618514553217	1.85617	ENSP00000274000-uc003iaj.3-uc003iak.3, ENSP00000298317-uc001qde.2-uc010sbl.1, ENSP00000344772-uc001apy.2-uc001apz.2, ENSP00000464052	0.538744119224	E
1	0.607602272082	1.83602	ENSP00000368884-uc004czu.2-uc011mjk.1, ENSP00000374185-uc010ydh.1-uc002pyl.1, ENSP00000440926-uc003xfp.1-uc003xfq.1, ENSP00000452120-uc001shh.2-uc001shg.2	0.544655239761	E
1	0.605552716889	1.83226	ENSP00000253490-uc003mdk.2-uc010jjy.1, ENSP00000322343-uc004apr.2-uc004apu.2, ENSP00000381204-uc001pha.2-uc009yxc.2, ENSP00000384582	0.545772685478	E
1	0.602431846195	1.82656	ENSP00000263736-uc002rus.2-uc010yoc.1, ENSP00000368800-uc010cdu.2-uc002ept.2, ENSP00000383411-uc002yju.1-uc010gky.1, ENSP00000383700	0.547478632092	E
1	0.597807878382	1.81813	ENSP00000259806-uc003mtm.2-uc003mtn.2, ENSP00000354529, ENSP00000358548-uc009wgu.2-uc001efh.3, ENSP00000417401-uc002yfm.2-uc002yfl.1	0.550016017539	E
1	0.593171277655	1.80972	ENSP00000303279-uc001hmc.2-uc001hmd.2, ENSP00000362718-uc003onc.1-uc003ond.1, ENSP00000365388-uc001isv.2-uc010qdf.1, ENSP00000438341-uc001tnj.2-uc010sxf.1	0.552572143494	E
1	0.589787971075	1.80361	ENSP00000219478-uc002cxp.1-uc002cxo.1, ENSP00000222145-uc002pki.2-uc002pkh.2, ENSP00000354671-uc001cov.2-uc001cpa.2, ENSP00000377643-uc002hun.1-uc002huk.1	0.554444830614	E
1	0.588018601877	1.80042	ENSP00000351126-uc003kod.3-uc003kof.2, ENSP00000352798, ENSP00000364101-uc004duh.1-uc004dui.3, ENSP00000367893-uc001imk.2-uc010qbs.1	0.555426716623	E
1	0.586957380899	1.79851	ENSP00000279263-uc001oct.2-uc010rny.1, ENSP00000288502-uc004bjd.3-uc004bjf.3, ENSP00000386626-uc002tzd.3-uc010zch.1, ENSP00000464052	0.556016459974	E
1	0.585871845766	1.79656	ENSP00000265846-uc003sjo.3-uc003sjm.3, ENSP00000268489, ENSP00000369319-uc002asq.2-uc002asr.2, ENSP00000423485-uc010jgh.2-uc003lmh.3	0.556620363096	E
1	0.584429072705	1.79397	ENSP00000265594-uc003fle.2-uc003flf.2, ENSP00000359245, ENSP00000360199, ENSP00000375051-uc001chn.2-uc001chp.2	0.557424019569	E
1	0.584429072705	1.79397	ENSP00000317128-uc003emx.2-uc003emw.2, ENSP00000339016-uc001kez.1-uc010qmr.1, ENSP00000359245, ENSP00000467207-uc002lxy.2-uc010dtl.1	0.557424019569	E
1	0.582864743921	1.79116	ENSP00000263816, ENSP00000311997, ENSP00000360158, ENSP00000370196-uc003blh.2-uc003blf.2	0.558296696406	E
1	0.582864743921	1.79116	ENSP00000253490-uc003mdk.2-uc010jjy.1, ENSP00000305924-uc001ycs.1-uc001ycr.2, ENSP00000329002-uc001fes.2-uc009wov.2, ENSP00000352798	0.558296696406	E
1	0.577132954845	1.78093	ENSP00000259395-uc004bbg.1-uc011lvk.1, ENSP00000371531-uc003zhl.1-uc003zhn.1, ENSP00000395007-uc010lpi.2-uc003wfw.2, ENSP00000429865	0.561505923833	E
1	0.576956058517	1.78061	ENSP00000256079-uc001rjd.2-uc001rje.1, ENSP00000293230-uc002jru.1-uc002jrv.1, ENSP00000298281, ENSP00000327214-uc001baa.2-uc001azz.1	0.561605260955	E
1	0.575905262547	1.77874	ENSP00000225576, ENSP00000377389-uc001onw.2-uc001onz.2, ENSP00000393762-uc003psu.2-uc003pst.3, ENSP00000431883-uc001qhb.1-uc009zcz.1	0.562195703663	E
1	0.573216515377	1.77396	ENSP00000264501, ENSP00000331682-uc002zsl.1-uc011ahr.1, ENSP00000334143-uc002vxx.3-uc002vxy.2, ENSP00000352208-uc001kin.2-uc009xue.2	0.563709339751	E
1	0.573216515377	1.77396	ENSP00000281924-uc002ttx.2-uc002tty.2, ENSP00000284548, ENSP00000357283-uc001fni.2-uc001fnk.2, ENSP00000379154-uc001jap.1-uc001jao.1	0.563709339751	E
1	0.570887344872	1.76984	ENSP00000320794, ENSP00000380651-uc001vnn.1-uc001vnm.1, ENSP00000384582, ENSP00000399828-uc003gfr.2-uc003gfn.2	0.565023845178	E
1	0.570256496227	1.76872	ENSP00000317272, ENSP00000346065-uc003oyj.2-uc010jze.2, ENSP00000376333-uc002joh.2-uc010wsd.1, ENSP00000383411-uc002yju.1-uc010gky.1	0.56538040216	E
1	0.56966578775	1.76768	ENSP00000355973-uc001hif.2-uc009xcz.2, ENSP00000368102-uc001ilq.1-uc009xjb.1, ENSP00000399584-uc004csx.3-uc010ndt.2, ENSP00000429865	0.565714475816	E
1	0.56802313527	1.76477	ENSP00000242209-uc003tdh.2-uc011kam.1, ENSP00000262294-uc002iwz.3-uc010woc.1, ENSP00000369319-uc002asq.2-uc002asr.2, ENSP00000408342-uc002mkd.2-uc002mkc.2	0.566644511757	E
1	0.566134764494	1.76145	ENSP00000203001-uc002wmh.1-uc010zra.1, ENSP00000331879-uc001mqb.2-uc010rdn.1, ENSP00000419879-uc002wls.2-uc010zqv.1, ENSP00000464052	0.567715557641	E
1	0.563650153638	1.75707	ENSP00000297440-uc010krz.1-uc003sjb.2, ENSP00000344223-uc002fhi.2-uc002fhh.2, ENSP00000406229, ENSP00000410545	0.569127863667	E
1	0.562515218188	1.75508	ENSP00000261632-uc001uni.2-uc010tcq.1, ENSP00000301887-uc001ocf.1-uc001oce.1, ENSP00000378548-uc010apj.2-uc001xed.2, ENSP00000379737-uc003swy.2-uc010kur.2	0.569774153735	E
1	0.551824504278	1.73642	ENSP00000196482-uc002qsw.1-uc002qsx.1, ENSP00000225576, ENSP00000261292-uc002ldv.2-uc010xdh.1, ENSP00000334153-uc003cay.2-uc010hes.2	0.575898122679	E
1	0.551014715796	1.73501	ENSP00000259021-uc002ipm.2-uc010wmg.1, ENSP00000262518, ENSP00000281038-uc001ozi.2-uc010rsq.1, ENSP00000318115-uc002olu.1-uc002olt.1	0.576364667221	E
1	0.544878136154	1.7244	ENSP00000251241-uc002ixn.1-uc010wof.1, ENSP00000259021-uc002ipm.2-uc010wmg.1, ENSP00000340626, ENSP00000380860	0.579912449395	E
1	0.544034578843	1.72294	ENSP00000215919-uc003aks.2-uc003akr.2, ENSP00000253490-uc003mdk.2-uc010jjy.1, ENSP00000257700-uc003vda.1-uc010ljj.1, ENSP00000373783-uc003xdh.1-uc010lty.1	0.580401845169	E
1	0.544034578843	1.72294	ENSP00000358450-uc001ehg.2-uc001ehf.2, ENSP00000360186, ENSP00000362285-uc001jrr.3-uc001jru.3, ENSP00000420793-uc002scl.2-uc010ypx.1	0.580401845169	E
1	0.541329898311	1.71829	ENSP00000268482-uc002fcb.2-uc010vmp.1, ENSP00000347665, ENSP00000428924-uc003xsk.3-uc003xsl.3, ENSP00000452120-uc001shh.2-uc001shg.2	0.581973771562	E
1	0.537817482705	1.71227	ENSP00000248846-uc003bkb.1-uc010has.1, ENSP00000376534-uc002uao.2-uc002uap.2, ENSP00000399121-uc010ltu.2-uc003xav.2, ENSP00000467437-uc002jwj.2-uc002jwl.2	0.58402149945	E
1	0.53312554219	1.70425	ENSP00000268482-uc002fcb.2-uc010vmp.1, ENSP00000356230-uc001gyo.1-uc001gym.1, ENSP00000358770-uc001kxo.1-uc001kxp.1, ENSP00000381008	0.586768132064	E
1	0.532203276351	1.70268	ENSP00000253247-uc002jgd.1-uc010deu.1, ENSP00000368031-uc001aga.1-uc001agb.1, ENSP00000378548-uc010apj.2-uc001xed.2, ENSP00000419231-uc003esl.2-uc011bmm.1	0.58730953789	E
1	0.531739812678	1.70189	ENSP00000248054-uc002nez.1-uc010eaj.1, ENSP00000387133-uc010mda.1-uc010mdb.1, ENSP00000415793, ENSP00000472749-uc010noz.2-uc004elo.3	0.587581797612	E
1	0.531688910293	1.7018	ENSP00000282478, ENSP00000318115-uc002olu.1-uc002olt.1, ENSP00000337008-uc001dnw.2-uc001dnx.2, ENSP00000376178-uc001uio.2-uc001uip.2	0.587611707688	E
1	0.530206984953	1.69928	ENSP00000271588, ENSP00000296473-uc003cxz.2-uc003cya.2, ENSP00000362718-uc003onc.1-uc003ond.1, ENSP00000367064	0.588483149915	E
1	0.529604728159	1.69826	ENSP00000281924-uc002ttx.2-uc002tty.2, ENSP00000282478, ENSP00000380891, ENSP00000385746-uc004dag.2-uc010nfs.2	0.588837674636	E
1	0.528174151064	1.69583	ENSP00000268099-uc002azb.1-uc002aza.1, ENSP00000292616-uc003uzn.2-uc003uzo.2, ENSP00000344772-uc001apy.2-uc001apz.2, ENSP00000362136-uc001cby.2-uc001cbz.2	0.589680655157	E
1	0.527231751262	1.69424	ENSP00000255121-uc001coj.1-uc001coi.1, ENSP00000326381-uc003fqs.2-uc003fqv.2, ENSP00000352798, ENSP00000415436-uc001rrx.2-uc001rru.2	0.590236632024	E
1	0.525686216817	1.69162	ENSP00000341097, ENSP00000347445-uc002cwl.2-uc010uxk.1, ENSP00000353114, ENSP00000364101-uc004duh.1-uc004dui.3	0.591149568376	E
1	0.524474313867	1.68957	ENSP00000226067-uc002iug.1-uc010dce.1, ENSP00000263209-uc002zri.2-uc002zrj.2, ENSP00000304592-uc002kdu.2-uc002kdv.1, ENSP00000429865	0.59186641857	E
1	0.5237152765	1.68829	ENSP00000305483-uc001ifc.1-uc001ifd.1, ENSP00000362298-uc001jrm.2-uc009xqk.2, ENSP00000376197-uc003fwa.3-uc011btr.1, ENSP00000467207-uc002lxy.2-uc010dtl.1	0.59231583784	E
1	0.522155580649	1.68566	ENSP00000305924-uc001ycs.1-uc001ycr.2, ENSP00000308018-uc003ziz.1-uc003zja.1, ENSP00000354966-uc002xuv.1-uc010gid.2, ENSP00000386722-uc009ytl.2-uc001oth.3	0.593240391218	E
1	0.519664061656	1.68146	ENSP00000296529-uc003ipx.2-uc010iqi.2, ENSP00000386181-uc002uln.2-uc010zfc.1, ENSP00000386935-uc010ncb.2-uc004cla.3, ENSP00000423228-uc003jlg.1-uc003jlb.1	0.59472030377	E
1	0.518815196342	1.68004	ENSP00000275227-uc003qdw.1-uc010kgd.1, ENSP00000351338-uc003csx.2-uc003cst.2, ENSP00000355428-uc001iew.1-uc010pzq.1, ENSP00000441202-uc001zcs.2-uc001zcr.2	0.595225355537	E
1	0.516529921981	1.6762	ENSP00000255121-uc001coj.1-uc001coi.1, ENSP00000356230-uc001gyo.1-uc001gym.1, ENSP00000364101-uc004duh.1-uc004dui.3, ENSP00000394966-uc001cbh.1-uc001cbf.1	0.596587164241	E
1	0.514006494564	1.67198	ENSP00000362804-uc001jnh.3-uc009xpq.2, ENSP00000375051-uc001chn.2-uc001chp.2, ENSP00000378548-uc010apj.2-uc001xed.2, ENSP00000437271-uc001njs.2-uc001njp.2	0.598094509687	E
1	0.505397698629	1.65764	ENSP00000221347, ENSP00000233146-uc002rvy.1-uc010fbg.2, ENSP00000340062, ENSP00000430548-uc003yht.1-uc003yhu.1	0.603265609807	E
1	0.503392053292	1.65432	ENSP00000369319-uc002asq.2-uc002asr.2, ENSP00000378130-uc003hzr.3-uc003hzq.2, ENSP00000392105-uc010ppm.1-uc001gvo.2, ENSP00000440045-uc001tqk.3-uc009zvn.2	0.604476760828	E
1	0.497987726326	1.64541	ENSP00000337746-uc002njd.1-uc002njf.1, ENSP00000399402-uc003jnq.3-uc003jnp.3, ENSP00000434552, ENSP00000440495-uc010xim.1-uc002mbr.3	0.607752394211	E
1	0.49634141258	1.6427	ENSP00000282478, ENSP00000328236-uc001ucv.2-uc010taf.1, ENSP00000339016-uc001kez.1-uc010qmr.1, ENSP00000360577-uc001cup.3-uc010onl.1	0.608753769395	E
1	0.493132112598	1.63744	ENSP00000218089, ENSP00000321330-uc002qys.2-uc002qyt.2, ENSP00000347427-uc010vsl.1-uc010vsp.1, ENSP00000386935-uc010ncb.2-uc004cla.3	0.610710581175	E
1	0.493132112598	1.63744	ENSP00000322343-uc004apr.2-uc004apu.2, ENSP00000338777-uc002boq.3-uc002bos.3, ENSP00000354958-uc001fjm.2-uc009wql.2, ENSP00000380891	0.610710581175	E
1	0.493001328571	1.63722	ENSP00000246151-uc001bhq.2-uc010oeb.1, ENSP00000262189, ENSP00000312158-uc003nib.1-uc003nic.1, ENSP00000349428-uc002lpp.2-uc002lps.2	0.610790457587	E
1	0.492892447419	1.63704	ENSP00000245796-uc002tjc.2-uc002tjh.2, ENSP00000291358-uc001bum.2-uc010ogz.1, ENSP00000317272, ENSP00000369319-uc002asq.2-uc002asr.2	0.610856964776	E
1	0.490670250089	1.63341	ENSP00000358770-uc001kxo.1-uc001kxp.1, ENSP00000368102-uc001ilq.1-uc009xjb.1, ENSP00000376800-uc003vte.3-uc010lmv.2, ENSP00000385715-uc002rhx.2-uc002rhw.2	0.612215918865	E
1	0.486898888369	1.62726	ENSP00000320076-uc002jme.1-uc010wro.1, ENSP00000347665, ENSP00000462521-uc001enn.3-uc001enm.1, ENSP00000472749-uc010noz.2-uc004elo.3	0.61452916585	E
1	0.485846754751	1.62555	ENSP00000305721-uc003pjl.1-uc011dyu.1, ENSP00000310244-uc001zke.3-uc010bbg.2, ENSP00000330671, ENSP00000374359-uc003eiv.2-uc003eix.2	0.615176072901	E
1	0.485726798527	1.62536	ENSP00000260506-uc001dpw.2-uc010otl.1, ENSP00000261047-uc003dxj.2-uc003dxk.2, ENSP00000332595-uc003ttz.2-uc003tub.2, ENSP00000411409	0.615249871526	E
1	0.4841444819	1.62279	ENSP00000284878-uc002yki.2-uc002ykj.1, ENSP00000324960-uc001olo.2-uc001oln.2, ENSP00000351627-uc002ozp.3-uc002ozo.3, ENSP00000409493	0.616224162243	E
1	0.482582429684	1.62025	ENSP00000202556-uc001yof.1-uc010awv.1, ENSP00000252999, ENSP00000367263, ENSP00000383700	0.617187488748	E
1	0.482118334738	1.6195	ENSP00000218089, ENSP00000267836-uc001zwj.3-uc001zwh.3, ENSP00000412173-uc001bvh.3-uc010ohi.1, ENSP00000421552	0.617473988819	E
1	0.48186517363	1.61909	ENSP00000262304, ENSP00000347665, ENSP00000354040-uc001ift.2-uc010qad.1, ENSP00000367196-uc003zyz.2-uc003zyy.1	0.617630329006	E
1	0.481705141855	1.61883	ENSP00000255759-uc002dec.1-uc002ded.1, ENSP00000373390, ENSP00000412394, ENSP00000471039-uc004dlx.1-uc004dlw.1	0.617729177394	E
1	0.481322111188	1.61821	ENSP00000019103-uc002tma.2-uc002tlz.2, ENSP00000311997, ENSP00000349748-uc001bys.2-uc001byr.2, ENSP00000407487-uc002bqg.2-uc002bqi.2	0.617965831933	E
1	0.481322111188	1.61821	ENSP00000337008-uc001dnw.2-uc001dnx.2, ENSP00000340626, ENSP00000367868-uc001imo.3-uc001imn.2, ENSP00000393596	0.617965831933	E
1	0.480809020549	1.61738	ENSP00000260506-uc001dpw.2-uc010otl.1, ENSP00000335652, ENSP00000349748-uc001bys.2-uc001byr.2, ENSP00000407843-uc001skp.3-uc001skq.3	0.618282985773	E
1	0.47828544791	1.61331	ENSP00000207457-uc001bzr.2-uc001bzs.2, ENSP00000356210-uc003qph.2-uc003qpg.2, ENSP00000367064, ENSP00000417132-uc003ddx.2-uc010hmh.2	0.619845238199	E
1	0.477045646453	1.61131	ENSP00000271227-uc001dqv.3-uc010ott.1, ENSP00000295802-uc002spd.2-uc010fgf.2, ENSP00000324628-uc002kon.2-uc002koo.2, ENSP00000378548-uc010apj.2-uc001xed.2	0.62061419981	E
1	0.470902520357	1.60144	ENSP00000344666, ENSP00000357438-uc001ffx.2-uc001ffu.2, ENSP00000367030-uc001iop.2-uc001ior.2, ENSP00000399402-uc003jnq.3-uc003jnp.3	0.624438445482	E
1	0.469145417724	1.59863	ENSP00000261643-uc002gof.3-uc010vvt.1, ENSP00000300432-uc004bsu.2-uc011mao.1, ENSP00000356713-uc003qho.2-uc011edm.1, ENSP00000358770-uc001kxo.1-uc001kxp.1	0.625536612431	E
1	0.467181437613	1.59549	ENSP00000264266-uc003fcl.1-uc011box.1, ENSP00000336775-uc002bup.2-uc002buq.2, ENSP00000363894-uc004bci.2-uc004bcj.1, ENSP00000386844	0.626766361103	E
1	0.466629222554	1.59461	ENSP00000268489, ENSP00000295802-uc002spd.2-uc010fgf.2, ENSP00000367872-uc001aif.2-uc009vky.2, ENSP00000415793	0.627112566507	E
1	0.462870602057	1.58863	ENSP00000225576, ENSP00000264638-uc002iay.2-uc010wgs.1, ENSP00000317128-uc003emx.2-uc003emw.2, ENSP00000332256-uc002bwn.3-uc010bpb.2	0.62947407989	E
1	0.457023987619	1.57937	ENSP00000196482-uc002qsw.1-uc002qsx.1, ENSP00000262207-uc003yan.2-uc011lfl.1, ENSP00000305922-uc001czi.3-uc001czm.3, ENSP00000441202-uc001zcs.2-uc001zcr.2	0.633165151756	E
1	0.454916534099	1.57604	ENSP00000225576, ENSP00000281924-uc002ttx.2-uc002tty.2, ENSP00000354995-uc002zaq.2-uc002zao.2, ENSP00000381204-uc001pha.2-uc009yxc.2	0.63450092493	E
1	0.454739109374	1.57576	ENSP00000225576, ENSP00000238146-uc001ufi.2-uc001ufl.2, ENSP00000261844-uc002acg.3-uc002acf.3, ENSP00000393860-uc003xmi.3-uc011lce.1	0.634613511069	E
1	0.451479487367	1.57063	ENSP00000259608-uc003zxe.1-uc003zxf.1, ENSP00000262518, ENSP00000344214-uc001vna.2-uc010tij.1, ENSP00000434442-uc001ndt.2-uc010rhc.1	0.636685486329	E
1	0.449570225008	1.56764	ENSP00000263960-uc002uuh.1-uc010fsl.1, ENSP00000338235-uc003yhz.2-uc010mbf.2, ENSP00000362344-uc004bsg.1-uc004bsi.1, ENSP00000369677-uc002rii.3-uc002rik.3	0.637902247151	E
1	0.448551085703	1.56604	ENSP00000311579-uc003wss.2-uc011kww.1, ENSP00000441202-uc001zcs.2-uc001zcr.2, ENSP00000461672-uc002kal.1-uc002kai.1, ENSP00000471074-uc002xfh.2-uc002xfg.2	0.638552689794	E
1	0.445689802045	1.56157	ENSP00000219439-uc002fhk.2-uc010vnv.1, ENSP00000264501, ENSP00000310244-uc001zke.3-uc010bbg.2, ENSP00000453969-uc001zlh.3-uc010ucn.1	0.640382386562	E
1	0.441716796727	1.55538	ENSP00000227752-uc001prv.2-uc010rxn.1, ENSP00000363753-uc004bdn.2-uc010mtr.2, ENSP00000393596, ENSP00000429865	0.642931690034	E
1	0.441203780348	1.55458	ENSP00000301924-uc003xfl.1-uc010lup.1, ENSP00000318845-uc003axo.3-uc003axq.3, ENSP00000440926-uc003xfp.1-uc003xfq.1, ENSP00000469947-uc001qsl.2-uc009zfr.2	0.643261609141	E
1	0.432168596228	1.54059	ENSP00000261308-uc003jtv.3-uc011cqw.1, ENSP00000263634-uc002rxg.1-uc002rxf.1, ENSP00000305924-uc001ycs.1-uc001ycr.2, ENSP00000472749-uc010noz.2-uc004elo.3	0.649099931659	E
1	0.430536364159	1.53808	ENSP00000264501, ENSP00000359245, ENSP00000392264-uc010rre.1-uc009yth.2, ENSP00000459424-uc003udy.2-uc003uea.2	0.650160278514	E
1	0.42427187335	1.52848	ENSP00000256079-uc001rjd.2-uc001rje.1, ENSP00000263816, ENSP00000269217-uc002kus.3-uc002kut.3, ENSP00000411409	0.654245985679	E
1	0.423214296921	1.52686	ENSP00000292140-uc002own.3-uc010eit.2, ENSP00000354622-uc002ici.1-uc010whi.1, ENSP00000367064, ENSP00000376197-uc003fwa.3-uc011btr.1	0.654938266819	E
1	0.422872886269	1.52634	ENSP00000295797-uc003fgs.2-uc003fgt.2, ENSP00000345810-uc002wze.1-uc002wzj.1, ENSP00000350967-uc002kzk.1-uc002kzo.1, ENSP00000429865	0.655161907893	E
1	0.42268443222	1.52605	ENSP00000308018-uc003ziz.1-uc003zja.1, ENSP00000318775-uc003gro.2-uc003grp.2, ENSP00000369319-uc002asq.2-uc002asr.2, ENSP00000467437-uc002jwj.2-uc002jwl.2	0.655285387443	E
1	0.418971599692	1.5204	ENSP00000225576, ENSP00000265651-uc001muz.2-uc010rej.1, ENSP00000306920-uc003cfi.1-uc003cfj.1, ENSP00000462521-uc001enn.3-uc001enm.1	0.657722874535	E
1	0.418446609759	1.5196	ENSP00000253270-uc004awc.2-uc004awd.2, ENSP00000301011-uc002fky.2-uc002fkz.2, ENSP00000335560-uc009zpy.2-uc001spb.2, ENSP00000387982-uc002bkw.2-uc002bkx.2	0.658068263078	E
1	0.417540726957	1.51822	ENSP00000323973-uc003emn.2-uc003ems.2, ENSP00000349428-uc002lpp.2-uc002lps.2, ENSP00000376799-uc001pkh.2-uc010rvx.1, ENSP00000457354-uc002fhe.2-uc002fhd.2	0.658664665895	E
1	0.417438418813	1.51807	ENSP00000251241-uc002ixn.1-uc010wof.1, ENSP00000271588, ENSP00000339016-uc001kez.1-uc010qmr.1, ENSP00000374359-uc003eiv.2-uc003eix.2	0.658732056101	E
1	0.415782430943	1.51556	ENSP00000297029-uc003ssn.3-uc003sso.3, ENSP00000347665, ENSP00000361178-uc004eof.1-uc004eog.1, ENSP00000379353-uc001rfo.3-uc009zix.2	0.659823812113	E
1	0.414092113163	1.513	ENSP00000291565-uc002zdm.3-uc002zdq.3, ENSP00000368800-uc010cdu.2-uc002ept.2, ENSP00000384797, ENSP00000425006-uc003iwu.1-uc003iws.1	0.660940067182	E
1	0.412281536585	1.51026	ENSP00000245441-uc001wyi.2-uc001wyj.2, ENSP00000324960-uc001olo.2-uc001oln.2, ENSP00000352608, ENSP00000358335-uc003pnz.1-uc003pny.1	0.662137833783	E
1	0.411039326967	1.50838	ENSP00000292140-uc002own.3-uc010eit.2, ENSP00000305533-uc003hnt.2-uc003hnv.2, ENSP00000344666, ENSP00000352608	0.662960858848	E
1	0.410745326691	1.50794	ENSP00000222145-uc002pki.2-uc002pkh.2, ENSP00000265077, ENSP00000359830-uc001dhu.2-uc009wca.1, ENSP00000395653-uc002hbf.1-uc002hbg.1	0.663155798178	E
1	0.410739158561	1.50793	ENSP00000215919-uc003aks.2-uc003akr.2, ENSP00000307432-uc003dna.3-uc010hob.2, ENSP00000365388-uc001isv.2-uc010qdf.1, ENSP00000369274-uc004cyv.3-uc004cyu.3	0.663159888622	E
1	0.408026383019	1.50385	ENSP00000225576, ENSP00000248248-uc002fez.2-uc010vng.1, ENSP00000299952-uc002fau.2-uc010cge.2, ENSP00000415332-uc002uni.3-uc002unh.3	0.664961334904	E
1	0.406657173761	1.50179	ENSP00000244020-uc010zwg.1-uc002xki.2, ENSP00000266481-uc001rlf.2-uc010ski.1, ENSP00000351631-uc001pfn.2-uc001pfm.2, ENSP00000376362-uc001tui.1-uc001tuh.2	0.665872429717	E
1	0.406007232281	1.50081	ENSP00000261798-uc003lqy.1-uc003lqu.2, ENSP00000266022-uc003cyc.2-uc011bdi.1, ENSP00000378736-uc003tus.2-uc003tuu.2, ENSP00000441202-uc001zcs.2-uc001zcr.2	0.6663053485	E
1	0.405214220928	1.49962	ENSP00000262144-uc002fdh.1-uc002fdf.1, ENSP00000312158-uc003nib.1-uc003nic.1, ENSP00000320485, ENSP00000340626	0.66683394577	E
1	0.404173126132	1.49806	ENSP00000251582-uc003mjw.2-uc011dgm.1, ENSP00000347586-uc003ltq.2-uc011dcq.1, ENSP00000354897, ENSP00000400065-uc003afi.2-uc011ako.1	0.667528544629	E
1	0.401933186886	1.49471	ENSP00000266481-uc001rlf.2-uc010ski.1, ENSP00000296350-uc003fxk.3-uc003fxl.3, ENSP00000367030-uc001iop.2-uc001ior.2, ENSP00000435299-uc001lrv.2-uc001lrw.2	0.669025443871	E
1	0.397568423757	1.4882	ENSP00000310244-uc001zke.3-uc010bbg.2, ENSP00000315768-uc001slc.2-uc001slb.2, ENSP00000415793, ENSP00000421552	0.671951963597	E
1	0.396031374614	1.48592	ENSP00000316054-uc003fms.2-uc003fmu.2, ENSP00000330237-uc001awn.2-uc001awo.2, ENSP00000415793, ENSP00000445943	0.672985580944	E
1	0.393848395728	1.48268	ENSP00000279804-uc002dzw.2-uc002dzx.2, ENSP00000318775-uc003gro.2-uc003grp.2, ENSP00000382213, ENSP00000395653-uc002hbf.1-uc002hbg.1	0.674456298946	E
1	0.389877256385	1.4768	ENSP00000265077, ENSP00000340626, ENSP00000358335-uc003pnz.1-uc003pny.1, ENSP00000415436-uc001rrx.2-uc001rru.2	0.677139984007	E
1	0.385515952639	1.47037	ENSP00000307432-uc003dna.3-uc010hob.2, ENSP00000338235-uc003yhz.2-uc010mbf.2, ENSP00000374455-uc003mkw.3-uc003mkv.3, ENSP00000376250-uc003fsv.2-uc003fsw.2	0.680099646458	E
1	0.383505080363	1.46742	ENSP00000275227-uc003qdw.1-uc010kgd.1, ENSP00000354529, ENSP00000379006-uc002ape.3-uc010ujb.1, ENSP00000380860	0.681468615932	E
1	0.382083327248	1.46533	ENSP00000313953-uc002rom.2-uc002ron.2, ENSP00000335560-uc009zpy.2-uc001spb.2, ENSP00000415034-uc003cqp.2-uc010hjo.1, ENSP00000429865	0.68243818514	E
1	0.380159935368	1.46252	ENSP00000019103-uc002tma.2-uc002tlz.2, ENSP00000340062, ENSP00000356607-uc001glz.2-uc010pnb.1, ENSP00000360187	0.683752044332	E
1	0.378837678983	1.46059	ENSP00000284548, ENSP00000361818-uc002xnu.2-uc010zws.1, ENSP00000377643-uc002hun.1-uc002huk.1, ENSP00000419851-uc003faq.2-uc011bom.1	0.684656737825	E
1	0.378132085365	1.45956	ENSP00000261413-uc003kbz.3-uc011csd.1, ENSP00000335652, ENSP00000415793, ENSP00000440926-uc003xfp.1-uc003xfq.1	0.685139997722	E
1	0.376222998655	1.45677	ENSP00000255759-uc002dec.1-uc002ded.1, ENSP00000285381-uc003ydj.2-uc011lfv.1, ENSP00000318115-uc002olu.1-uc002olt.1, ENSP00000370839-uc003gzj.2-uc011bzp.1	0.686449238716	E
1	0.375553373466	1.4558	ENSP00000253490-uc003mdk.2-uc010jjy.1, ENSP00000369519-uc003zph.2-uc011lnl.1, ENSP00000384797, ENSP00000440926-uc003xfp.1-uc003xfq.1	0.686909056352	E
1	0.374133626386	1.45373	ENSP00000382034-uc003obw.2-uc010juc.1, ENSP00000386759, ENSP00000417132-uc003ddx.2-uc010hmh.2, ENSP00000465500-uc002lin.2-uc010dpv.2	0.687884986102	E
1	0.373825016009	1.45328	ENSP00000324628-uc002kon.2-uc002koo.2, ENSP00000340467-uc001wlj.2-uc001wlk.2, ENSP00000356607-uc001glz.2-uc010pnb.1, ENSP00000471156-uc004eau.2-uc011mqe.1	0.688097307308	E
1	0.373354858323	1.4526	ENSP00000257548-uc010sxi.1-uc001tnw.3, ENSP00000305483-uc001ifc.1-uc001ifd.1, ENSP00000363558-uc010qfc.1-uc010qfd.1, ENSP00000367868-uc001imo.3-uc001imn.2	0.688420897609	E
1	0.371504232767	1.44991	ENSP00000312158-uc003nib.1-uc003nic.1, ENSP00000347667, ENSP00000382809-uc002yng.2-uc010glp.2, ENSP00000405424-uc011lht.1-uc003yml.2	0.6896960865	E
1	0.371355077417	1.4497	ENSP00000301011-uc002fky.2-uc002fkz.2, ENSP00000307275-uc001fjs.2-uc001fjr.2, ENSP00000360373-uc004esv.2-uc010nqq.2, ENSP00000441202-uc001zcs.2-uc001zcr.2	0.689798966033	E
1	0.370745935835	1.44881	ENSP00000321330-uc002qys.2-uc002qyt.2, ENSP00000353114, ENSP00000381293-uc002iku.2-uc010wkf.1, ENSP00000421552	0.690219279269	E
1	0.36993649707	1.44764	ENSP00000225576, ENSP00000317382-uc001pdn.2-uc001pdm.2, ENSP00000353375-uc003csb.2-uc003crw.2, ENSP00000358605-uc001kzc.3-uc001kzb.2	0.690778195684	E
1	0.369698431732	1.4473	ENSP00000264501, ENSP00000342222-uc002gpy.2-uc002gpz.2, ENSP00000355428-uc001iew.1-uc010pzq.1, ENSP00000412394	0.690942665605	E
1	0.368311687907	1.44529	ENSP00000296350-uc003fxk.3-uc003fxl.3, ENSP00000354897, ENSP00000368102-uc001ilq.1-uc009xjb.1, ENSP00000376250-uc003fsv.2-uc003fsw.2	0.691901490749	E
1	0.365842467282	1.44173	ENSP00000391524-uc011arv.1-uc011aru.1, ENSP00000404602-uc003soy.1-uc011jwj.1, ENSP00000420793-uc002scl.2-uc010ypx.1, ENSP00000472749-uc010noz.2-uc004elo.3	0.693612059197	E
1	0.363206549212	1.43793	ENSP00000261881-uc002apr.2-uc010ujn.1, ENSP00000296051-uc003ewu.1-uc011bnq.1, ENSP00000354897, ENSP00000365200-uc001vpo.2-uc001vpp.2	0.695442775506	E
1	0.359328582412	1.43237	ENSP00000297990-uc003zsz.2-uc003zsy.2, ENSP00000317902-uc001pfp.1-uc001pfr.1, ENSP00000342263-uc003cbm.2-uc003cbl.3, ENSP00000365200-uc001vpo.2-uc001vpp.2	0.698144915519	E
1	0.358530764589	1.43123	ENSP00000261643-uc002gof.3-uc010vvt.1, ENSP00000364001-uc001iwx.3-uc001iwv.3, ENSP00000381031-uc003aet.2-uc003aey.2, ENSP00000464052	0.698702130224	E
1	0.357710874718	1.43005	ENSP00000225576, ENSP00000275954-uc004ddh.2-uc010ngs.2, ENSP00000286627-uc001jxm.2-uc001jxs.3, ENSP00000357438-uc001ffx.2-uc001ffu.2	0.699275223928	E
1	0.35635296936	1.42811	ENSP00000290341-uc002iom.2-uc010dbj.2, ENSP00000314132-uc002wbq.2-uc002wbr.2, ENSP00000355050-uc010zvw.1-uc002xhj.2, ENSP00000429865	0.700225418492	E
1	0.351726718738	1.42152	ENSP00000326514-uc003hbf.1-uc003hbg.1, ENSP00000344214-uc001vna.2-uc010tij.1, ENSP00000348429-uc001kzu.2-uc010qrj.1, ENSP00000464052	0.703472341519	E
1	0.351506319675	1.42121	ENSP00000225576, ENSP00000419098-uc004cdd.2-uc004cdc.2, ENSP00000433388-uc003dcn.2-uc010hly.2, ENSP00000448012-uc001tar.2-uc001taq.2	0.703627403251	E
1	0.348208371292	1.41653	ENSP00000269554-uc002hqs.2-uc010cvp.2, ENSP00000328236-uc001ucv.2-uc010taf.1, ENSP00000346532-uc002orx.2-uc002ose.2, ENSP00000391524-uc011arv.1-uc011aru.1	0.705951760807	E
1	0.347410246177	1.4154	ENSP00000219070-uc002ehz.3-uc002eia.3, ENSP00000286096-uc002doh.2-uc010bxw.2, ENSP00000352282-uc001www.2-uc010tqg.1, ENSP00000367868-uc001imo.3-uc001imn.2	0.706515423544	E
1	0.344316412034	1.41103	ENSP00000257966-uc001spn.2-uc010srx.1, ENSP00000347942-uc001jal.2-uc010qez.1, ENSP00000354529, ENSP00000354560-uc001ggv.2-uc010plx.1	0.708704649889	E
1	0.342652984896	1.40868	ENSP00000256339-uc001ybs.1-uc001ybv.1, ENSP00000281416-uc002urz.2-uc010zge.1, ENSP00000376799-uc001pkh.2-uc010rvx.1, ENSP00000415793	0.70988450947	E
1	0.342328892244	1.40822	ENSP00000318115-uc002olu.1-uc002olt.1, ENSP00000362344-uc004bsg.1-uc004bsi.1, ENSP00000471074-uc002xfh.2-uc002xfg.2, ENSP00000473196-uc004fip.2-uc004fio.2	0.710114615109	E
1	0.340922312687	1.40624	ENSP00000264381-uc003fem.3-uc003fen.3, ENSP00000359050-uc009xwy.1-uc009xwx.1, ENSP00000418754-uc011dve.1-uc010jyj.1, ENSP00000429865	0.711114150608	E
1	0.340425068184	1.40554	ENSP00000281405-uc002rdj.2-uc002rdh.2, ENSP00000300249-uc002kyg.2-uc010xcd.1, ENSP00000361625-uc004bxc.2-uc004bxf.2, ENSP00000435697-uc003yyv.2-uc011lki.1	0.711467836137	E
1	0.340007882463	1.40496	ENSP00000261308-uc003jtv.3-uc011cqw.1, ENSP00000262518, ENSP00000298281, ENSP00000358605-uc001kzc.3-uc001kzb.2	0.711764712282	E
1	0.337337820267	1.40121	ENSP00000291358-uc001bum.2-uc010ogz.1, ENSP00000339314-uc002zxs.2-uc002zxr.1, ENSP00000340626, ENSP00000407843-uc001skp.3-uc001skq.3	0.71366770776	E
1	0.335415600028	1.39852	ENSP00000281416-uc002urz.2-uc010zge.1, ENSP00000299853-uc002dkk.2-uc010vbt.1, ENSP00000359245, ENSP00000386759	0.715040853593	E
1	0.33359480173	1.39598	ENSP00000005178-uc003uoa.2-uc003unz.2, ENSP00000327214-uc001baa.2-uc001azz.1, ENSP00000347667, ENSP00000373390	0.716343984772	E
1	0.332943127835	1.39507	ENSP00000284548, ENSP00000338457-uc003acl.2-uc003ach.2, ENSP00000426968-uc010iqc.2-uc003ioz.2, ENSP00000467207-uc002lxy.2-uc010dtl.1	0.716810959588	E
1	0.327305144746	1.38722	ENSP00000399501, ENSP00000420721, ENSP00000467075-uc010xdd.1-uc002lcy.2, ENSP00000470203-uc004fjs.1-uc010nur.2	0.720863741679	E
1	0.326813586381	1.38654	ENSP00000327179-uc002ews.3-uc010cfi.2, ENSP00000355183, ENSP00000386722-uc009ytl.2-uc001oth.3, ENSP00000412394	0.721218175387	E
1	0.323361371776	1.38176	ENSP00000263816, ENSP00000281416-uc002urz.2-uc010zge.1, ENSP00000367227-uc003zyo.2-uc003zyn.2, ENSP00000384797	0.723712277916	E
1	0.319698766344	1.37671	ENSP00000261819-uc001uag.2-uc010szv.1, ENSP00000318115-uc002olu.1-uc002olt.1, ENSP00000355183, ENSP00000386725-uc002uny.2-uc002unw.2	0.726367810552	E
1	0.319628211202	1.37662	ENSP00000301924-uc003xfl.1-uc010lup.1, ENSP00000379353-uc001rfo.3-uc009zix.2, ENSP00000384797, ENSP00000465500-uc002lin.2-uc010dpv.2	0.726419061344	E
1	0.319628211202	1.37662	ENSP00000322242-uc001typ.3-uc001tyq.3, ENSP00000354966-uc002xuv.1-uc010gid.2, ENSP00000374359-uc003eiv.2-uc003eix.2, ENSP00000377756-uc010hoy.2-uc003drw.2	0.726419061344	E
1	0.318790510464	1.37546	ENSP00000291358-uc001bum.2-uc010ogz.1, ENSP00000356554-uc003qjr.3-uc010khh.2, ENSP00000374359-uc003eiv.2-uc003eix.2, ENSP00000376930-uc003emz.3-uc011blc.1	0.727027838079	E
1	0.318111683642	1.37453	ENSP00000246957-uc002cvt.3-uc010uxf.1, ENSP00000263440-uc010oow.1-uc001daz.2, ENSP00000344772-uc001apy.2-uc001apz.2, ENSP00000354897	0.727521531623	E
1	0.317301144948	1.37342	ENSP00000253363-uc002xeb.2-uc002xea.2, ENSP00000264501, ENSP00000329002-uc001fes.2-uc009wov.2, ENSP00000355809-uc001hpc.1-uc001hpd.1	0.72811145502	E
1	0.315911455562	1.37151	ENSP00000296350-uc003fxk.3-uc003fxl.3, ENSP00000298317-uc001qde.2-uc010sbl.1, ENSP00000401514, ENSP00000408576-uc003cop.1-uc010hit.1	0.729124007185	E
1	0.311934624904	1.36607	ENSP00000253270-uc004awc.2-uc004awd.2, ENSP00000287675-uc003cih.2-uc011ayq.1, ENSP00000312734-uc002alz.2-uc010uih.1, ENSP00000441202-uc001zcs.2-uc001zcr.2	0.732029383155	E
1	0.309263197992	1.36242	ENSP00000284548, ENSP00000367030-uc001iop.2-uc001ior.2, ENSP00000411409-uc002cof.1-uc002coe.1, ENSP00000473060-uc004fel.2-uc004fek.2	0.733987560549	E
1	0.309224784636	1.36237	ENSP00000219689-uc002dll.2-uc002dlk.2, ENSP00000293230-uc002jru.1-uc002jrv.1, ENSP00000408342-uc002mkd.2-uc002mkc.2, ENSP00000426968-uc010iqc.2-uc003ioz.2	0.734015756016	E
1	0.309224784636	1.36237	ENSP00000300432-uc004bsu.2-uc011mao.1, ENSP00000337008-uc001dnw.2-uc001dnx.2, ENSP00000342148-uc001dwn.2-uc009weu.2, ENSP00000351042-uc002nqi.2-uc002nqh.2	0.734015756016	E
1	0.307391195162	1.35987	ENSP00000286627-uc001jxm.2-uc001jxs.3, ENSP00000318775-uc003gro.2-uc003grp.2, ENSP00000339016-uc001kez.1-uc010qmr.1, ENSP00000384164-uc010gci.1-uc002wpg.1	0.735362874233	E
1	0.307364873739	1.35984	ENSP00000203001-uc002wmh.1-uc010zra.1, ENSP00000261047-uc003dxj.2-uc003dxk.2, ENSP00000340062, ENSP00000357448-uc001ffr.2-uc010pep.1	0.735382230286	E
1	0.306985049728	1.35932	ENSP00000249075-uc003agz.2-uc011aks.1, ENSP00000317272, ENSP00000377643-uc002hun.1-uc002huk.1, ENSP00000378056-uc002blh.2-uc002bll.2	0.735661599166	E
1	0.306342427548	1.35845	ENSP00000301067, ENSP00000346643-uc001jpf.3-uc009xqb.2, ENSP00000365637-uc001iru.3-uc001isa.1, ENSP00000442421-uc002juf.2-uc002jud.2	0.73613450356	E
1	0.305604846613	1.35745	ENSP00000272638-uc002tur.2-uc002tut.2, ENSP00000297440-uc010krz.1-uc003sjb.2, ENSP00000318845-uc003axo.3-uc003axq.3, ENSP00000467207-uc002lxy.2-uc010dtl.1	0.736677662622	E
1	0.304063142643	1.35535	ENSP00000253363-uc002xeb.2-uc002xea.2, ENSP00000384797, ENSP00000386996-uc002vtb.1-uc002vta.2, ENSP00000470141-uc004dmb.3-uc004dmc.3	0.737814277436	E
1	0.30374996394	1.35493	ENSP00000343027-uc003uhb.1-uc011kgt.1, ENSP00000379154-uc001jap.1-uc001jao.1, ENSP00000394966-uc001cbh.1-uc001cbf.1, ENSP00000467075-uc010xdd.1-uc002lcy.2	0.738045381341	E
1	0.30374996394	1.35493	ENSP00000265077, ENSP00000347667, ENSP00000385030-uc002rgu.2-uc010ykr.1, ENSP00000421741-uc003gde.3-uc010ibv.2	0.738045381341	E
1	0.30374996394	1.35493	ENSP00000315873, ENSP00000367815-uc002fhl.3-uc010vnw.1, ENSP00000369887-uc002afp.2-uc002afn.2, ENSP00000471656-uc001qsi.2-uc010sfw.1	0.738045381341	E
1	0.301961817379	1.35251	ENSP00000317272, ENSP00000343002-uc010aaz.2-uc001uto.3, ENSP00000367868-uc001imo.3-uc001imn.2, ENSP00000455933-uc010vnx.1-uc010voa.1	0.739366295294	E
1	0.301613194117	1.35204	ENSP00000252699-uc002oja.1-uc002ojb.1, ENSP00000284878-uc002yki.2-uc002ykj.1, ENSP00000330671, ENSP00000358635-uc003pla.2-uc003pkz.2	0.739624100519	E
1	0.300244782425	1.35019	ENSP00000322242-uc001typ.3-uc001tyq.3, ENSP00000354560-uc001ggv.2-uc010plx.1, ENSP00000356940-uc003qdf.2-uc003qde.2, ENSP00000382034-uc003obw.2-uc010juc.1	0.740636903593	E
1	0.300097446296	1.34999	ENSP00000305533-uc003hnt.2-uc003hnv.2, ENSP00000374359-uc003eiv.2-uc003eix.2, ENSP00000426968-uc010iqc.2-uc003ioz.2, ENSP00000432787-uc003pzz.1-uc003pzw.1	0.740746034207	E
1	0.30006708188	1.34995	ENSP00000271227-uc001dqv.3-uc010ott.1, ENSP00000345789-uc002lrz.2-uc002lsd.2, ENSP00000359245, ENSP00000360202	0.74076852687	E
1	0.299196532666	1.34877	ENSP00000318845-uc003axo.3-uc003axq.3, ENSP00000361245-uc009vxk.2-uc001cmx.3, ENSP00000366506-uc003mdc.3-uc003mdd.2, ENSP00000381204-uc001pha.2-uc009yxc.2	0.741413683108	E
1	0.296019880422	1.3445	ENSP00000225576, ENSP00000265846-uc003sjo.3-uc003sjm.3, ENSP00000281405-uc002rdj.2-uc002rdh.2, ENSP00000354086-uc001cxa.3-uc001cxc.3	0.743772641359	E
1	0.294795757104	1.34285	ENSP00000346246-uc002ppo.2-uc010enk.2, ENSP00000354897, ENSP00000358770-uc001kxo.1-uc001kxp.1, ENSP00000393596	0.744683668283	E
1	0.291407636738	1.33831	ENSP00000318318-uc002azc.1-uc010ulx.1, ENSP00000343129-uc001pwz.2-uc001pwy.2, ENSP00000355183, ENSP00000367030-uc001iop.2-uc001ior.2	0.747211025264	E
1	0.290961446634	1.33771	ENSP00000248846-uc003bkb.1-uc010has.1, ENSP00000299575-uc002ffz.1-uc010vnn.1, ENSP00000360199, ENSP00000470710-uc011myk.1-uc004fgx.2	0.747544497819	E
1	0.288784928438	1.3348	ENSP00000262294-uc002iwz.3-uc010woc.1, ENSP00000262304, ENSP00000366395-uc001odb.2-uc009yqc.2, ENSP00000441202-uc001zcs.2-uc001zcr.2	0.749173313952	E
1	0.287583066032	1.3332	ENSP00000265594-uc003fle.2-uc003flf.2, ENSP00000318775-uc003gro.2-uc003grp.2, ENSP00000358770-uc001kxo.1-uc001kxp.1, ENSP00000362656-uc004bpc.2-uc010mws.2	0.750074258491	E
1	0.286152366122	1.3313	ENSP00000262982-uc002xty.2-uc010ghy.2, ENSP00000333667-uc001snf.1-uc010srj.1, ENSP00000334153-uc003cay.2-uc010hes.2, ENSP00000367064	0.751148157695	E
1	0.284930639919	1.32967	ENSP00000318115-uc002olu.1-uc002olt.1, ENSP00000354529, ENSP00000387258-uc002tcd.3-uc010ywe.1, ENSP00000413272-uc003epr.2-uc003epq.2	0.752066415898	E
1	0.281707823058	1.32539	ENSP00000264266-uc003fcl.1-uc011box.1, ENSP00000319255-uc001pdg.2-uc009yvz.2, ENSP00000358335-uc003pnz.1-uc003pny.1, ENSP00000360199	0.75449409811	E
1	0.281243791017	1.32478	ENSP00000234256-uc010yqa.1-uc010ypz.1, ENSP00000284878-uc002yki.2-uc002ykj.1, ENSP00000344772-uc001apy.2-uc001apz.2, ENSP00000441045-uc003gkw.3-uc003gky.2	0.75484428879	E
1	0.280227660841	1.32343	ENSP00000284548, ENSP00000342263-uc003cbm.2-uc003cbl.3, ENSP00000356554-uc003qjr.3-uc010khh.2, ENSP00000386626-uc002tzd.3-uc010zch.1	0.755611698678	E
1	0.278959449555	1.32175	ENSP00000257527-uc003lwz.2-uc003lwy.2, ENSP00000305483-uc001ifc.1-uc001ifd.1, ENSP00000379154-uc001jap.1-uc001jao.1, ENSP00000415889-uc003wut.1-uc011kxl.1	0.756570581867	E
1	0.278010169933	1.3205	ENSP00000296799-uc011csr.1-uc003kcz.3, ENSP00000360186, ENSP00000361178-uc004eof.1-uc004eog.1, ENSP00000445044-uc001nbw.1-uc001nby.1	0.757289119896	E
1	0.277613697962	1.31998	ENSP00000336630-uc003aab.2-uc011ajs.1, ENSP00000355330-uc002xhr.2-uc010zvx.1, ENSP00000355973-uc001hif.2-uc009xcz.2, ENSP00000378548-uc010apj.2-uc001xed.2	0.757589423332	E
1	0.274165077214	1.31543	ENSP00000292616-uc003uzn.2-uc003uzo.2, ENSP00000303153-uc003yvd.2-uc011ljo.1, ENSP00000304669-uc003ldh.2-uc003ldl.2, ENSP00000402515	0.760206572119	E
1	0.273747415868	1.31488	ENSP00000291358-uc001bum.2-uc010ogz.1, ENSP00000304592-uc002kdu.2-uc002kdv.1, ENSP00000349629, ENSP00000353292-uc001qnw.2-uc001qnv.2	0.760524147335	E
1	0.272649879675	1.31344	ENSP00000215919-uc003aks.2-uc003akr.2, ENSP00000352798, ENSP00000356574-uc001gnz.2-uc001goc.2, ENSP00000358335-uc003pnz.1-uc003pny.1	0.761359308338	E
1	0.271975228731	1.31255	ENSP00000305924-uc001ycs.1-uc001ycr.2, ENSP00000318131-uc002peq.3-uc002per.3, ENSP00000350967-uc002kzk.1-uc002kzo.1, ENSP00000360202	0.761873133421	E
1	0.270882047821	1.31112	ENSP00000327589, ENSP00000357841-uc001eym.2-uc010pdg.1, ENSP00000362082-uc003orn.2-uc011duk.1, ENSP00000367227-uc003zyo.2-uc003zyn.2	0.762706453988	E
1	0.268897567636	1.30852	ENSP00000303423-uc003xps.2-uc003xpu.2, ENSP00000318845-uc003axo.3-uc003axq.3, ENSP00000343273-uc003svs.3-uc011jyv.1, ENSP00000470965-uc002tmb.2-uc010yyq.1	0.764221532657	E
1	0.268693645421	1.30825	ENSP00000258962-uc002ivi.2-uc002ivj.2, ENSP00000320663-uc002rsi.2-uc010ynv.1, ENSP00000360186, ENSP00000445943	0.764377390296	E
1	0.268042911026	1.3074	ENSP00000301067, ENSP00000360373-uc004esv.2-uc010nqq.2, ENSP00000374035-uc002iga.2-uc010wiv.1, ENSP00000395653-uc002hbf.1-uc002hbg.1	0.764874958829	E
1	0.266459857353	1.30534	ENSP00000246062-uc002wnu.1-uc010zrd.1, ENSP00000419851-uc003faq.2-uc011bom.1, ENSP00000429865, ENSP00000460334-uc002qdo.2-uc002qdn.2	0.766086755859	E
1	0.265599315205	1.30421	ENSP00000337358-uc002zmf.2-uc002zme.2, ENSP00000362082-uc003orn.2-uc011duk.1, ENSP00000430548-uc003yht.1-uc003yhu.1, ENSP00000457354-uc002fhe.2-uc002fhd.2	0.766746289539	E
1	0.261373667637	1.29871	ENSP00000320485, ENSP00000347532-uc009xyw.2-uc001lcy.3, ENSP00000347665, ENSP00000401980-uc002wjw.3-uc002wjy.3	0.769993144333	E
1	0.257587417603	1.2938	ENSP00000319255-uc001pdg.2-uc009yvz.2, ENSP00000363894-uc004bci.2-uc004bcj.1, ENSP00000367815-uc002fhl.3-uc010vnw.1, ENSP00000381785-uc004bga.1-uc011lwv.1	0.772914057066	E
1	0.257255702093	1.29338	ENSP00000265077, ENSP00000301011-uc002fky.2-uc002fkz.2, ENSP00000349174-uc003hwc.2-uc003hwa.1, ENSP00000385715-uc002rhx.2-uc002rhw.2	0.773170487175	E
1	0.254680008468	1.29005	ENSP00000219478-uc002cxp.1-uc002cxo.1, ENSP00000264670-uc003jdu.2-uc003jds.2, ENSP00000368800-uc010cdu.2-uc002ept.2, ENSP00000420721	0.775164504356	E
1	0.254006396973	1.28918	ENSP00000347532-uc009xyw.2-uc001lcy.3, ENSP00000364101-uc004duh.1-uc004dui.3, ENSP00000399584-uc004csx.3-uc010ndt.2, ENSP00000408342-uc002mkd.2-uc002mkc.2	0.775686839983	E
1	0.252419120403	1.28714	ENSP00000231338-uc003jin.2-uc003jio.2, ENSP00000402301-uc003yia.2-uc010mbg.2, ENSP00000406229, ENSP00000440978-uc010swq.1-uc010swp.1	0.776919047197	E
1	0.249980958104	1.284	ENSP00000263816, ENSP00000299853-uc002dkk.2-uc010vbt.1, ENSP00000390222-uc001vla.2-uc001vkx.2, ENSP00000417601-uc003cfp.2-uc011axp.1	0.778815613056	E
1	0.249726683596	1.28367	ENSP00000318557-uc002euz.2-uc010vkh.1, ENSP00000368884-uc004czu.2-uc011mjk.1, ENSP00000376799-uc001pkh.2-uc010rvx.1, ENSP00000379931-uc003ccg.2-uc010hfc.2	0.779013671192	E
1	0.249276268612	1.2831	ENSP00000262518, ENSP00000308018-uc003ziz.1-uc003zja.1, ENSP00000380891, ENSP00000423228-uc003jlg.1-uc003jlb.1	0.779364629655	E
1	0.249180070149	1.28297	ENSP00000327589, ENSP00000340062, ENSP00000386797-uc002tob.1-uc002toa.1, ENSP00000419126-uc001lgw.2-uc001lgx.2	0.779439606941	E
1	0.24839798267	1.28197	ENSP00000257287-uc003hbi.2-uc003hbj.2, ENSP00000264400-uc003hmi.1-uc010ijq.1, ENSP00000374359-uc003eiv.2-uc003eix.2, ENSP00000391524-uc011arv.1-uc011aru.1	0.780049435337	E
1	0.24805546559	1.28153	ENSP00000225576, ENSP00000361245-uc009vxk.2-uc001cmx.3, ENSP00000394966-uc001cbh.1-uc001cbf.1, ENSP00000440045-uc001tqk.3-uc009zvn.2	0.780316661354	E
1	0.246604849626	1.27967	ENSP00000279804-uc002dzw.2-uc002dzx.2, ENSP00000354571-uc001ora.2-uc001orb.2, ENSP00000356554-uc003qjr.3-uc010khh.2, ENSP00000377374-uc003mbw.3-uc011dfa.1	0.781449422562	E
1	0.245935738531	1.27882	ENSP00000290810-uc002eqf.2-uc002eqg.2, ENSP00000351138-uc004bxa.2-uc004bxb.2, ENSP00000363506-uc002xcd.2-uc010zuz.1, ENSP00000464052	0.781972474011	E
1	0.245917078619	1.27879	ENSP00000339016-uc001kez.1-uc010qmr.1, ENSP00000360577-uc001cup.3-uc010onl.1, ENSP00000386406-uc002sky.2-uc002skt.1, ENSP00000458302-uc003uae.1-uc003uaf.1	0.781987065685	E
1	0.243219228211	1.27535	ENSP00000338457-uc003acl.2-uc003ach.2, ENSP00000354957-uc004ahr.2-uc011lry.1, ENSP00000428924-uc003xsk.3-uc003xsl.3, ENSP00000441202-uc001zcs.2-uc001zcr.2	0.784099598176	E
1	0.24317964751	1.2753	ENSP00000263440-uc010oow.1-uc001daz.2, ENSP00000288988-uc002rnr.2-uc002rnq.2, ENSP00000352798, ENSP00000392105-uc010ppm.1-uc001gvo.2	0.784130634002	E
1	0.242931792754	1.27498	ENSP00000304669-uc003ldh.2-uc003ldl.2, ENSP00000323811-uc003caf.2-uc010hep.2, ENSP00000324628-uc002kon.2-uc002koo.2, ENSP00000402515	0.784325008596	E
1	0.239888734026	1.27111	ENSP00000260382-uc002asw.2-uc002asz.2, ENSP00000347586-uc003ltq.2-uc011dcq.1, ENSP00000354529, ENSP00000435299-uc001lrv.2-uc001lrw.2	0.786715390851	E
1	0.239888734026	1.27111	ENSP00000217909-uc004erd.2-uc011mtt.1, ENSP00000268489, ENSP00000362590-uc003onn.2-uc003onp.2, ENSP00000398401-uc003umc.2-uc003umd.2	0.786715390851	E
1	0.237161554321	1.26765	ENSP00000306920-uc003cfi.1-uc003cfj.1, ENSP00000351627-uc002ozp.3-uc002ozo.3, ENSP00000429286-uc003xun.2-uc003xum.2, ENSP00000445044-uc001nbw.1-uc001nby.1	0.788863833362	E
1	0.236404545897	1.26669	ENSP00000387982-uc002bkw.2-uc002bkx.2, ENSP00000395653-uc002hbf.1-uc002hbg.1, ENSP00000470710-uc011myk.1-uc004fgx.2, ENSP00000472749-uc010noz.2-uc004elo.3	0.789461236019	E
1	0.235702720487	1.2658	ENSP00000193322-uc003psd.2-uc003pse.1, ENSP00000321636-uc002gsx.1-uc010cpz.1, ENSP00000374185-uc010ydh.1-uc002pyl.1, ENSP00000384164-uc010gci.1-uc002wpg.1	0.790015494449	E
1	0.234960943005	1.26486	ENSP00000322343-uc004apr.2-uc004apu.2, ENSP00000349708-uc001byh.2-uc010oht.1, ENSP00000354897, ENSP00000358813-uc003pjc.2-uc003pjb.3	0.790601727554	E
1	0.234545122617	1.26433	ENSP00000297044-uc003spt.2-uc011jws.1, ENSP00000367868-uc001imo.3-uc001imn.2, ENSP00000435299-uc001lrv.2-uc001lrw.2, ENSP00000470710-uc011myk.1-uc004fgx.2	0.79093054423	E
1	0.233966688258	1.2636	ENSP00000303153-uc003yvd.2-uc011ljo.1, ENSP00000356155-uc001haw.2-uc010pqv.1, ENSP00000365851-uc001irh.2-uc009xkg.2, ENSP00000367064	0.791388177976	E
1	0.23377797822	1.26336	ENSP00000264400-uc003hmi.1-uc010ijq.1, ENSP00000295119-uc002upf.2-uc010zfs.1, ENSP00000324882-uc003vko.2-uc011kny.1, ENSP00000441202-uc001zcs.2-uc001zcr.2	0.79153753496	E
1	0.233545798657	1.26307	ENSP00000259608-uc003zxe.1-uc003zxf.1, ENSP00000267484-uc001xen.1-uc001xek.1, ENSP00000324944-uc003ncx.1-uc011dji.1, ENSP00000429286-uc003xun.2-uc003xum.2	0.791721335136	E
1	0.229753161705	1.25829	ENSP00000238714-uc002sai.2-uc010fch.2, ENSP00000260803-uc003erv.2-uc003ert.2, ENSP00000351627-uc002ozp.3-uc002ozo.3, ENSP00000364101-uc004duh.1-uc004dui.3	0.794729748031	E
1	0.229351842425	1.25778	ENSP00000261047-uc003dxj.2-uc003dxk.2, ENSP00000354897, ENSP00000359233-uc001dqn.3-uc009wdr.2, ENSP00000378438-uc002azq.3-uc002azr.3	0.795048752407	E
1	0.228849942511	1.25715	ENSP00000221347, ENSP00000269701-uc002nav.2-uc010dzy.2, ENSP00000358770-uc001kxo.1-uc001kxp.1, ENSP00000400065-uc003afi.2-uc011ako.1	0.795447887462	E
1	0.227898868056	1.25596	ENSP00000225576, ENSP00000234256-uc010yqa.1-uc010ypz.1, ENSP00000355623-uc001hub.2-uc009xfh.1, ENSP00000409493	0.796204777501	E
1	0.226758831551	1.25453	ENSP00000251582-uc003mjw.2-uc011dgm.1, ENSP00000362136-uc001cby.2-uc001cbz.2, ENSP00000365388-uc001isv.2-uc010qdf.1, ENSP00000421552	0.797112997617	E
1	0.226158381336	1.25377	ENSP00000242209-uc003tdh.2-uc011kam.1, ENSP00000359364-uc002yeh.2-uc011aaq.1, ENSP00000378548-uc010apj.2-uc001xed.2, ENSP00000412173-uc001bvh.3-uc010ohi.1	0.797591768012	E
1	0.226020596215	1.2536	ENSP00000215919-uc003aks.2-uc003akr.2, ENSP00000318883-uc002zmw.2-uc002zna.2, ENSP00000320688-uc003etr.2-uc011bmz.1, ENSP00000352798	0.797701671861	E
1	0.22423006898	1.25136	ENSP00000258796-uc003smp.2-uc010ksn.2, ENSP00000329748-uc001rls.1-uc001rlr.1, ENSP00000346824-uc001wjm.2-uc010akk.2, ENSP00000429865	0.799131257905	E
1	0.224068333208	1.25116	ENSP00000264555-uc001lqe.2-uc009yca.1, ENSP00000336914-uc004asz.2-uc011luc.1, ENSP00000355050-uc010zvw.1-uc002xhj.2, ENSP00000435299-uc001lrv.2-uc001lrw.2	0.799260516468	E
1	0.222910715386	1.24971	ENSP00000305924-uc001ycs.1-uc001ycr.2, ENSP00000312066-uc002jqk.1-uc002jqj.1, ENSP00000331682-uc002zsl.1-uc011ahr.1, ENSP00000395653-uc002hbf.1-uc002hbg.1	0.800186290429	E
1	0.222164030234	1.24878	ENSP00000261643-uc002gof.3-uc010vvt.1, ENSP00000330671, ENSP00000352510-uc001ylw.1-uc010txx.1, ENSP00000377389-uc001onw.2-uc001onz.2	0.800784000774	E
1	0.221295838214	1.24769	ENSP00000246151-uc001bhq.2-uc010oeb.1, ENSP00000303696-uc002lwr.2-uc010xha.1, ENSP00000369009-uc004czp.2-uc004czn.3, ENSP00000429865	0.801479536939	E
1	0.22099071617	1.24731	ENSP00000345895-uc003bfr.2-uc011aqn.1, ENSP00000351042-uc002nqi.2-uc002nqh.2, ENSP00000369319-uc002asq.2-uc002asr.2, ENSP00000470141-uc004dmb.3-uc004dmc.3	0.801724123326	E
1	0.220903403442	1.2472	ENSP00000252999, ENSP00000301475-uc010dwg.1-uc010xkh.1, ENSP00000308032-uc002opw.2-uc010xvx.1, ENSP00000380860	0.801794127103	E
1	0.22079017072	1.24706	ENSP00000295119-uc002upf.2-uc010zfs.1, ENSP00000360202, ENSP00000366506-uc003mdc.3-uc003mdd.2, ENSP00000428982-uc003pqe.2-uc003pqd.2	0.801884921575	E
1	0.219047868711	1.24489	ENSP00000225576, ENSP00000320663-uc002rsi.2-uc010ynv.1, ENSP00000349824-uc004cxv.1-uc004cxw.1, ENSP00000428205-uc003yqr.2-uc003yqq.2	0.803283265099	E
1	0.217356086013	1.24279	ENSP00000246957-uc002cvt.3-uc010uxf.1, ENSP00000326604-uc003wmw.3-uc003wmv.3, ENSP00000351631-uc001pfn.2-uc001pfm.2, ENSP00000386797-uc002tob.1-uc002toa.1	0.804643396027	E
1	0.217333836545	1.24276	ENSP00000239007-uc001kza.2-uc009xxu.2, ENSP00000370658-uc001riq.2-uc009zjl.2, ENSP00000378736-uc003tus.2-uc003tuu.2, ENSP00000464052	0.804661299113	E
1	0.216764889397	1.24205	ENSP00000225576, ENSP00000238561-uc001xui.2-uc001xuj.2, ENSP00000380651-uc001vnn.1-uc001vnm.1, ENSP00000413851-uc002kud.2-uc002kub.2	0.805119239124	E
1	0.214215253275	1.23889	ENSP00000329002-uc001fes.2-uc009wov.2, ENSP00000347667, ENSP00000358770-uc001kxo.1-uc001kxp.1, ENSP00000360112-uc001dbs.1-uc010opb.1	0.807174619341	E
1	0.212744861733	1.23707	ENSP00000222145-uc002pki.2-uc002pkh.2, ENSP00000318557-uc002euz.2-uc010vkh.1, ENSP00000377756-uc010hoy.2-uc003drw.2, ENSP00000401514	0.808362355079	E
1	0.212290305894	1.23651	ENSP00000215919-uc003aks.2-uc003akr.2, ENSP00000263816, ENSP00000293350-uc002pnt.2-uc010yat.1, ENSP00000315118-uc002oor.2-uc002ooq.1	0.808729884432	E
1	0.211633696856	1.2357	ENSP00000377880-uc003dof.2-uc003doe.2, ENSP00000384998-uc010zoj.1-uc002wan.1, ENSP00000401514, ENSP00000458290-uc002klh.3-uc010dkj.2	0.809261078157	E
1	0.210931374518	1.23483	ENSP00000299853-uc002dkk.2-uc010vbt.1, ENSP00000328551-uc003gmu.2-uc003gmv.2, ENSP00000394897-uc001dvj.1-uc010ouv.1, ENSP00000445943	0.809829639923	E
1	0.20994759849	1.23361	ENSP00000353114, ENSP00000355827-uc001hoh.2-uc010pvc.1, ENSP00000362369-uc002xjo.1-uc010zwe.1, ENSP00000417509-uc003die.3-uc003dib.3	0.810626722921	E
1	0.209638681027	1.23323	ENSP00000298281, ENSP00000311997, ENSP00000343002-uc010aaz.2-uc001uto.3, ENSP00000386181-uc002uln.2-uc010zfc.1	0.810877178355	E
1	0.209638681027	1.23323	ENSP00000218089, ENSP00000361625-uc004bxc.2-uc004bxf.2, ENSP00000367868-uc001imo.3-uc001imn.2, ENSP00000426968-uc010iqc.2-uc003ioz.2	0.810877178355	E
1	0.208179456543	1.23143	ENSP00000340626, ENSP00000360577-uc001cup.3-uc010onl.1, ENSP00000364509-uc004auf.1-uc010mrj.1, ENSP00000368800-uc010cdu.2-uc002ept.2	0.812061293923	E
1	0.206090833457	1.22886	ENSP00000384998-uc010zoj.1-uc002wan.1, ENSP00000401514, ENSP00000420793-uc002scl.2-uc010ypx.1, ENSP00000435697-uc003yyv.2-uc011lki.1	0.813759156368	E
1	0.206090833457	1.22886	ENSP00000253669-uc002nfe.2-uc002nff.2, ENSP00000312158-uc003nib.1-uc003nic.1, ENSP00000358548-uc009wgu.2-uc001efh.3, ENSP00000452037-uc001xoq.3-uc010arv.2	0.813759156368	E
1	0.20402308088	1.22633	ENSP00000184956-uc002iyk.1-uc010ddk.1, ENSP00000294785-uc001fvx.2-uc010pjg.1, ENSP00000315118-uc002oor.2-uc002ooq.1, ENSP00000378548-uc010apj.2-uc001xed.2	0.815443549816	E
1	0.202994269777	1.22507	ENSP00000300249-uc002kyg.2-uc010xcd.1, ENSP00000327589, ENSP00000393762-uc003psu.2-uc003pst.3, ENSP00000441045-uc003gkw.3-uc003gky.2	0.816282918895	E
1	0.197336905192	1.21815	ENSP00000285021-uc011ave.1-uc011avf.1, ENSP00000305922-uc001czi.3-uc001czm.3, ENSP00000429865, ENSP00000453969-uc001zlh.3-uc010ucn.1	0.820914016524	E
1	0.196431311353	1.21705	ENSP00000261047-uc003dxj.2-uc003dxk.2, ENSP00000328103-uc003ala.1-uc003akx.1, ENSP00000362656-uc004bpc.2-uc010mws.2, ENSP00000381008	0.821657767917	E
1	0.196183424517	1.21675	ENSP00000352510-uc001ylw.1-uc010txx.1, ENSP00000358770-uc001kxo.1-uc001kxp.1, ENSP00000387261-uc002lbp.3-uc002lbq.3, ENSP00000473196-uc004fip.2-uc004fio.2	0.821861471308	E
1	0.195320324057	1.2157	ENSP00000072644-uc001cvu.2-uc001cvy.2, ENSP00000264350-uc003hrt.2-uc011cdm.1, ENSP00000399501, ENSP00000419879-uc002wls.2-uc010zqv.1	0.82257112653	E
1	0.195133488292	1.21547	ENSP00000287295-uc004evg.2-uc004evi.2, ENSP00000317272, ENSP00000355897-uc001hlm.2-uc001hlo.2, ENSP00000440926-uc003xfp.1-uc003xfq.1	0.822724826594	E
1	0.195040791134	1.21536	ENSP00000262304, ENSP00000312066-uc002jqk.1-uc002jqj.1, ENSP00000323927-uc002hrg.2-uc010cvr.1, ENSP00000354571-uc001ora.2-uc001orb.2	0.822801094382	E
1	0.1944203155	1.21461	ENSP00000174653-uc003xoo.2-uc010lxe.2, ENSP00000288988-uc002rnr.2-uc002rnq.2, ENSP00000386181-uc002uln.2-uc010zfc.1, ENSP00000467075-uc010xdd.1-uc002lcy.2	0.82331178083	E
1	0.194190496121	1.21433	ENSP00000271732-uc001evj.2-uc010pci.1, ENSP00000280377-uc001src.1-uc001srb.1, ENSP00000373390, ENSP00000406229	0.823501015577	E
1	0.191026457933	1.21049	ENSP00000225576, ENSP00000295373-uc002rrf.2-uc002rrd.3, ENSP00000367815-uc002fhl.3-uc010vnw.1, ENSP00000411471-uc003fmz.2-uc003fnb.2	0.82611073068	E
1	0.189024484416	1.20807	ENSP00000269554-uc002hqs.2-uc010cvp.2, ENSP00000275954-uc004ddh.2-uc010ngs.2, ENSP00000315873, ENSP00000401980-uc002wjw.3-uc002wjy.3	0.827766239074	E
1	0.187809019955	1.2066	ENSP00000256689-uc001rpg.2-uc010sli.1, ENSP00000265870-uc001joi.2-uc010qiy.1, ENSP00000337746-uc002njd.1-uc002njf.1, ENSP00000364101-uc004duh.1-uc004dui.3	0.828772971219	E
1	0.187777973991	1.20657	ENSP00000305721-uc003pjl.1-uc011dyu.1, ENSP00000345308-uc009wot.2-uc010pen.1, ENSP00000393596, ENSP00000470965-uc002tmb.2-uc010yyq.1	0.828798701674	E
1	0.187777559191	1.20657	ENSP00000234256-uc010yqa.1-uc010ypz.1, ENSP00000287295-uc004evg.2-uc004evi.2, ENSP00000311997, ENSP00000399121-uc010ltu.2-uc003xav.2	0.82879904546	E
1	0.185977343888	1.20439	ENSP00000358770-uc001kxo.1-uc001kxp.1, ENSP00000364448-uc001vup.2-uc001vut.2, ENSP00000365938-uc001vmt.2-uc001vms.2, ENSP00000413520-uc002jmj.3-uc002jmi.2	0.830292405967	E
1	0.184721059704	1.20288	ENSP00000261632-uc001uni.2-uc010tcq.1, ENSP00000274000-uc003iaj.3-uc003iak.3, ENSP00000365200-uc001vpo.2-uc001vpp.2, ENSP00000435299-uc001lrv.2-uc001lrw.2	0.831336144664	E
1	0.184721059704	1.20288	ENSP00000295119-uc002upf.2-uc010zfs.1, ENSP00000335652, ENSP00000338777-uc002boq.3-uc002bos.3, ENSP00000369274-uc004cyv.3-uc004cyu.3	0.831336144664	E
1	0.182548943016	1.20027	ENSP00000246151-uc001bhq.2-uc010oeb.1, ENSP00000305483-uc001ifc.1-uc001ifd.1, ENSP00000328551-uc003gmu.2-uc003gmv.2, ENSP00000378056-uc002blh.2-uc002bll.2	0.833143866357	E
1	0.18230553757	1.19998	ENSP00000354897, ENSP00000369274-uc004cyv.3-uc004cyu.3, ENSP00000375051-uc001chn.2-uc001chp.2, ENSP00000439628-uc002fuy.1-uc010ckc.1	0.833346682793	E
1	0.181482519783	1.19899	ENSP00000262518, ENSP00000264501, ENSP00000265872-uc001joo.2-uc010qjb.1, ENSP00000326604-uc003wmw.3-uc003wmv.3	0.834032824251	E
1	0.180971524097	1.19838	ENSP00000262189, ENSP00000265870-uc001joi.2-uc010qiy.1, ENSP00000311427-uc002bau.2-uc002bav.2, ENSP00000392775-uc003vbd.2-uc011klj.1	0.834459120335	E
1	0.178436361526	1.19535	ENSP00000267938-uc002bbg.2-uc002bbi.2, ENSP00000362344-uc004bsg.1-uc004bsi.1, ENSP00000382213, ENSP00000411124-uc001yhq.2-uc001yhp.2	0.836577293685	E
1	0.176989072094	1.19362	ENSP00000256339-uc001ybs.1-uc001ybv.1, ENSP00000355183, ENSP00000369773-uc003mux.2-uc011dhs.1, ENSP00000374035-uc002iga.2-uc010wiv.1	0.837788939752	E
1	0.176354675087	1.19286	ENSP00000203001-uc002wmh.1-uc010zra.1, ENSP00000268603-uc002eoi.2-uc010cdn.2, ENSP00000360199, ENSP00000395653-uc002hbf.1-uc002hbg.1	0.838320599172	E
1	0.175956863991	1.19239	ENSP00000268057-uc002avb.2-uc002avc.2, ENSP00000327179-uc002ews.3-uc010cfi.2, ENSP00000348359-uc001ptt.2-uc009zai.1, ENSP00000441202-uc001zcs.2-uc001zcr.2	0.838654158751	E
1	0.173645481652	1.18963	ENSP00000285381-uc003ydj.2-uc011lfv.1, ENSP00000297440-uc010krz.1-uc003sjb.2, ENSP00000343027-uc003uhb.1-uc011kgt.1, ENSP00000377643-uc002hun.1-uc002huk.1	0.840594851138	E
1	0.173600506728	1.18958	ENSP00000282003-uc001vkw.1-uc010afc.2, ENSP00000291358-uc001bum.2-uc010ogz.1, ENSP00000340062, ENSP00000387261-uc002lbp.3-uc002lbq.3	0.840632657678	E
1	0.173198215959	1.1891	ENSP00000274000-uc003iaj.3-uc003iak.3, ENSP00000340062, ENSP00000374035-uc002iga.2-uc010wiv.1, ENSP00000377756-uc010hoy.2-uc003drw.2	0.840970904468	E
1	0.172956933507	1.18881	ENSP00000245787-uc002tlk.2-uc010yye.1, ENSP00000285021-uc011ave.1-uc011avf.1, ENSP00000383700, ENSP00000385715-uc002rhx.2-uc002rhw.2	0.841173840472	E
1	0.172907113612	1.18876	ENSP00000046794-uc003man.1-uc011des.1, ENSP00000207457-uc001bzr.2-uc001bzs.2, ENSP00000320043-uc003xry.2-uc011ldx.1, ENSP00000432787-uc003pzz.1-uc003pzw.1	0.841215748708	E
1	0.172907113612	1.18876	ENSP00000218089, ENSP00000291560-uc002zdi.2-uc011aey.1, ENSP00000364448-uc001vup.2-uc001vut.2, ENSP00000415332-uc002uni.3-uc002unh.3	0.841215748708	E
1	0.170640283471	1.18606	ENSP00000354995-uc002zaq.2-uc002zao.2, ENSP00000367815-uc002fhl.3-uc010vnw.1, ENSP00000385030-uc002rgu.2-uc010ykr.1, ENSP00000411124-uc001yhq.2-uc001yhp.2	0.843124804858	E
1	0.169508739251	1.18472	ENSP00000264381-uc003fem.3-uc003fen.3, ENSP00000367263, ENSP00000403476-uc010oia.1-uc010oib.1, ENSP00000440926-uc003xfp.1-uc003xfq.1	0.844079377826	E
1	0.168702172104	1.18377	ENSP00000330671, ENSP00000369538-uc001iil.3-uc001iim.3, ENSP00000407843-uc001skp.3-uc001skq.3, ENSP00000412394	0.844760459154	E
1	0.16792904061	1.18285	ENSP00000318845-uc003axo.3-uc003axq.3, ENSP00000323302-uc001tbc.2-uc009zsq.2, ENSP00000359830-uc001dhu.2-uc009wca.1, ENSP00000467075-uc010xdd.1-uc002lcy.2	0.845413822606	E
1	0.167188493353	1.18198	ENSP00000253363-uc002xeb.2-uc002xea.2, ENSP00000253669-uc002nfe.2-uc002nff.2, ENSP00000316649-uc002yck.1-uc002ycl.1, ENSP00000407843-uc001skp.3-uc001skq.3	0.846040123366	E
1	0.166982391004	1.18173	ENSP00000251241-uc002ixn.1-uc010wof.1, ENSP00000294066-uc001obh.2-uc001obg.2, ENSP00000361245-uc009vxk.2-uc001cmx.3, ENSP00000369319-uc002asq.2-uc002asr.2	0.846214512194	E
1	0.166874538039	1.18161	ENSP00000265872-uc001joo.2-uc010qjb.1, ENSP00000318845-uc003axo.3-uc003axq.3, ENSP00000378056-uc002blh.2-uc002bll.2, ENSP00000418285	0.84630578386	E
1	0.166383170683	1.18103	ENSP00000356966-uc001fze.2-uc009wue.2, ENSP00000407642-uc004fhc.2-uc004fhd.2, ENSP00000410545, ENSP00000423228-uc003jlg.1-uc003jlb.1	0.846721733079	E
1	0.165991053668	1.18056	ENSP00000284878-uc002yki.2-uc002ykj.1, ENSP00000299853-uc002dkk.2-uc010vbt.1, ENSP00000361625-uc004bxc.2-uc004bxf.2, ENSP00000399121-uc010ltu.2-uc003xav.2	0.84705381218	E
1	0.165085930856	1.17949	ENSP00000320794, ENSP00000357047-uc003qcs.1-uc003qcr.1, ENSP00000361818-uc002xnu.2-uc010zws.1, ENSP00000380860	0.847820846987	E
1	0.164651575817	1.17898	ENSP00000331682-uc002zsl.1-uc011ahr.1, ENSP00000352608, ENSP00000386844, ENSP00000419446-uc003xmr.2-uc003xms.2	0.848189182232	E
1	0.1644947589	1.1788	ENSP00000261173-uc001tbh.2-uc009zsr.2, ENSP00000266022-uc003cyc.2-uc011bdi.1, ENSP00000346065-uc003oyj.2-uc010jze.2, ENSP00000386996-uc002vtb.1-uc002vta.2	0.848322203074	E
1	0.163902100024	1.1781	ENSP00000231338-uc003jin.2-uc003jio.2, ENSP00000376197-uc003fwa.3-uc011btr.1, ENSP00000379737-uc003swy.2-uc010kur.2, ENSP00000402515	0.848825117771	E
1	0.163346167525	1.17744	ENSP00000262031-uc001sln.2-uc010sqp.1, ENSP00000264350-uc003hrt.2-uc011cdm.1, ENSP00000364448-uc001vup.2-uc001vut.2, ENSP00000415889-uc003wut.1-uc011kxl.1	0.849297138434	E
1	0.163346167525	1.17744	ENSP00000230640-uc003jpy.3-uc011cqi.1, ENSP00000357047-uc003qcs.1-uc003qcr.1, ENSP00000384164-uc010gci.1-uc002wpg.1, ENSP00000421202-uc003jrh.3-uc003jrk.3	0.849297138434	E
1	0.162779929689	1.17678	ENSP00000274000-uc003iaj.3-uc003iak.3, ENSP00000366506-uc003mdc.3-uc003mdd.2, ENSP00000387982-uc002bkw.2-uc002bkx.2, ENSP00000439303-uc010ymi.1-uc002rma.2	0.849778178787	E
1	0.162443291234	1.17638	ENSP00000284878-uc002yki.2-uc002ykj.1, ENSP00000364028-uc001bek.2-uc001bei.2, ENSP00000366299-uc002ign.2-uc010czu.2, ENSP00000382034-uc003obw.2-uc010juc.1	0.850064294956	E
1	0.161901166409	1.17574	ENSP00000265870-uc001joi.2-uc010qiy.1, ENSP00000267484-uc001xen.1-uc001xek.1, ENSP00000364000-uc002uqk.2-uc010frx.2, ENSP00000381031-uc003aet.2-uc003aey.2	0.850525260852	E
1	0.161687665562	1.17549	ENSP00000261881-uc002apr.2-uc010ujn.1, ENSP00000262207-uc003yan.2-uc011lfl.1, ENSP00000360186, ENSP00000361178-uc004eof.1-uc004eog.1	0.850706868102	E
1	0.161612119838	1.1754	ENSP00000326674-uc002chn.2-uc002chp.2, ENSP00000351126-uc003kod.3-uc003kof.2, ENSP00000355973-uc001hif.2-uc009xcz.2, ENSP00000391524-uc011arv.1-uc011aru.1	0.850771137795	E
1	0.161090893661	1.17479	ENSP00000360199, ENSP00000362187-uc004bsx.1-uc004bsw.1, ENSP00000374185-uc010ydh.1-uc002pyl.1, ENSP00000378086-uc001xip.2-uc001xis.2	0.851214697571	E
1	0.160905262729	1.17457	ENSP00000259608-uc003zxe.1-uc003zxf.1, ENSP00000358635-uc003pla.2-uc003pkz.2, ENSP00000362082-uc003orn.2-uc011duk.1, ENSP00000454552-uc002fec.2-uc002fed.1	0.851372724015	E
1	0.160554540549	1.17416	ENSP00000265077, ENSP00000286627-uc001jxm.2-uc001jxs.3, ENSP00000306340-uc011cbp.1-uc003hiq.2, ENSP00000470141-uc004dmb.3-uc004dmc.3	0.851671371681	E
1	0.158069739589	1.17125	ENSP00000271588, ENSP00000335321, ENSP00000370761-uc001rgn.2-uc001rgo.2, ENSP00000379350-uc001iwt.3-uc001iwr.3	0.853790236912	E
1	0.158034934269	1.17121	ENSP00000310170-uc001ogg.1-uc010ros.1, ENSP00000328551-uc003gmu.2-uc003gmv.2, ENSP00000342222-uc002gpy.2-uc002gpz.2, ENSP00000380891	0.853819953872	E
1	0.1568918221	1.16987	ENSP00000260649-uc002ruc.3-uc002rue.3, ENSP00000354837-uc001fmt.2-uc001fmq.2, ENSP00000356607-uc001glz.2-uc010pnb.1, ENSP00000373390	0.854796523909	E
1	0.155572698623	1.16833	ENSP00000318775-uc003gro.2-uc003grp.2, ENSP00000353375-uc003csb.2-uc003crw.2, ENSP00000367263, ENSP00000369773-uc003mux.2-uc011dhs.1	0.855924850109	E
1	0.154986499493	1.16764	ENSP00000263816, ENSP00000357336-uc001fkj.2-uc001fks.2, ENSP00000384797, ENSP00000428205-uc003yqr.2-uc003yqq.2	0.856426739601	E
1	0.154382311559	1.16694	ENSP00000248248-uc002fez.2-uc010vng.1, ENSP00000273359-uc003dyk.3-uc011bhq.1, ENSP00000354529, ENSP00000467207-uc002lxy.2-uc010dtl.1	0.856944338651	E
1	0.152400454101	1.16463	ENSP00000367030-uc001iop.2-uc001ior.2, ENSP00000394902-uc001lei.1-uc010qtb.1, ENSP00000441045-uc003gkw.3-uc003gky.2, ENSP00000471677-uc004dkn.2-uc011mmg.1	0.858644364228	E
1	0.152028035836	1.16419	ENSP00000266481-uc001rlf.2-uc010ski.1, ENSP00000301475-uc010dwg.1-uc010xkh.1, ENSP00000367196-uc003zyz.2-uc003zyy.1, ENSP00000381008	0.858964198624	E
1	0.151382710501	1.16344	ENSP00000262189, ENSP00000342263-uc003cbm.2-uc003cbl.3, ENSP00000355299-uc001gqt.3-uc001gqu.3, ENSP00000380651-uc001vnn.1-uc001vnm.1	0.859518688877	E
1	0.150271864965	1.16215	ENSP00000255121-uc001coj.1-uc001coi.1, ENSP00000413507-uc011kav.1-uc003tey.2, ENSP00000457354-uc002fhe.2-uc002fhd.2, ENSP00000471074-uc002xfh.2-uc002xfg.2	0.860474011886	E
1	0.149117284452	1.16081	ENSP00000261292-uc002ldv.2-uc010xdh.1, ENSP00000335652, ENSP00000352645-uc003tvn.2-uc011kef.1, ENSP00000356554-uc003qjr.3-uc010khh.2	0.861468072163	E
1	0.148316263116	1.15988	ENSP00000248846-uc003bkb.1-uc010has.1, ENSP00000259021-uc002ipm.2-uc010wmg.1, ENSP00000299767-uc001tkb.1-uc010swg.1, ENSP00000342148-uc001dwn.2-uc009weu.2	0.862158402917	E
1	0.147124069405	1.1585	ENSP00000219478-uc002cxp.1-uc002cxo.1, ENSP00000338457-uc003acl.2-uc003ach.2, ENSP00000362369-uc002xjo.1-uc010zwe.1, ENSP00000379353-uc001rfo.3-uc009zix.2	0.86318687569	E
1	0.146500388539	1.15778	ENSP00000196482-uc002qsw.1-uc002qsx.1, ENSP00000300432-uc004bsu.2-uc011mao.1, ENSP00000315873, ENSP00000364899-uc004arb.2-uc011ltr.1	0.863725396744	E
1	0.146483885086	1.15776	ENSP00000248054-uc002nez.1-uc010eaj.1, ENSP00000358060-uc001euq.2-uc009wlt.2, ENSP00000362718-uc003onc.1-uc003ond.1, ENSP00000467207-uc002lxy.2-uc010dtl.1	0.863739651313	E
1	0.14477981517	1.15579	ENSP00000253024-uc002qtg.1-uc002qth.1, ENSP00000257700-uc003vda.1-uc010ljj.1, ENSP00000328103-uc003ala.1-uc003akx.1, ENSP00000377643-uc002hun.1-uc002huk.1	0.865212778868	E
1	0.143510391828	1.15432	ENSP00000282478, ENSP00000347667, ENSP00000364448-uc001vup.2-uc001vut.2, ENSP00000371811-uc001uof.2-uc010tct.1	0.866311797577	E
1	0.143510391828	1.15432	ENSP00000351627-uc002ozp.3-uc002ozo.3, ENSP00000354360-uc004caa.1-uc010mze.1, ENSP00000365637-uc001iru.3-uc001isa.1, ENSP00000366522-uc003zds.1-uc011llk.1	0.866311797577	E
1	0.142657703492	1.15333	ENSP00000265651-uc001muz.2-uc010rej.1, ENSP00000305924-uc001ycs.1-uc001ycr.2, ENSP00000364218-uc004aym.2-uc004ayk.2, ENSP00000399121-uc010ltu.2-uc003xav.2	0.86705080657	E
1	0.142306785415	1.15293	ENSP00000265870-uc001joi.2-uc010qiy.1, ENSP00000300249-uc002kyg.2-uc010xcd.1, ENSP00000332256-uc002bwn.3-uc010bpb.2, ENSP00000347665	0.867355123764	E
1	0.140860171842	1.15126	ENSP00000260570-uc002rku.2-uc010ezb.2, ENSP00000314420-uc002gkd.2-uc010cns.2, ENSP00000375051-uc001chn.2-uc001chp.2, ENSP00000464052	0.868610759449	E
1	0.14011342489	1.1504	ENSP00000260382-uc002asw.2-uc002asz.2, ENSP00000265651-uc001muz.2-uc010rej.1, ENSP00000265870-uc001joi.2-uc010qiy.1, ENSP00000342581-uc011mbe.1-uc004bvh.2	0.869259634128	E
1	0.140009515205	1.15028	ENSP00000290341-uc002iom.2-uc010dbj.2, ENSP00000358262-uc001epm.3-uc009wji.2, ENSP00000358813-uc003pjc.2-uc003pjb.3, ENSP00000382034-uc003obw.2-uc010juc.1	0.869349963316	E
1	0.139195096241	1.14935	ENSP00000019103-uc002tma.2-uc002tlz.2, ENSP00000244020-uc010zwg.1-uc002xki.2, ENSP00000257966-uc001spn.2-uc010srx.1, ENSP00000351338-uc003csx.2-uc003cst.2	0.870058266802	E
1	0.138742565862	1.14883	ENSP00000261881-uc002apr.2-uc010ujn.1, ENSP00000276893-uc003zjy.2-uc003zkb.2, ENSP00000354529, ENSP00000357283-uc001fni.2-uc001fnk.2	0.870452083699	E
1	0.138499954652	1.14855	ENSP00000289968-uc002dnb.2-uc002dmw.2, ENSP00000344772-uc001apy.2-uc001apz.2, ENSP00000377643-uc002hun.1-uc002huk.1, ENSP00000451763-uc001xoz.1-uc010tuj.1	0.870663290752	E
1	0.138499954652	1.14855	ENSP00000292616-uc003uzn.2-uc003uzo.2, ENSP00000359830-uc001dhu.2-uc009wca.1, ENSP00000417601-uc003cfp.2-uc011axp.1, ENSP00000471677-uc004dkn.2-uc011mmg.1	0.870663290752	E
1	0.138407141995	1.14844	ENSP00000261047-uc003dxj.2-uc003dxk.2, ENSP00000366460-uc001iqg.1-uc009xkc.1, ENSP00000373390, ENSP00000419231-uc003esl.2-uc011bmm.1	0.870744103076	E
1	0.137905510896	1.14787	ENSP00000234256-uc010yqa.1-uc010ypz.1, ENSP00000270570-uc002gvy.1-uc010cqp.1, ENSP00000335652, ENSP00000352798	0.871181004969	E
1	0.137399259416	1.14729	ENSP00000249075-uc003agz.2-uc011aks.1, ENSP00000318845-uc003axo.3-uc003axq.3, ENSP00000322343-uc004apr.2-uc004apu.2, ENSP00000363558-uc010qfc.1-uc010qfd.1	0.871622153299	E
1	0.137301166713	1.14717	ENSP00000355330-uc002xhr.2-uc010zvx.1, ENSP00000356554-uc003qjr.3-uc010khh.2, ENSP00000359245, ENSP00000363558-uc010qfc.1-uc010qfd.1	0.871707657265	E
1	0.13664970165	1.14643	ENSP00000257548-uc010sxi.1-uc001tnw.3, ENSP00000257966-uc001spn.2-uc010srx.1, ENSP00000341097, ENSP00000469583-uc010rye.1-uc001pti.2	0.872275729369	E
1	0.136020109039	1.1457	ENSP00000349748-uc001bys.2-uc001byr.2, ENSP00000375809-uc002pbj.2-uc002pbi.2, ENSP00000445943, ENSP00000452120-uc001shh.2-uc001shg.2	0.872825080639	E
1	0.135440389335	1.14504	ENSP00000262144-uc002fdh.1-uc002fdf.1, ENSP00000335652, ENSP00000362884-uc001brw.2-uc001brx.2, ENSP00000452296-uc001vwc.3-uc001vwb.3	0.873331221232	E
1	0.134519711064	1.14399	ENSP00000320076-uc002jme.1-uc010wro.1, ENSP00000332979-uc002yyw.2-uc010goo.2, ENSP00000363283-uc001bmr.1-uc010ofe.1, ENSP00000386181-uc002uln.2-uc010zfc.1	0.874135648563	E
1	0.133343652326	1.14264	ENSP00000267836-uc001zwj.3-uc001zwh.3, ENSP00000310841-uc002fjw.2-uc010vot.1, ENSP00000374359-uc003eiv.2-uc003eix.2, ENSP00000413851-uc002kud.2-uc002kub.2	0.875164288182	E
1	0.133311265686	1.14261	ENSP00000344666, ENSP00000376534-uc002uao.2-uc002uap.2, ENSP00000383700, ENSP00000406012-uc002cmb.2-uc002clz.2	0.875192632272	E
1	0.132213174152	1.14135	ENSP00000265077, ENSP00000341154-uc001yno.2-uc001yns.2, ENSP00000344772-uc001apy.2-uc001apz.2, ENSP00000375936-uc002vkw.1-uc002vky.2	0.876154201741	E
1	0.132213174152	1.14135	ENSP00000293677-uc002moa.2-uc002mnz.2, ENSP00000349174-uc003hwc.2-uc003hwa.1, ENSP00000355183, ENSP00000364902-uc002wxp.2-uc010ztu.1	0.876154201741	E
1	0.132213174152	1.14135	ENSP00000207457-uc001bzr.2-uc001bzs.2, ENSP00000282003-uc001vkw.1-uc010afc.2, ENSP00000288988-uc002rnr.2-uc002rnq.2, ENSP00000342148-uc001dwn.2-uc009weu.2	0.876154201741	E
1	0.131527716484	1.14057	ENSP00000292538-uc003uyt.2-uc003uyz.2, ENSP00000336775-uc002bup.2-uc002buq.2, ENSP00000358770-uc001kxo.1-uc001kxp.1, ENSP00000405424-uc011lht.1-uc003yml.2	0.876754974236	E
1	0.131490396541	1.14053	ENSP00000264400-uc003hmi.1-uc010ijq.1, ENSP00000358335-uc003pnz.1-uc003pny.1, ENSP00000376250-uc003fsv.2-uc003fsw.2, ENSP00000383700	0.876787695292	E
1	0.130920066856	1.13988	ENSP00000254322-uc002myz.1-uc010xnr.1, ENSP00000316426-uc002hqi.3-uc010cvn.1, ENSP00000359245, ENSP00000367263	0.877287895968	E
1	0.128933417096	1.13761	ENSP00000261308-uc003jtv.3-uc011cqw.1, ENSP00000328551-uc003gmu.2-uc003gmv.2, ENSP00000384797, ENSP00000386722-uc009ytl.2-uc001oth.3	0.879032492133	E
1	0.127994379683	1.13655	ENSP00000225576, ENSP00000268099-uc002azb.1-uc002aza.1, ENSP00000326604-uc003wmw.3-uc003wmv.3, ENSP00000441202-uc001zcs.2-uc001zcr.2	0.879858324213	E
1	0.127243010802	1.13569	ENSP00000335560-uc009zpy.2-uc001spb.2, ENSP00000347667, ENSP00000379006-uc002ape.3-uc010ujb.1, ENSP00000380837-uc002zil.2-uc011afv.1	0.880519670804	E
1	0.125865312849	1.13413	ENSP00000327009-uc002rmv.2-uc002rmw.2, ENSP00000357507-uc001fei.2-uc001fef.1, ENSP00000381970-uc003koa.1-uc003kob.1, ENSP00000411124-uc001yhq.2-uc001yhp.2	0.881733596972	E
1	0.125195403865	1.13337	ENSP00000293677-uc002moa.2-uc002mnz.2, ENSP00000318884, ENSP00000362136-uc001cby.2-uc001cbz.2, ENSP00000419475-uc003exk.2-uc003exj.1	0.882324476126	E
1	0.124740124942	1.13285	ENSP00000326381-uc003fqs.2-uc003fqv.2, ENSP00000360186, ENSP00000361625-uc004bxc.2-uc004bxf.2, ENSP00000469540-uc002omt.2-uc002oms.2	0.88272627132	E
1	0.124047829275	1.13207	ENSP00000257966-uc001spn.2-uc010srx.1, ENSP00000260408-uc002afd.1-uc010ugz.1, ENSP00000311427-uc002bau.2-uc002bav.2, ENSP00000364448-uc001vup.2-uc001vut.2	0.883337590475	E
1	0.124024104863	1.13204	ENSP00000364101-uc004duh.1-uc004dui.3, ENSP00000377867-uc004ewk.1-uc004ewm.1, ENSP00000392775-uc003vbd.2-uc011klj.1, ENSP00000445725-uc003xpm.2-uc010lxp.2	0.88335854739	E
1	0.123804685473	1.13179	ENSP00000333667-uc001snf.1-uc010srj.1, ENSP00000386797-uc002tob.1-uc002toa.1, ENSP00000414558-uc001wgm.2-uc010tnb.1, ENSP00000442421-uc002juf.2-uc002jud.2	0.883552394649	E
1	0.123804685473	1.13179	ENSP00000265395-uc003szf.2-uc003szh.2, ENSP00000318557-uc002euz.2-uc010vkh.1, ENSP00000354897, ENSP00000386797-uc002tob.1-uc002toa.1	0.883552394649	E
1	0.123761439502	1.13175	ENSP00000282478, ENSP00000301475-uc010dwg.1-uc010xkh.1, ENSP00000380860, ENSP00000439966-uc001suc.2-uc010sti.1	0.883590605557	E
1	0.123123441036	1.13102	ENSP00000291358-uc001bum.2-uc010ogz.1, ENSP00000301924-uc003xfl.1-uc010lup.1, ENSP00000327197-uc003fwz.3-uc011bty.1, ENSP00000356607-uc001glz.2-uc010pnb.1	0.884154514875	E
1	0.122443243736	1.13025	ENSP00000313953-uc002rom.2-uc002ron.2, ENSP00000316739-uc001bes.2-uc001ber.2, ENSP00000356607-uc001glz.2-uc010pnb.1, ENSP00000396861-uc010jaf.1-uc003kga.2	0.88475611897	E
1	0.121606764856	1.12931	ENSP00000184956-uc002iyk.1-uc010ddk.1, ENSP00000293230-uc002jru.1-uc002jrv.1, ENSP00000360577-uc001cup.3-uc010onl.1, ENSP00000401470-uc003azu.2-uc003azr.2	0.885496508395	E
1	0.120616062763	1.12819	ENSP00000303153-uc003yvd.2-uc011ljo.1, ENSP00000318115-uc002olu.1-uc002olt.1, ENSP00000357835-uc001lhs.1-uc009yaj.1, ENSP00000413272-uc003epr.2-uc003epq.2	0.886374206336	E
1	0.120562728357	1.12813	ENSP00000267101-uc001sjh.2-uc001sjl.2, ENSP00000277458-uc004byf.1-uc011mbt.1, ENSP00000279804-uc002dzw.2-uc002dzx.2, ENSP00000378394-uc001jsm.2-uc001jsl.2	0.886421481838	E
1	0.120562728357	1.12813	ENSP00000072644-uc001cvu.2-uc001cvy.2, ENSP00000174653-uc003xoo.2-uc010lxe.2, ENSP00000349629, ENSP00000376250-uc003fsv.2-uc003fsw.2	0.886421481838	E
1	0.120148908517	1.12766	ENSP00000309487-uc003dys.1-uc003dyt.1, ENSP00000335321, ENSP00000397552-uc003fjw.2-uc003fjx.2, ENSP00000399501	0.886788376543	E
1	0.119906682316	1.12739	ENSP00000335652, ENSP00000357448-uc001ffr.2-uc010pep.1, ENSP00000376362-uc001tui.1-uc001tuh.2, ENSP00000378130-uc003hzr.3-uc003hzq.2	0.88700320594	E
1	0.119673319407	1.12713	ENSP00000260803-uc003erv.2-uc003ert.2, ENSP00000305483-uc001ifc.1-uc001ifd.1, ENSP00000313490-uc002gkr.2-uc002gks.2, ENSP00000351627-uc002ozp.3-uc002ozo.3	0.887210223742	E
1	0.11959413492	1.12704	ENSP00000259608-uc003zxe.1-uc003zxf.1, ENSP00000330237-uc001awn.2-uc001awo.2, ENSP00000362649-uc001bvb.1-uc010ohf.1, ENSP00000368102-uc001ilq.1-uc009xjb.1	0.88728047981	E
1	0.119107878385	1.12649	ENSP00000333667-uc001snf.1-uc010srj.1, ENSP00000355183, ENSP00000355299-uc001gqt.3-uc001gqu.3, ENSP00000416892-uc003auf.2-uc003auh.2	0.887712030656	E
1	0.11897368247	1.12634	ENSP00000217159-uc002ydb.1-uc002yde.1, ENSP00000335321, ENSP00000369519-uc003zph.2-uc011lnl.1, ENSP00000377643-uc002hun.1-uc002huk.1	0.887831165978	E
1	0.118866326197	1.12622	ENSP00000264977-uc003eqv.1-uc011blz.1, ENSP00000409493, ENSP00000467207-uc002lxy.2-uc010dtl.1, ENSP00000471771-uc004eay.3-uc010nll.2	0.887926485339	E
1	0.118783639105	1.12613	ENSP00000245787-uc002tlk.2-uc010yye.1, ENSP00000299952-uc002fau.2-uc010cge.2, ENSP00000360199, ENSP00000370839-uc003gzj.2-uc011bzp.1	0.887999908434	E
1	0.116979672814	1.1241	ENSP00000306920-uc003cfi.1-uc003cfj.1, ENSP00000381785-uc004bga.1-uc011lwv.1, ENSP00000423228-uc003jlg.1-uc003jlb.1, ENSP00000463536-uc001eum.3-uc010pca.1	0.88960327611	E
1	0.116979672814	1.1241	ENSP00000253490-uc003mdk.2-uc010jjy.1, ENSP00000358450-uc001ehg.2-uc001ehf.2, ENSP00000394902-uc001lei.1-uc010qtb.1, ENSP00000445943	0.88960327611	E
1	0.116971132034	1.12409	ENSP00000279804-uc002dzw.2-uc002dzx.2, ENSP00000284548, ENSP00000369681-uc002amf.2-uc010uik.1, ENSP00000426968-uc010iqc.2-uc003ioz.2	0.889610874049	E
1	0.115942314092	1.12293	ENSP00000247956-uc002mku.2-uc002mkw.2, ENSP00000263634-uc002rxg.1-uc002rxf.1, ENSP00000367064, ENSP00000385715-uc002rhx.2-uc002rhw.2	0.890526592651	E
1	0.1146868789	1.12152	ENSP00000316649-uc002yck.1-uc002ycl.1, ENSP00000323927-uc002hrg.2-uc010cvr.1, ENSP00000358450-uc001ehg.2-uc001ehf.2, ENSP00000409493	0.891645293156	E
1	0.114664066357	1.1215	ENSP00000295119-uc002upf.2-uc010zfs.1, ENSP00000355499-uc001hzw.2-uc001hzx.2, ENSP00000373390, ENSP00000407193-uc002jhc.2-uc002jhb.1	0.891665634084	E
1	0.113459942705	1.12015	ENSP00000263816, ENSP00000292616-uc003uzn.2-uc003uzo.2, ENSP00000362824-uc004eaa.1-uc004ead.2, ENSP00000368076-uc002fbm.1-uc010vml.1	0.892739956443	E
1	0.112813432108	1.11942	ENSP00000253490-uc003mdk.2-uc010jjy.1, ENSP00000317904-uc002plp.2-uc010xzy.1, ENSP00000355183, ENSP00000439628-uc002fuy.1-uc010ckc.1	0.893317308897	E
1	0.112738157362	1.11934	ENSP00000219478-uc002cxp.1-uc002cxo.1, ENSP00000279804-uc002dzw.2-uc002dzx.2, ENSP00000308018-uc003ziz.1-uc003zja.1, ENSP00000386810-uc010ywk.1-uc010ywl.1	0.893384555662	E
1	0.112714586587	1.11931	ENSP00000368800-uc010cdu.2-uc002ept.2, ENSP00000378857-uc003cvj.2-uc011bby.1, ENSP00000385746-uc004dag.2-uc010nfs.2, ENSP00000440495-uc010xim.1-uc002mbr.3	0.893405613676	E
1	0.112617988065	1.1192	ENSP00000348407-uc003bfk.2-uc003bfl.2, ENSP00000352282-uc001www.2-uc010tqg.1, ENSP00000355809-uc001hpc.1-uc001hpd.1, ENSP00000406229	0.893491919506	E
1	0.112148016417	1.11868	ENSP00000334800-uc003url.1-uc010lgf.1, ENSP00000355827-uc001hoh.2-uc010pvc.1, ENSP00000362824-uc004eaa.1-uc004ead.2, ENSP00000442050-uc002kch.1-uc010wva.1	0.893911934066	E
1	0.112041767885	1.11856	ENSP00000253490-uc003mdk.2-uc010jjy.1, ENSP00000260453-uc002adr.2-uc010bfo.2, ENSP00000324944-uc003ncx.1-uc011dji.1, ENSP00000392105-uc010ppm.1-uc001gvo.2	0.894006915942	E
1	0.111901143091	1.1184	ENSP00000253669-uc002nfe.2-uc002nff.2, ENSP00000262518, ENSP00000301924-uc003xfl.1-uc010lup.1, ENSP00000453969-uc001zlh.3-uc010ucn.1	0.894132644321	E
1	0.111444901903	1.11789	ENSP00000005178-uc003uoa.2-uc003unz.2, ENSP00000335321, ENSP00000386722-uc009ytl.2-uc001oth.3, ENSP00000386810-uc010ywk.1-uc010ywl.1	0.894540677535	E
1	0.111063848702	1.11747	ENSP00000255759-uc002dec.1-uc002ded.1, ENSP00000373206-uc003dnl.2-uc003dnj.2, ENSP00000373390, ENSP00000384797	0.894881610075	E
1	0.110835387961	1.11721	ENSP00000262189, ENSP00000347924-uc001leb.2-uc001ldy.2, ENSP00000394897-uc001dvj.1-uc010ouv.1, ENSP00000439338-uc001tsi.2-uc001tsg.2	0.895086078747	E
1	0.109263945486	1.11546	ENSP00000303279-uc001hmc.2-uc001hmd.2, ENSP00000349959-uc003jlp.2-uc010ivf.2, ENSP00000365200-uc001vpo.2-uc001vpp.2, ENSP00000385478-uc010ktx.2-uc010kty.2	0.896493760786	E
1	0.10880139736	1.11494	ENSP00000293677-uc002moa.2-uc002mnz.2, ENSP00000305924-uc001ycs.1-uc001ycr.2, ENSP00000439966-uc001suc.2-uc010sti.1, ENSP00000455933-uc010vnx.1-uc010voa.1	0.896908528213	E
1	0.106787053476	1.1127	ENSP00000279281-uc001ocr.1-uc001ocs.1, ENSP00000367868-uc001imo.3-uc001imn.2, ENSP00000376799-uc001pkh.2-uc010rvx.1, ENSP00000442050-uc002kch.1-uc010wva.1	0.898717031283	E
1	0.106705002345	1.11261	ENSP00000253024-uc002qtg.1-uc002qth.1, ENSP00000257287-uc003hbi.2-uc003hbj.2, ENSP00000305924-uc001ycs.1-uc001ycr.2, ENSP00000355809-uc001hpc.1-uc001hpd.1	0.898790775057	E
1	0.106097625963	1.11193	ENSP00000266481-uc001rlf.2-uc010ski.1, ENSP00000338629, ENSP00000461672-uc002kal.1-uc002kai.1, ENSP00000471656-uc001qsi.2-uc010sfw.1	0.899336845165	E
1	0.105413737168	1.11117	ENSP00000225577-uc002ixy.2-uc002ixz.2, ENSP00000292538-uc003uyt.2-uc003uyz.2, ENSP00000357841-uc001eym.2-uc010pdg.1, ENSP00000360199	0.899952101915	E
1	0.105377309988	1.11113	ENSP00000240651-uc001rew.2-uc009zir.2, ENSP00000358770-uc001kxo.1-uc001kxp.1, ENSP00000360151-uc001kmp.2-uc001kmo.2, ENSP00000403476-uc010oia.1-uc010oib.1	0.89998488523	E
1	0.1046707538	1.11034	ENSP00000340766-uc001gqg.2-uc001gqf.2, ENSP00000355183, ENSP00000394902-uc001lei.1-uc010qtb.1, ENSP00000406571-uc003mds.3-uc003mdv.2	0.900620999819	E
1	0.104666819727	1.11034	ENSP00000005587-uc003syc.2-uc011jzj.1, ENSP00000367868-uc001imo.3-uc001imn.2, ENSP00000374359-uc003eiv.2-uc003eix.2, ENSP00000420533-uc003gdq.3-uc003gds.3	0.900624542934	E
1	0.104205912886	1.10983	ENSP00000263212-uc002zvp.1-uc011aik.1, ENSP00000281924-uc002ttx.2-uc002tty.2, ENSP00000351042-uc002nqi.2-uc002nqh.2, ENSP00000379353-uc001rfo.3-uc009zix.2	0.901039742624	E
1	0.103481570053	1.10903	ENSP00000215919-uc003aks.2-uc003akr.2, ENSP00000253270-uc004awc.2-uc004awd.2, ENSP00000358770-uc001kxo.1-uc001kxp.1, ENSP00000377864-uc001ses.2-uc001sev.2	0.901692640737	E
1	0.103474762432	1.10902	ENSP00000193322-uc003psd.2-uc003pse.1, ENSP00000291358-uc001bum.2-uc010ogz.1, ENSP00000367196-uc003zyz.2-uc003zyy.1, ENSP00000369274-uc004cyv.3-uc004cyu.3	0.901698779139	E
1	0.103041153869	1.10854	ENSP00000300738-uc001lyw.3-uc010qyd.1, ENSP00000398401-uc003umc.2-uc003umd.2, ENSP00000440926-uc003xfp.1-uc003xfq.1, ENSP00000452037-uc001xoq.3-uc010arv.2	0.90208984823	E
1	0.102315853542	1.10773	ENSP00000257700-uc003vda.1-uc010ljj.1, ENSP00000266544-uc001qnc.2-uc010ses.1, ENSP00000326804-uc003wey.2-uc003wez.2, ENSP00000334143-uc002vxx.3-uc002vxy.2	0.902744371626	E
1	0.102315853542	1.10773	ENSP00000261308-uc003jtv.3-uc011cqw.1, ENSP00000314193-uc002uql.1-uc002uqo.1, ENSP00000333667-uc001snf.1-uc010srj.1, ENSP00000472749-uc010noz.2-uc004elo.3	0.902744371626	E
1	0.102257664773	1.10767	ENSP00000351126-uc003kod.3-uc003kof.2, ENSP00000384797, ENSP00000411409-uc002cof.1-uc002coe.1, ENSP00000428982-uc003pqe.2-uc003pqd.2	0.902796902739	E
1	0.101801035147	1.10716	ENSP00000320043-uc003xry.2-uc011ldx.1, ENSP00000362824-uc004eaa.1-uc004ead.2, ENSP00000364899-uc004arb.2-uc011ltr.1, ENSP00000379154-uc001jap.1-uc001jao.1	0.903209240686	E
1	0.0977885052014	1.10273	ENSP00000296350-uc003fxk.3-uc003fxl.3, ENSP00000377643-uc002hun.1-uc002huk.1, ENSP00000378130-uc003hzr.3-uc003hzq.2, ENSP00000392775-uc003vbd.2-uc011klj.1	0.90684067556	E
1	0.0977372358996	1.10267	ENSP00000265077, ENSP00000362649-uc001bvb.1-uc010ohf.1, ENSP00000377389-uc001onw.2-uc001onz.2, ENSP00000407487-uc002bqg.2-uc002bqi.2	0.90688716984	E
1	0.0971515845538	1.10203	ENSP00000246151-uc001bhq.2-uc010oeb.1, ENSP00000365851-uc001irh.2-uc009xkg.2, ENSP00000411124-uc001yhq.2-uc001yhp.2, ENSP00000468541-uc002mcy.2-uc002mcz.2	0.907418445087	E
1	0.0969897704135	1.10185	ENSP00000262679-uc001ctd.3-uc009vzb.2, ENSP00000356607-uc001glz.2-uc010pnb.1, ENSP00000392105-uc010ppm.1-uc001gvo.2, ENSP00000394902-uc001lei.1-uc010qtb.1	0.907565290103	E
1	0.0965136907999	1.10132	ENSP00000215919-uc003aks.2-uc003akr.2, ENSP00000357507-uc001fei.2-uc001fef.1, ENSP00000359998-uc003pbf.2-uc003pbe.2, ENSP00000376197-uc003fwa.3-uc011btr.1	0.907997466303	E
1	0.096233629688	1.10102	ENSP00000333799-uc003ubr.2-uc010lca.2, ENSP00000363506-uc002xcd.2-uc010zuz.1, ENSP00000421552, ENSP00000439303-uc010ymi.1-uc002rma.2	0.908251796695	E
1	0.0960901287798	1.10086	ENSP00000242067-uc003tdn.1-uc003tdt.2, ENSP00000310170-uc001ogg.1-uc010ros.1, ENSP00000393835-uc010eci.2-uc002nog.2, ENSP00000452296-uc001vwc.3-uc001vwb.3	0.908382141005	E
1	0.0959323280686	1.10068	ENSP00000377756-uc010hoy.2-uc003drw.2, ENSP00000384164-uc010gci.1-uc002wpg.1, ENSP00000387006-uc002unp.2-uc002uno.2, ENSP00000451763-uc001xoz.1-uc010tuj.1	0.908525495663	E
1	0.0946240343551	1.09925	ENSP00000292616-uc003uzn.2-uc003uzo.2, ENSP00000380860, ENSP00000418754-uc011dve.1-uc010jyj.1, ENSP00000439966-uc001suc.2-uc010sti.1	0.909714891728	E
1	0.0941536792837	1.09873	ENSP00000255759-uc002dec.1-uc002ded.1, ENSP00000305924-uc001ycs.1-uc001ycr.2, ENSP00000326381-uc003fqs.2-uc003fqv.2, ENSP00000380891	0.910142881387	E
1	0.0940109032182	1.09857	ENSP00000316042-uc003lbt.2-uc010jeo.2, ENSP00000318884, ENSP00000365200-uc001vpo.2-uc001vpp.2, ENSP00000420793-uc002scl.2-uc010ypx.1	0.910272837283	E
1	0.0937363521913	1.09827	ENSP00000006015-uc003syx.2-uc003syy.2, ENSP00000358694-uc001kyp.1-uc001kyq.1, ENSP00000464052, ENSP00000467437-uc002jwj.2-uc002jwl.2	0.910522787936	E
1	0.0935348560263	1.09805	ENSP00000354529, ENSP00000401514, ENSP00000415436-uc001rrx.2-uc001rru.2, ENSP00000474435-uc002hjr.2-uc010wcj.1	0.910706273271	E
1	0.0931090628957	1.09758	ENSP00000267101-uc001sjh.2-uc001sjl.2, ENSP00000284548, ENSP00000319255-uc001pdg.2-uc009yvz.2, ENSP00000365851-uc001irh.2-uc009xkg.2	0.911094128313	E
1	0.0929938235315	1.09745	ENSP00000287675-uc003cih.2-uc011ayq.1, ENSP00000343129-uc001pwz.2-uc001pwy.2, ENSP00000362082-uc003orn.2-uc011duk.1, ENSP00000440978-uc010swq.1-uc010swp.1	0.911199128271	E
1	0.0923557476937	1.09675	ENSP00000307023-uc002raf.1-uc010yjc.1, ENSP00000348407-uc003bfk.2-uc003bfl.2, ENSP00000358060-uc001euq.2-uc009wlt.2, ENSP00000358770-uc001kxo.1-uc001kxp.1	0.911780727951	E
1	0.0915290529394	1.09585	ENSP00000305483-uc001ifc.1-uc001ifd.1, ENSP00000358694-uc001kyp.1-uc001kyq.1, ENSP00000370658-uc001riq.2-uc009zjl.2, ENSP00000374359-uc003eiv.2-uc003eix.2	0.912534803949	E
1	0.0915290529394	1.09585	ENSP00000315873, ENSP00000376197-uc003fwa.3-uc011btr.1, ENSP00000385575-uc003hly.3-uc003hlx.1, ENSP00000396205-uc011mad.1-uc010mxi.2	0.912534803949	E
1	0.0912802611796	1.09558	ENSP00000216129-uc003bdq.2-uc003bdp.2, ENSP00000347942-uc001jal.2-uc010qez.1, ENSP00000356641-uc001gku.1-uc009wwv.2, ENSP00000457354-uc002fhe.2-uc002fhd.2	0.912761863332	E
1	0.0908506069587	1.09511	ENSP00000251582-uc003mjw.2-uc011dgm.1, ENSP00000290810-uc002eqf.2-uc002eqg.2, ENSP00000338457-uc003acl.2-uc003ach.2, ENSP00000471074-uc002xfh.2-uc002xfg.2	0.913154119581	E
1	0.0908450951559	1.0951	ENSP00000239223-uc003mbv.1-uc011dez.1, ENSP00000386725-uc002uny.2-uc002unw.2, ENSP00000399501, ENSP00000426968-uc010iqc.2-uc003ioz.2	0.91315915272	E
1	0.0904638880941	1.09468	ENSP00000219473-uc002fii.2-uc010vof.1, ENSP00000227752-uc001prv.2-uc010rxn.1, ENSP00000349748-uc001bys.2-uc001byr.2, ENSP00000377643-uc002hun.1-uc002huk.1	0.913507321796	E
1	0.0903118077342	1.09452	ENSP00000265294-uc003mau.2-uc011dev.1, ENSP00000306920-uc003cfi.1-uc003cfj.1, ENSP00000342581-uc011mbe.1-uc004bvh.2, ENSP00000429286-uc003xun.2-uc003xum.2	0.913646258883	E
1	0.0899401456551	1.09411	ENSP00000261531-uc001xuf.2-uc010asu.2, ENSP00000368079-uc003iyw.3-uc010ism.2, ENSP00000379353-uc001rfo.3-uc009zix.2, ENSP00000435299-uc001lrv.2-uc001lrw.2	0.913985889661	E
1	0.089890115308	1.09405	ENSP00000221347, ENSP00000316739-uc001bes.2-uc001ber.2, ENSP00000321330-uc002qys.2-uc002qyt.2, ENSP00000364448-uc001vup.2-uc001vut.2	0.914031617836	E
1	0.0897675728163	1.09392	ENSP00000293677-uc002moa.2-uc002mnz.2, ENSP00000311427-uc002bau.2-uc002bav.2, ENSP00000335560-uc009zpy.2-uc001spb.2, ENSP00000367830-uc001aiq.2-uc009vla.2	0.914143632411	E
1	0.0895260025853	1.09366	ENSP00000292616-uc003uzn.2-uc003uzo.2, ENSP00000363558-uc010qfc.1-uc010qfd.1, ENSP00000441140-uc004arv.2-uc004arw.2, ENSP00000467207-uc002lxy.2-uc010dtl.1	0.914364488975	E
1	0.0894815924305	1.09361	ENSP00000330671, ENSP00000343129-uc001pwz.2-uc001pwy.2, ENSP00000346824-uc001wjm.2-uc010akk.2, ENSP00000350578-uc002yma.2-uc011acg.1	0.914405096945	E
1	0.0889264664284	1.093	ENSP00000303423-uc003xps.2-uc003xpu.2, ENSP00000307746-uc003ktq.1-uc003ktp.1, ENSP00000362187-uc004bsx.1-uc004bsw.1, ENSP00000464052	0.91491284791	E
1	0.0886050597681	1.09265	ENSP00000317272, ENSP00000327197-uc003fwz.3-uc011bty.1, ENSP00000338629, ENSP00000352567-uc003pwt.2-uc003pwu.2	0.915206954255	E
1	0.0882812336915	1.0923	ENSP00000259608-uc003zxe.1-uc003zxf.1, ENSP00000310657-uc001jvk.2-uc010qks.1, ENSP00000385575-uc003hly.3-uc003hlx.1, ENSP00000418823-uc002ehr.2-uc002ehs.2	0.915503370123	E
1	0.0876047768857	1.09156	ENSP00000309330-uc003tta.2-uc010kzr.2, ENSP00000324960-uc001olo.2-uc001oln.2, ENSP00000379154-uc001jap.1-uc001jao.1, ENSP00000395653-uc002hbf.1-uc002hbg.1	0.91612287812	E
1	0.0865523999052	1.09041	ENSP00000271588, ENSP00000281142-uc003igp.2-uc003igo.2, ENSP00000367815-uc002fhl.3-uc010vnw.1, ENSP00000454552-uc002fec.2-uc002fed.1	0.917087492228	E
1	0.0860667654484	1.08988	ENSP00000259569-uc003zjr.2-uc003zjs.2, ENSP00000295797-uc003fgs.2-uc003fgt.2, ENSP00000354897, ENSP00000435697-uc003yyv.2-uc011lki.1	0.917532969675	E
1	0.0857821220464	1.08957	ENSP00000278903-uc001qca.2-uc010sbf.1, ENSP00000285381-uc003ydj.2-uc011lfv.1, ENSP00000391524-uc011arv.1-uc011aru.1, ENSP00000458290-uc002klh.3-uc010dkj.2	0.917794176555	E
1	0.0853030456989	1.08905	ENSP00000292140-uc002own.3-uc010eit.2, ENSP00000313490-uc002gkr.2-uc002gks.2, ENSP00000375051-uc001chn.2-uc001chp.2, ENSP00000410545	0.918233975377	E
1	0.0845275660342	1.0882	ENSP00000259608-uc003zxe.1-uc003zxf.1, ENSP00000304898-uc002vot.2-uc002vox.2, ENSP00000362187-uc004bsx.1-uc004bsw.1, ENSP00000374455-uc003mkw.3-uc003mkv.3	0.918946323322	E
1	0.0844879174049	1.08816	ENSP00000345731-uc003fxn.3-uc011bud.1, ENSP00000378548-uc010apj.2-uc001xed.2, ENSP00000379006-uc002ape.3-uc010ujb.1, ENSP00000461108-uc002qis.3-uc002qiw.2	0.918982759006	E
1	0.0838572783631	1.08747	ENSP00000314499-uc003gbm.3-uc003gbk.3, ENSP00000320043-uc003xry.2-uc011ldx.1, ENSP00000355428-uc001iew.1-uc010pzq.1, ENSP00000429286-uc003xun.2-uc003xum.2	0.919562488194	E
1	0.0833024467774	1.08687	ENSP00000299767-uc001tkb.1-uc010swg.1, ENSP00000312066-uc002jqk.1-uc002jqj.1, ENSP00000354360-uc004caa.1-uc010mze.1, ENSP00000470965-uc002tmb.2-uc010yyq.1	0.920072832071	E
1	0.0825511209211	1.08605	ENSP00000310841-uc002fjw.2-uc010vot.1, ENSP00000333667-uc001snf.1-uc010srj.1, ENSP00000352282-uc001www.2-uc010tqg.1, ENSP00000386181-uc002uln.2-uc010zfc.1	0.920764366331	E
1	0.0825180308765	1.08602	ENSP00000253669-uc002nfe.2-uc002nff.2, ENSP00000315118-uc002oor.2-uc002ooq.1, ENSP00000332979-uc002yyw.2-uc010goo.2, ENSP00000452296-uc001vwc.3-uc001vwb.3	0.920794834969	E
1	0.0824990374035	1.086	ENSP00000255977-uc003vvt.2-uc011krd.1, ENSP00000357283-uc001fni.2-uc001fnk.2, ENSP00000363894-uc004bci.2-uc004bcj.1, ENSP00000382034-uc003obw.2-uc010juc.1	0.920812324227	E
1	0.0824990374035	1.086	ENSP00000226067-uc002iug.1-uc010dce.1, ENSP00000350578-uc002yma.2-uc011acg.1, ENSP00000406229, ENSP00000441045-uc003gkw.3-uc003gky.2	0.920812324227	E
1	0.0821614441085	1.08563	ENSP00000261047-uc003dxj.2-uc003dxk.2, ENSP00000265846-uc003sjo.3-uc003sjm.3, ENSP00000312158-uc003nib.1-uc003nic.1, ENSP00000324882-uc003vko.2-uc011kny.1	0.921123236772	E
1	0.0816338207532	1.08506	ENSP00000265348-uc003otq.2-uc010jyh.2, ENSP00000301011-uc002fky.2-uc002fkz.2, ENSP00000367064, ENSP00000439303-uc010ymi.1-uc002rma.2	0.921609371141	E
1	0.0812685712323	1.08466	ENSP00000260570-uc002rku.2-uc010ezb.2, ENSP00000284548, ENSP00000364448-uc001vup.2-uc001vut.2, ENSP00000402537-uc001zfh.1-uc010ubk.1	0.921946050005	E
1	0.08111423373	1.08449	ENSP00000271588, ENSP00000316042-uc003lbt.2-uc010jeo.2, ENSP00000337358-uc002zmf.2-uc002zme.2, ENSP00000379621-uc003ycn.2-uc003yco.2	0.922088351836	E
1	0.0809160129856	1.08428	ENSP00000226004-uc002ied.3-uc002ief.1, ENSP00000261047-uc003dxj.2-uc003dxk.2, ENSP00000370196-uc003blh.2-uc003blf.2, ENSP00000376197-uc003fwa.3-uc011btr.1	0.922271146992	E
1	0.0805323914688	1.08386	ENSP00000224949-uc001igt.1-uc001igs.1, ENSP00000284548, ENSP00000338777-uc002boq.3-uc002bos.3, ENSP00000385746-uc004dag.2-uc010nfs.2	0.92262501792	E
1	0.0788958331184	1.08209	ENSP00000335560-uc009zpy.2-uc001spb.2, ENSP00000362884-uc001brw.2-uc001brx.2, ENSP00000369677-uc002rii.3-uc002rik.3, ENSP00000399121-uc010ltu.2-uc003xav.2	0.924136183816	E
1	0.0784811408817	1.08164	ENSP00000291358-uc001bum.2-uc010ogz.1, ENSP00000328551-uc003gmu.2-uc003gmv.2, ENSP00000368884-uc004czu.2-uc011mjk.1, ENSP00000404684-uc003cui.2-uc003cuk.2	0.92451949539	E
1	0.0783409702895	1.08149	ENSP00000261819-uc001uag.2-uc010szv.1, ENSP00000261881-uc002apr.2-uc010ujn.1, ENSP00000269571-uc002hso.2-uc010wek.1, ENSP00000384582	0.924649094918	E
1	0.0782979000396	1.08144	ENSP00000321330-uc002qys.2-uc002qyt.2, ENSP00000347942-uc001jal.2-uc010qez.1, ENSP00000363753-uc004bdn.2-uc010mtr.2, ENSP00000467437-uc002jwj.2-uc002jwl.2	0.924688920643	E
1	0.0782000047077	1.08134	ENSP00000323973-uc003emn.2-uc003ems.2, ENSP00000327589, ENSP00000337746-uc002njd.1-uc002njf.1, ENSP00000471677-uc004dkn.2-uc011mmg.1	0.924779447803	E
1	0.0769538897826	1.07999	ENSP00000215919-uc003aks.2-uc003akr.2, ENSP00000342222-uc002gpy.2-uc002gpz.2, ENSP00000370196-uc003blh.2-uc003blf.2, ENSP00000404602-uc003soy.1-uc011jwj.1	0.925932547573	E
1	0.0767677773585	1.07979	ENSP00000261643-uc002gof.3-uc010vvt.1, ENSP00000342263-uc003cbm.2-uc003cbl.3, ENSP00000355050-uc010zvw.1-uc002xhj.2, ENSP00000364448-uc001vup.2-uc001vut.2	0.926104891161	E
1	0.0758666571625	1.07882	ENSP00000301475-uc010dwg.1-uc010xkh.1, ENSP00000355499-uc001hzw.2-uc001hzx.2, ENSP00000369538-uc001iil.3-uc001iim.3, ENSP00000386844	0.926939799102	E
1	0.0751166854374	1.07801	ENSP00000265846-uc003sjo.3-uc003sjm.3, ENSP00000312244-uc004cuw.2-uc004cux.2, ENSP00000324944-uc003ncx.1-uc011dji.1, ENSP00000362082-uc003orn.2-uc011duk.1	0.92763523849	E
1	0.074692916595	1.07755	ENSP00000238823-uc002rpa.1-uc010ynd.1, ENSP00000268489, ENSP00000320076-uc002jme.1-uc010wro.1, ENSP00000408576-uc003cop.1-uc010hit.1	0.928028424705	E
1	0.0744263962383	1.07727	ENSP00000170564-uc002nug.1-uc002nuh.1, ENSP00000311997, ENSP00000312158-uc003nib.1-uc003nic.1, ENSP00000375051-uc001chn.2-uc001chp.2	0.928275796135	E
1	0.0740349754746	1.07684	ENSP00000363753-uc004bdn.2-uc010mtr.2, ENSP00000365637-uc001iru.3-uc001isa.1, ENSP00000419475-uc003exk.2-uc003exj.1, ENSP00000451763-uc001xoz.1-uc010tuj.1	0.928639213676	E
1	0.0729367056517	1.07566	ENSP00000251582-uc003mjw.2-uc011dgm.1, ENSP00000294785-uc001fvx.2-uc010pjg.1, ENSP00000364899-uc004arb.2-uc011ltr.1, ENSP00000452296-uc001vwc.3-uc001vwb.3	0.929659670367	E
1	0.0728526147905	1.07557	ENSP00000335560-uc009zpy.2-uc001spb.2, ENSP00000362804-uc001jnh.3-uc009xpq.2, ENSP00000386759, ENSP00000434442-uc001ndt.2-uc010rhc.1	0.929737849536	E
1	0.072618456127	1.07532	ENSP00000261475-uc001wss.2-uc001wst.2, ENSP00000262304, ENSP00000326804-uc003wey.2-uc003wez.2, ENSP00000433388-uc003dcn.2-uc010hly.2	0.929955581199	E
1	0.0726110917868	1.07531	ENSP00000249075-uc003agz.2-uc011aks.1, ENSP00000360186, ENSP00000363894-uc004bci.2-uc004bcj.1, ENSP00000457258-uc002ejb.2-uc002ejc.2	0.929962429734	E
1	0.0720310303492	1.07469	ENSP00000266544-uc001qnc.2-uc010ses.1, ENSP00000291358-uc001bum.2-uc010ogz.1, ENSP00000360112-uc001dbs.1-uc010opb.1, ENSP00000368800-uc010cdu.2-uc002ept.2	0.930502021561	E
1	0.0719912697747	1.07465	ENSP00000279804-uc002dzw.2-uc002dzx.2, ENSP00000338457-uc003acl.2-uc003ach.2, ENSP00000389998-uc011lgk.1-uc011lgl.1, ENSP00000415057-uc010ukd.1-uc010bik.1	0.930539019591	E
1	0.0718936788303	1.07454	ENSP00000207457-uc001bzr.2-uc001bzs.2, ENSP00000339016-uc001kez.1-uc010qmr.1, ENSP00000352447-uc001hfd.2-uc009xcb.1, ENSP00000369773-uc003mux.2-uc011dhs.1	0.930629836204	E
1	0.0717000041002	1.07433	ENSP00000329419-uc003etf.3-uc011bmv.1, ENSP00000340626, ENSP00000440495-uc010xim.1-uc002mbr.3, ENSP00000473196-uc004fip.2-uc004fio.2	0.930810093142	E
1	0.0712256546928	1.07382	ENSP00000230901-uc003lcg.2-uc011cyl.1, ENSP00000358335-uc003pnz.1-uc003pny.1, ENSP00000365388-uc001isv.2-uc010qdf.1, ENSP00000429865	0.931251727094	E
1	0.0705630616212	1.07311	ENSP00000238561-uc001xui.2-uc001xuj.2, ENSP00000259608-uc003zxe.1-uc003zxf.1, ENSP00000290341-uc002iom.2-uc010dbj.2, ENSP00000295550	0.931868972505	E
1	0.0705111672462	1.07306	ENSP00000253490-uc003mdk.2-uc010jjy.1, ENSP00000369887-uc002afp.2-uc002afn.2, ENSP00000411409, ENSP00000414786-uc003yen.2-uc003yeo.2	0.931917332517	E
1	0.0697829062714	1.07228	ENSP00000174653-uc003xoo.2-uc010lxe.2, ENSP00000367893-uc001imk.2-uc010qbs.1, ENSP00000379154-uc001jap.1-uc001jao.1, ENSP00000454552-uc002fec.2-uc002fed.1	0.93259625873	E
1	0.0696862956792	1.07217	ENSP00000353114, ENSP00000354571-uc001ora.2-uc001orb.2, ENSP00000357507-uc001fei.2-uc001fef.1, ENSP00000362580-uc010ohm.1-uc010ohn.1	0.932686361759	E
1	0.0695129033877	1.07199	ENSP00000229854-uc003pan.1-uc011dwu.1, ENSP00000264670-uc003jdu.2-uc003jds.2, ENSP00000360187, ENSP00000411409	0.932848096406	E
1	0.0691860757946	1.07164	ENSP00000265395-uc003szf.2-uc003szh.2, ENSP00000355623-uc001hub.2-uc009xfh.1, ENSP00000367064, ENSP00000380891	0.933153026731	E
1	0.0689493235462	1.07138	ENSP00000005178-uc003uoa.2-uc003unz.2, ENSP00000356210-uc003qph.2-uc003qpg.2, ENSP00000360158, ENSP00000397552-uc003fjw.2-uc003fjx.2	0.933373978963	E
1	0.0679193021738	1.07028	ENSP00000251241-uc002ixn.1-uc010wof.1, ENSP00000367064, ENSP00000369677-uc002rii.3-uc002rik.3, ENSP00000389998-uc011lgk.1-uc011lgl.1	0.934335869409	E
1	0.0675013715129	1.06983	ENSP00000324842-uc001uhc.2-uc009zyh.2, ENSP00000359233-uc001dqn.3-uc009wdr.2, ENSP00000469583-uc010rye.1-uc001pti.2, ENSP00000472749-uc010noz.2-uc004elo.3	0.934726438626	E
1	0.0669919062995	1.06929	ENSP00000301475-uc010dwg.1-uc010xkh.1, ENSP00000343002-uc010aaz.2-uc001uto.3, ENSP00000351631-uc001pfn.2-uc001pfm.2, ENSP00000377756-uc010hoy.2-uc003drw.2	0.935202770557	E
1	0.06681608181	1.0691	ENSP00000279804-uc002dzw.2-uc002dzx.2, ENSP00000350967-uc002kzk.1-uc002kzo.1, ENSP00000376362-uc001tui.1-uc001tuh.2, ENSP00000380869-uc010tlt.1-uc010ain.2	0.935367216563	E
1	0.0658962909873	1.06812	ENSP00000281405-uc002rdj.2-uc002rdh.2, ENSP00000291358-uc001bum.2-uc010ogz.1, ENSP00000345789-uc002lrz.2-uc002lsd.2, ENSP00000395007-uc010lpi.2-uc003wfw.2	0.936227954534	E
1	0.0641067225354	1.06621	ENSP00000276893-uc003zjy.2-uc003zkb.2, ENSP00000279263-uc001oct.2-uc010rny.1, ENSP00000291560-uc002zdi.2-uc011aey.1, ENSP00000386759	0.937904898601	E
1	0.0636799809328	1.06575	ENSP00000258145-uc001ssg.3-uc001ssf.2, ENSP00000293677-uc002moa.2-uc002mnz.2, ENSP00000357336-uc001fkj.2-uc001fks.2, ENSP00000384164-uc010gci.1-uc002wpg.1	0.938305227052	E
1	0.0636246373809	1.06569	ENSP00000207457-uc001bzr.2-uc001bzs.2, ENSP00000316054-uc003fms.2-uc003fmu.2, ENSP00000335560-uc009zpy.2-uc001spb.2, ENSP00000353375-uc003csb.2-uc003crw.2	0.938357157633	E
1	0.0628999568748	1.06492	ENSP00000345789-uc002lrz.2-uc002lsd.2, ENSP00000368079-uc003iyw.3-uc010ism.2, ENSP00000394902-uc001lei.1-uc010qtb.1, ENSP00000418285	0.939037413228	E
1	0.0623034848199	1.06429	ENSP00000295550, ENSP00000308344-uc002jbc.2-uc010wpn.1, ENSP00000357551-uc001lmg.1-uc001lmf.1, ENSP00000360186	0.939597689881	E
1	0.0622645359133	1.06424	ENSP00000316042-uc003lbt.2-uc010jeo.2, ENSP00000318884, ENSP00000355330-uc002xhr.2-uc010zvx.1, ENSP00000413937-uc002fsr.2-uc010vql.1	0.939634286897	E
1	0.0621882189935	1.06416	ENSP00000284503-uc003wue.2-uc003wuf.2, ENSP00000285381-uc003ydj.2-uc011lfv.1, ENSP00000359621-uc001dkp.2-uc001dko.2, ENSP00000469022-uc002nbc.2-uc002nba.3	0.939705999627	E
1	0.062045752088	1.06401	ENSP00000274000-uc003iaj.3-uc003iak.3, ENSP00000348429-uc001kzu.2-uc010qrj.1, ENSP00000349629, ENSP00000350967-uc002kzk.1-uc002kzo.1	0.93983988617	E
1	0.0617547561519	1.0637	ENSP00000264094-uc002smp.1-uc002smo.1, ENSP00000281416-uc002urz.2-uc010zge.1, ENSP00000374359-uc003eiv.2-uc003eix.2, ENSP00000412394	0.940113415554	E
1	0.0615287187629	1.06346	ENSP00000260408-uc002afd.1-uc010ugz.1, ENSP00000356272-uc003qoi.2-uc011eeq.1, ENSP00000401470-uc003azu.2-uc003azr.2, ENSP00000423228-uc003jlg.1-uc003jlb.1	0.940325940354	E
1	0.0613567771781	1.06328	ENSP00000273179-uc003chg.2-uc003chh.2, ENSP00000316578-uc002hgs.2-uc002hgt.2, ENSP00000362082-uc003orn.2-uc011duk.1, ENSP00000413937-uc002fsr.2-uc010vql.1	0.940487635387	E
1	0.0608078442343	1.06269	ENSP00000316042-uc003lbt.2-uc010jeo.2, ENSP00000352798, ENSP00000355897-uc001hlm.2-uc001hlo.2, ENSP00000386996-uc002vtb.1-uc002vta.2	0.941004041757	E
1	0.0607922941081	1.06268	ENSP00000289968-uc002dnb.2-uc002dmw.2, ENSP00000332595-uc003ttz.2-uc003tub.2, ENSP00000373390, ENSP00000452120-uc001shh.2-uc001shg.2	0.941018674602	E
1	0.0605420687782	1.06241	ENSP00000347665, ENSP00000384998-uc010zoj.1-uc002wan.1, ENSP00000393860-uc003xmi.3-uc011lce.1, ENSP00000419231-uc003esl.2-uc011bmm.1	0.941254170773	E
1	0.060037801241	1.06188	ENSP00000006015-uc003syx.2-uc003syy.2, ENSP00000238146-uc001ufi.2-uc001ufl.2, ENSP00000335321, ENSP00000352282-uc001www.2-uc010tqg.1	0.941728934389	E
1	0.0600226129419	1.06186	ENSP00000271588, ENSP00000313854-uc003jch.2-uc003jcg.2, ENSP00000345444-uc001qfp.2-uc009zcv.2, ENSP00000358813-uc003pjc.2-uc003pjb.3	0.941743237758	E
1	0.0599790918365	1.06181	ENSP00000284503-uc003wue.2-uc003wuf.2, ENSP00000352510-uc001ylw.1-uc010txx.1, ENSP00000354529, ENSP00000400065-uc003afi.2-uc011ako.1	0.941784224357	E
1	0.0585833300323	1.06033	ENSP00000322532-uc001oic.3-uc001oid.3, ENSP00000358862-uc001kwt.2-uc001kwu.2, ENSP00000385715-uc002rhx.2-uc002rhw.2, ENSP00000421202-uc003jrh.3-uc003jrk.3	0.943099648601	E
1	0.0584348033213	1.06018	ENSP00000005587-uc003syc.2-uc011jzj.1, ENSP00000329419-uc003etf.3-uc011bmv.1, ENSP00000384582, ENSP00000452120-uc001shh.2-uc001shg.2	0.943239734493	E
1	0.0574563553769	1.05914	ENSP00000234256-uc010yqa.1-uc010ypz.1, ENSP00000259806-uc003mtm.2-uc003mtn.2, ENSP00000329002-uc001fes.2-uc009wov.2, ENSP00000375936-uc002vkw.1-uc002vky.2	0.94416309713	E
1	0.0572250547567	1.05889	ENSP00000207457-uc001bzr.2-uc001bzs.2, ENSP00000299853-uc002dkk.2-uc010vbt.1, ENSP00000318115-uc002olu.1-uc002olt.1, ENSP00000341154-uc001yno.2-uc001yns.2	0.944381507898	E
1	0.0560638730724	1.05767	ENSP00000259806-uc003mtm.2-uc003mtn.2, ENSP00000378322-uc003hvu.2-uc010ilk.2, ENSP00000386844, ENSP00000458290-uc002klh.3-uc010dkj.2	0.945478743329	E
1	0.0560335194748	1.05763	ENSP00000246032-uc002wfw.3-uc010zpu.1, ENSP00000262809-uc002njh.2-uc002njg.2, ENSP00000351631-uc001pfn.2-uc001pfm.2, ENSP00000373390	0.945507442446	E
1	0.0552894180094	1.05685	ENSP00000202556-uc001yof.1-uc010awv.1, ENSP00000340693-uc003dts.2-uc003dtu.2, ENSP00000354850-uc001ktv.2-uc001ktu.2, ENSP00000423228-uc003jlg.1-uc003jlb.1	0.946211257742	E
1	0.0551390215531	1.05669	ENSP00000354560-uc001ggv.2-uc010plx.1, ENSP00000360577-uc001cup.3-uc010onl.1, ENSP00000386759, ENSP00000399828-uc003gfr.2-uc003gfn.2	0.946353575264	E
1	0.0548464645397	1.05638	ENSP00000295448-uc003gwy.2-uc011bzb.1, ENSP00000318884, ENSP00000359245, ENSP00000375936-uc002vkw.1-uc002vky.2	0.946630478143	E
1	0.0547784898405	1.05631	ENSP00000350967-uc002kzk.1-uc002kzo.1, ENSP00000355050-uc010zvw.1-uc002xhj.2, ENSP00000382809-uc002yng.2-uc010glp.2, ENSP00000449960-uc001sef.2-uc001see.2	0.946694827252	E
1	0.0540959696657	1.05559	ENSP00000261632-uc001uni.2-uc010tcq.1, ENSP00000326674-uc002chn.2-uc002chp.2, ENSP00000328103-uc003ala.1-uc003akx.1, ENSP00000367868-uc001imo.3-uc001imn.2	0.947341186122	E
1	0.0534338863207	1.05489	ENSP00000239906-uc003lcw.2-uc011cyr.1, ENSP00000354897, ENSP00000355623-uc001hub.2-uc009xfh.1, ENSP00000428982-uc003pqe.2-uc003pqd.2	0.947968612625	E
1	0.053337478507	1.05479	ENSP00000368031-uc001aga.1-uc001agb.1, ENSP00000368079-uc003iyw.3-uc010ism.2, ENSP00000406229, ENSP00000449960-uc001sef.2-uc001see.2	0.948060008612	E
1	0.0533279827088	1.05478	ENSP00000238714-uc002sai.2-uc010fch.2, ENSP00000382034-uc003obw.2-uc010juc.1, ENSP00000383411-uc002yju.1-uc010gky.1, ENSP00000418285	0.948069011241	E
1	0.0525979709577	1.05401	ENSP00000221347, ENSP00000285381-uc003ydj.2-uc011lfv.1, ENSP00000297990-uc003zsz.2-uc003zsy.2, ENSP00000419475-uc003exk.2-uc003exj.1	0.948761365443	E
1	0.0513681662683	1.05271	ENSP00000352208-uc001kin.2-uc009xue.2, ENSP00000364509-uc004auf.1-uc010mrj.1, ENSP00000386844, ENSP00000407487-uc002bqg.2-uc002bqi.2	0.949928874376	E
1	0.0513395979162	1.05268	ENSP00000350249-uc003vlm.2-uc003vlo.2, ENSP00000379931-uc003ccg.2-uc010hfc.2, ENSP00000417601-uc003cfp.2-uc011axp.1, ENSP00000420721	0.949956012666	E
1	0.0511537639998	1.05248	ENSP00000338235-uc003yhz.2-uc010mbf.2, ENSP00000347665, ENSP00000359998-uc003pbf.2-uc003pbe.2, ENSP00000470710-uc011myk.1-uc004fgx.2	0.950132563116	E
1	0.0503598286131	1.05165	ENSP00000266544-uc001qnc.2-uc010ses.1, ENSP00000370839-uc003gzj.2-uc011bzp.1, ENSP00000410545, ENSP00000440495-uc010xim.1-uc002mbr.3	0.95088720651	E
1	0.0501520010333	1.05143	ENSP00000256689-uc001rpg.2-uc010sli.1, ENSP00000257527-uc003lwz.2-uc003lwy.2, ENSP00000281038-uc001ozi.2-uc010rsq.1, ENSP00000368102-uc001ilq.1-uc009xjb.1	0.951084847633	E
1	0.0500591233897	1.05133	ENSP00000218089, ENSP00000237596-uc003hre.2-uc011cdg.1, ENSP00000282308-uc002qqu.2-uc010euj.2, ENSP00000301924-uc003xfl.1-uc010lup.1	0.951173186255	E
1	0.0499405176169	1.05121	ENSP00000260408-uc002afd.1-uc010ugz.1, ENSP00000264350-uc003hrt.2-uc011cdm.1, ENSP00000333667-uc001snf.1-uc010srj.1, ENSP00000396861-uc010jaf.1-uc003kga.2	0.951286007577	E
1	0.0498876108482	1.05115	ENSP00000312734-uc002alz.2-uc010uih.1, ENSP00000363894-uc004bci.2-uc004bcj.1, ENSP00000373347-uc003brf.1-uc003brg.1, ENSP00000416892-uc003auf.2-uc003auh.2	0.951336338377	E
1	0.0497253021493	1.05098	ENSP00000279804-uc002dzw.2-uc002dzx.2, ENSP00000331504-uc002bpv.2-uc002bpy.2, ENSP00000386844, ENSP00000406012-uc002cmb.2-uc002clz.2	0.951490761072	E
1	0.0497253021493	1.05098	ENSP00000019103-uc002tma.2-uc002tlz.2, ENSP00000308018-uc003ziz.1-uc003zja.1, ENSP00000337008-uc001dnw.2-uc001dnx.2, ENSP00000377617-uc002skk.2-uc010yrp.1	0.951490761072	E
1	0.0496320411117	1.05088	ENSP00000264266-uc003fcl.1-uc011box.1, ENSP00000346065-uc003oyj.2-uc010jze.2, ENSP00000348564-uc001zql.2-uc001zqj.2, ENSP00000357283-uc001fni.2-uc001fnk.2	0.951579502225	E
1	0.0491416563425	1.05037	ENSP00000261047-uc003dxj.2-uc003dxk.2, ENSP00000312618-uc003ela.3-uc003ele.2, ENSP00000417963-uc003oth.2-uc010jyd.2, ENSP00000457354-uc002fhe.2-uc002fhd.2	0.952046256755	E
1	0.0490838531877	1.05031	ENSP00000364448-uc001vup.2-uc001vut.2, ENSP00000370761-uc001rgn.2-uc001rgo.2, ENSP00000377954-uc003lnx.1-uc011dbq.1, ENSP00000385030-uc002rgu.2-uc010ykr.1	0.952101289623	E
1	0.0488070824275	1.05002	ENSP00000310244-uc001zke.3-uc010bbg.2, ENSP00000341097, ENSP00000358262-uc001epm.3-uc009wji.2, ENSP00000416892-uc003auf.2-uc003auh.2	0.952364839891	E
1	0.0488002259971	1.05001	ENSP00000261173-uc001tbh.2-uc009zsr.2, ENSP00000284503-uc003wue.2-uc003wuf.2, ENSP00000360187, ENSP00000362082-uc003orn.2-uc011duk.1	0.952371369736	E
1	0.0487824332376	1.04999	ENSP00000257527-uc003lwz.2-uc003lwy.2, ENSP00000259806-uc003mtm.2-uc003mtn.2, ENSP00000271227-uc001dqv.3-uc010ott.1, ENSP00000368031-uc001aga.1-uc001agb.1	0.952388315202	E
1	0.0487077081939	1.04991	ENSP00000259608-uc003zxe.1-uc003zxf.1, ENSP00000263736-uc002rus.2-uc010yoc.1, ENSP00000267836-uc001zwj.3-uc001zwh.3, ENSP00000370196-uc003blh.2-uc003blf.2	0.952459485119	E
1	0.0486055778779	1.04981	ENSP00000207457-uc001bzr.2-uc001bzs.2, ENSP00000234160-uc002ugk.2-uc002ugm.2, ENSP00000357507-uc001fei.2-uc001fef.1, ENSP00000415793	0.952556765075	E
1	0.0484269464402	1.04962	ENSP00000196482-uc002qsw.1-uc002qsx.1, ENSP00000253490-uc003mdk.2-uc010jjy.1, ENSP00000296473-uc003cxz.2-uc003cya.2, ENSP00000344223-uc002fhi.2-uc002fhh.2	0.952726936858	E
1	0.0478388305457	1.049	ENSP00000221347, ENSP00000323973-uc003emn.2-uc003ems.2, ENSP00000326804-uc003wey.2-uc003wez.2, ENSP00000413520-uc002jmj.3-uc002jmi.2	0.95328741551	E
1	0.0478388305457	1.049	ENSP00000268099-uc002azb.1-uc002aza.1, ENSP00000399121-uc010ltu.2-uc003xav.2, ENSP00000403476-uc010oia.1-uc010oib.1, ENSP00000408576-uc003cop.1-uc010hit.1	0.95328741551	E
1	0.0477160044881	1.04887	ENSP00000228280-uc001tav.2-uc009zsn.2, ENSP00000255121-uc001coj.1-uc001coi.1, ENSP00000264638-uc002iay.2-uc010wgs.1, ENSP00000440495-uc010xim.1-uc002mbr.3	0.953404511236	E
1	0.0468848506909	1.048	ENSP00000251582-uc003mjw.2-uc011dgm.1, ENSP00000264638-uc002iay.2-uc010wgs.1, ENSP00000349490-uc003ass.1-uc003asr.1, ENSP00000378086-uc001xip.2-uc001xis.2	0.954197266421	E
1	0.0466270862393	1.04773	ENSP00000237596-uc003hre.2-uc011cdg.1, ENSP00000306340-uc011cbp.1-uc003hiq.2, ENSP00000331504-uc002bpv.2-uc002bpy.2, ENSP00000409493	0.954443256258	E
1	0.046293926721	1.04738	ENSP00000305924-uc001ycs.1-uc001ycr.2, ENSP00000392264-uc010rre.1-uc009yth.2, ENSP00000393596, ENSP00000419879-uc002wls.2-uc010zqv.1	0.954761291089	E
1	0.0462827431808	1.04737	ENSP00000259608-uc003zxe.1-uc003zxf.1, ENSP00000330361-uc003zfc.3-uc003zfd.2, ENSP00000355299-uc001gqt.3-uc001gqu.3, ENSP00000359364-uc002yeh.2-uc011aaq.1	0.95477196876	E
1	0.0462827431808	1.04737	ENSP00000272462-uc002tfk.2-uc010fju.2, ENSP00000311997, ENSP00000354360-uc004caa.1-uc010mze.1, ENSP00000358813-uc003pjc.2-uc003pjb.3	0.95477196876	E
1	0.0460479339627	1.04712	ENSP00000265395-uc003szf.2-uc003szh.2, ENSP00000265872-uc001joo.2-uc010qjb.1, ENSP00000318012-uc004bvu.3-uc011mbj.1, ENSP00000441202-uc001zcs.2-uc001zcr.2	0.954996184342	E
1	0.0457414278814	1.0468	ENSP00000312158-uc003nib.1-uc003nic.1, ENSP00000327197-uc003fwz.3-uc011bty.1, ENSP00000361178-uc004eof.1-uc004eog.1, ENSP00000381785-uc004bga.1-uc011lwv.1	0.955288941344	E
1	0.0454027839378	1.04645	ENSP00000225576, ENSP00000260128-uc003xyg.2-uc003xyi.1, ENSP00000366502-uc010oag.1-uc001aqf.2, ENSP00000439856-uc002nei.1-uc010xpg.1	0.95561249894	E
1	0.0451154656679	1.04615	ENSP00000300249-uc002kyg.2-uc010xcd.1, ENSP00000326534-uc001zpc.2-uc001zpb.2, ENSP00000355050-uc010zvw.1-uc002xhj.2, ENSP00000377643-uc002hun.1-uc002huk.1	0.955887103318	E
1	0.0451114562595	1.04614	ENSP00000263440-uc010oow.1-uc001daz.2, ENSP00000318884, ENSP00000333667-uc001snf.1-uc010srj.1, ENSP00000358813-uc003pjc.2-uc003pjb.3	0.955890935867	E
1	0.0448502552491	1.04587	ENSP00000245796-uc002tjc.2-uc002tjh.2, ENSP00000369695-uc003zoe.2-uc011lnf.1, ENSP00000409493, ENSP00000415889-uc003wut.1-uc011kxl.1	0.956140648157	E
1	0.0447998267413	1.04582	ENSP00000351627-uc002ozp.3-uc002ozo.3, ENSP00000353292-uc001qnw.2-uc001qnv.2, ENSP00000386759, ENSP00000468541-uc002mcy.2-uc002mcz.2	0.956188866119	E
1	0.0447411423407	1.04576	ENSP00000246151-uc001bhq.2-uc010oeb.1, ENSP00000261292-uc002ldv.2-uc010xdh.1, ENSP00000358605-uc001kzc.3-uc001kzb.2, ENSP00000384797	0.956244981136	E
1	0.0446071184983	1.04562	ENSP00000261191-uc001rhk.3-uc001rhj.3, ENSP00000267938-uc002bbg.2-uc002bbi.2, ENSP00000318775-uc003gro.2-uc003grp.2, ENSP00000429865	0.956373149351	E
1	0.0445354129621	1.04554	ENSP00000234256-uc010yqa.1-uc010ypz.1, ENSP00000354529, ENSP00000467075-uc010xdd.1-uc002lcy.2, ENSP00000470203-uc004fjs.1-uc010nur.2	0.956441729059	E
1	0.0445225506662	1.04553	ENSP00000259608-uc003zxe.1-uc003zxf.1, ENSP00000304898-uc002vot.2-uc002vox.2, ENSP00000307275-uc001fjs.2-uc001fjr.2, ENSP00000397552-uc003fjw.2-uc003fjx.2	0.956454031175	E
1	0.0444336699936	1.04544	ENSP00000317128-uc003emx.2-uc003emw.2, ENSP00000364448-uc001vup.2-uc001vut.2, ENSP00000369431-uc003zqc.2-uc003zqb.2, ENSP00000401514	0.95653904523	E
1	0.044306833929	1.0453	ENSP00000253925-uc001opo.2-uc001opr.2, ENSP00000269701-uc002nav.2-uc010dzy.2, ENSP00000326514-uc003hbf.1-uc003hbg.1, ENSP00000429286-uc003xun.2-uc003xum.2	0.956660376573	E
1	0.0441213317118	1.04511	ENSP00000260803-uc003erv.2-uc003ert.2, ENSP00000407642-uc004fhc.2-uc004fhd.2, ENSP00000422464-uc003iph.1-uc011cir.1, ENSP00000441202-uc001zcs.2-uc001zcr.2	0.956837855655	E
1	0.0439290751183	1.04491	ENSP00000261643-uc002gof.3-uc010vvt.1, ENSP00000281038-uc001ozi.2-uc010rsq.1, ENSP00000291560-uc002zdi.2-uc011aey.1, ENSP00000304898-uc002vot.2-uc002vox.2	0.957021831726	E
1	0.0437746231857	1.04475	ENSP00000203001-uc002wmh.1-uc010zra.1, ENSP00000317904-uc002plp.2-uc010xzy.1, ENSP00000373390, ENSP00000375810-uc002pbf.1-uc010ejy.1	0.957169657013	E
1	0.043341276584	1.04429	ENSP00000258796-uc003smp.2-uc010ksn.2, ENSP00000279804-uc002dzw.2-uc002dzx.2, ENSP00000307491-uc003cit.2-uc003ciu.2, ENSP00000417401-uc002yfm.2-uc002yfl.1	0.957584533118	E
1	0.0432516158506	1.0442	ENSP00000266544-uc001qnc.2-uc010ses.1, ENSP00000295373-uc002rrf.2-uc002rrd.3, ENSP00000379154-uc001jap.1-uc001jao.1, ENSP00000458302-uc003uae.1-uc003uaf.1	0.957670394698	E
1	0.0430173306508	1.04396	ENSP00000280700-uc003cdl.2-uc003cdk.2, ENSP00000379353-uc001rfo.3-uc009zix.2, ENSP00000385030-uc002rgu.2-uc010ykr.1, ENSP00000471186-uc004fli.3-uc004flj.2	0.957894788983	E
1	0.0429630081727	1.0439	ENSP00000239223-uc003mbv.1-uc011dez.1, ENSP00000367064, ENSP00000400717-uc002jfc.2-uc010wqh.1, ENSP00000414786-uc003yen.2-uc003yeo.2	0.957946825615	E
1	0.0427457336961	1.04367	ENSP00000349824-uc004cxv.1-uc004cxw.1, ENSP00000361818-uc002xnu.2-uc010zws.1, ENSP00000454552-uc002fec.2-uc002fed.1, ENSP00000457354-uc002fhe.2-uc002fhd.2	0.958154985623	E
1	0.0426478509096	1.04357	ENSP00000291565-uc002zdm.3-uc002zdq.3, ENSP00000314420-uc002gkd.2-uc010cns.2, ENSP00000328412-uc002kay.3-uc002kaz.3, ENSP00000340062	0.958248777093	E
1	0.0424432492032	1.04336	ENSP00000019103-uc002tma.2-uc002tlz.2, ENSP00000072644-uc001cvu.2-uc001cvy.2, ENSP00000320043-uc003xry.2-uc011ldx.1, ENSP00000367872-uc001aif.2-uc009vky.2	0.958444856487	E
1	0.042427826471	1.04334	ENSP00000256079-uc001rjd.2-uc001rje.1, ENSP00000304669-uc003ldh.2-uc003ldl.2, ENSP00000359245, ENSP00000380891	0.958459638439	E
1	0.0423583682696	1.04327	ENSP00000246151-uc001bhq.2-uc010oeb.1, ENSP00000356155-uc001haw.2-uc010pqv.1, ENSP00000367263, ENSP00000376197-uc003fwa.3-uc011btr.1	0.958526213634	E
1	0.0422415741087	1.04315	ENSP00000265963-uc001moh.2-uc001moj.2, ENSP00000348359-uc001ptt.2-uc009zai.1, ENSP00000357438-uc001ffx.2-uc001ffu.2, ENSP00000441202-uc001zcs.2-uc001zcr.2	0.958638170436	E
1	0.0419267957658	1.04282	ENSP00000381785-uc004bga.1-uc011lwv.1, ENSP00000383401-uc002kod.1-uc002kof.2, ENSP00000413937-uc002fsr.2-uc010vql.1, ENSP00000429286-uc003xun.2-uc003xum.2	0.95893997647	E
1	0.0417894129633	1.04267	ENSP00000262304, ENSP00000298281, ENSP00000327179-uc002ews.3-uc010cfi.2, ENSP00000422464-uc003iph.1-uc011cir.1	0.959071727381	E
1	0.0416667774078	1.04255	ENSP00000219473-uc002fii.2-uc010vof.1, ENSP00000279263-uc001oct.2-uc010rny.1, ENSP00000284878-uc002yki.2-uc002ykj.1, ENSP00000360187	0.959189350887	E
1	0.0416119936793	1.04249	ENSP00000312244-uc004cuw.2-uc004cux.2, ENSP00000327009-uc002rmv.2-uc002rmw.2, ENSP00000339435-uc002fue.1-uc002fui.1, ENSP00000376799-uc001pkh.2-uc010rvx.1	0.959241900296	E
1	0.0415239186042	1.0424	ENSP00000230640-uc003jpy.3-uc011cqi.1, ENSP00000357307-uc001fmg.2-uc010pgq.1, ENSP00000380860, ENSP00000428982-uc003pqe.2-uc003pqd.2	0.959326389319	E
1	0.0408615786774	1.04171	ENSP00000239906-uc003lcw.2-uc011cyr.1, ENSP00000264670-uc003jdu.2-uc003jds.2, ENSP00000360202, ENSP00000376178-uc001uio.2-uc001uip.2	0.959961999961	E
1	0.0408303522065	1.04168	ENSP00000378548-uc010apj.2-uc001xed.2, ENSP00000423485-uc010jgh.2-uc003lmh.3, ENSP00000430548-uc003yht.1-uc003yhu.1, ENSP00000471656-uc001qsi.2-uc010sfw.1	0.959991976655	E
1	0.040707897091	1.04155	ENSP00000258733-uc003swb.2-uc011jyz.1, ENSP00000366522-uc003zds.1-uc011llk.1, ENSP00000374359-uc003eiv.2-uc003eix.2, ENSP00000471039-uc004dlx.1-uc004dlw.1	0.960109539781	E
1	0.0404366996722	1.04127	ENSP00000296529-uc003ipx.2-uc010iqi.2, ENSP00000321498-uc003vvo.2-uc003vvn.2, ENSP00000381693-uc001jve.2-uc009xrn.1, ENSP00000386810-uc010ywk.1-uc010ywl.1	0.96036995432	E
1	0.040426539064	1.04125	ENSP00000301067, ENSP00000307491-uc003cit.2-uc003ciu.2, ENSP00000316054-uc003fms.2-uc003fmu.2, ENSP00000326674-uc002chn.2-uc002chp.2	0.960379712313	E
1	0.039920086563	1.04073	ENSP00000216129-uc003bdq.2-uc003bdp.2, ENSP00000257527-uc003lwz.2-uc003lwy.2, ENSP00000320076-uc002jme.1-uc010wro.1, ENSP00000333799-uc003ubr.2-uc010lca.2	0.960866222207	E
1	0.0399127870028	1.04072	ENSP00000269217-uc002kus.3-uc002kut.3, ENSP00000298281, ENSP00000359819-uc004eyb.2-uc010nrv.2, ENSP00000362136-uc001cby.2-uc001cbz.2	0.960873236133	E
1	0.0394202239361	1.04021	ENSP00000227752-uc001prv.2-uc010rxn.1, ENSP00000328551-uc003gmu.2-uc003gmv.2, ENSP00000343129-uc001pwz.2-uc001pwy.2, ENSP00000470965-uc002tmb.2-uc010yyq.1	0.961346643383	E
1	0.0391975477574	1.03998	ENSP00000262177-uc003wnk.2-uc011kvz.1, ENSP00000320076-uc002jme.1-uc010wro.1, ENSP00000349636-uc002itb.2-uc002ita.2, ENSP00000352608	0.961560736216	E
1	0.038956728984	1.03973	ENSP00000265395-uc003szf.2-uc003szh.2, ENSP00000314132-uc002wbq.2-uc002wbr.2, ENSP00000354529, ENSP00000441285-uc001gee.2-uc010plh.1	0.961792325977	E
1	0.0384477249041	1.0392	ENSP00000305483-uc001ifc.1-uc001ifd.1, ENSP00000352282-uc001www.2-uc010tqg.1, ENSP00000360577-uc001cup.3-uc010onl.1, ENSP00000411409-uc002cof.1-uc002coe.1	0.962282006809	E
1	0.038348770528	1.03909	ENSP00000289968-uc002dnb.2-uc002dmw.2, ENSP00000342148-uc001dwn.2-uc009weu.2, ENSP00000347665, ENSP00000377389-uc001onw.2-uc001onz.2	0.962377233536	E
1	0.0381436362165	1.03888	ENSP00000265395-uc003szf.2-uc003szh.2, ENSP00000362344-uc004bsg.1-uc004bsi.1, ENSP00000385030-uc002rgu.2-uc010ykr.1, ENSP00000419879-uc002wls.2-uc010zqv.1	0.962574670377	E
1	0.0380791273653	1.03881	ENSP00000261405-uc001qnn.1-uc010set.1, ENSP00000265395-uc003szf.2-uc003szh.2, ENSP00000364101-uc004duh.1-uc004dui.3, ENSP00000383700	0.962636766966	E
1	0.0373893492378	1.0381	ENSP00000216129-uc003bdq.2-uc003bdp.2, ENSP00000313854-uc003jch.2-uc003jcg.2, ENSP00000349959-uc003jlp.2-uc010ivf.2, ENSP00000366299-uc002ign.2-uc010czu.2	0.963301001814	E
1	0.0373847546422	1.03809	ENSP00000245796-uc002tjc.2-uc002tjh.2, ENSP00000321330-uc002qys.2-uc002qyt.2, ENSP00000369538-uc001iil.3-uc001iim.3, ENSP00000384338-uc002twh.2-uc010zbn.1	0.963305427803	E
1	0.0373815133282	1.03809	ENSP00000072644-uc001cvu.2-uc001cvy.2, ENSP00000360199, ENSP00000373783-uc003xdh.1-uc010lty.1, ENSP00000381785-uc004bga.1-uc011lwv.1	0.963308550183	E
1	0.0373202055495	1.03803	ENSP00000310657-uc001jvk.2-uc010qks.1, ENSP00000311997, ENSP00000347942-uc001jal.2-uc010qez.1, ENSP00000397552-uc003fjw.2-uc003fjx.2	0.963367610301	E
1	0.0372045814864	1.03791	ENSP00000351631-uc001pfn.2-uc001pfm.2, ENSP00000401133-uc010ujs.1-uc010ujt.1, ENSP00000416892-uc003auf.2-uc003auh.2, ENSP00000423228-uc003jlg.1-uc003jlb.1	0.963479005218	E
1	0.0370472639849	1.03774	ENSP00000253490-uc003mdk.2-uc010jjy.1, ENSP00000255499-uc004eml.2-uc004emk.2, ENSP00000281471-uc001rkq.3-uc009zjs.2, ENSP00000458302-uc003uae.1-uc003uaf.1	0.963630589251	E
1	0.0370413149281	1.03774	ENSP00000264094-uc002smp.1-uc002smo.1, ENSP00000318115-uc002olu.1-uc002olt.1, ENSP00000347586-uc003ltq.2-uc011dcq.1, ENSP00000364448-uc001vup.2-uc001vut.2	0.963636321961	E
1	0.0367585639938	1.03744	ENSP00000184956-uc002iyk.1-uc010ddk.1, ENSP00000420533-uc003gdq.3-uc003gds.3, ENSP00000435299-uc001lrv.2-uc001lrw.2, ENSP00000471656-uc001qsi.2-uc010sfw.1	0.963908829556	E
1	0.0360742537229	1.03673	ENSP00000251143-uc002dgn.1-uc002dgp.1, ENSP00000284548, ENSP00000354850-uc001ktv.2-uc001ktu.2, ENSP00000378394-uc001jsm.2-uc001jsl.2	0.964568668009	E
1	0.0360682319017	1.03673	ENSP00000267836-uc001zwj.3-uc001zwh.3, ENSP00000291565-uc002zdm.3-uc002zdq.3, ENSP00000373390, ENSP00000417185-uc001afs.2-uc001afr.2	0.964574476487	E
1	0.0359887388553	1.03664	ENSP00000310170-uc001ogg.1-uc010ros.1, ENSP00000381031-uc003aet.2-uc003aey.2, ENSP00000411409-uc002cof.1-uc002coe.1, ENSP00000441045-uc003gkw.3-uc003gky.2	0.964651156498	E
1	0.0358978946837	1.03655	ENSP00000072644-uc001cvu.2-uc001cvy.2, ENSP00000300432-uc004bsu.2-uc011mao.1, ENSP00000376362-uc001tui.1-uc001tuh.2, ENSP00000436619-uc004aiq.2-uc004air.2	0.964738793414	E
1	0.0358852447012	1.03654	ENSP00000270570-uc002gvy.1-uc010cqp.1, ENSP00000326514-uc003hbf.1-uc003hbg.1, ENSP00000355897-uc001hlm.2-uc001hlo.2, ENSP00000384164-uc010gci.1-uc002wpg.1	0.96475099742	E
1	0.0358332958708	1.03648	ENSP00000266544-uc001qnc.2-uc010ses.1, ENSP00000267484-uc001xen.1-uc001xek.1, ENSP00000363894-uc004bci.2-uc004bcj.1, ENSP00000430548-uc003yht.1-uc003yhu.1	0.964801116408	E
1	0.0355281801608	1.03617	ENSP00000286096-uc002doh.2-uc010bxw.2, ENSP00000318775-uc003gro.2-uc003grp.2, ENSP00000340626, ENSP00000439628-uc002fuy.1-uc010ckc.1	0.965095537299	E
1	0.0354580531275	1.03609	ENSP00000237596-uc003hre.2-uc011cdg.1, ENSP00000268603-uc002eoi.2-uc010cdn.2, ENSP00000358770-uc001kxo.1-uc001kxp.1, ENSP00000384203-uc003oqt.1-uc003oqr.1	0.965163218959	E
1	0.0352013490986	1.03583	ENSP00000202556-uc001yof.1-uc010awv.1, ENSP00000262207-uc003yan.2-uc011lfl.1, ENSP00000334490-uc002zrq.2-uc010gsa.2, ENSP00000360186	0.96541101205	E
1	0.035084845845	1.03571	ENSP00000255121-uc001coj.1-uc001coi.1, ENSP00000298229-uc001osf.2-uc001osg.2, ENSP00000359245, ENSP00000450613-uc010fyv.2-uc002vxp.3	0.965523492126	E
1	0.0347095860454	1.03532	ENSP00000219070-uc002ehz.3-uc002eia.3, ENSP00000368020-uc003kxo.2-uc003kxm.2, ENSP00000408342-uc002mkd.2-uc002mkc.2, ENSP00000431883-uc001qhb.1-uc009zcz.1	0.965885882269	E
1	0.0347095860454	1.03532	ENSP00000320485, ENSP00000343129-uc001pwz.2-uc001pwy.2, ENSP00000377374-uc003mbw.3-uc011dfa.1, ENSP00000460334-uc002qdo.2-uc002qdn.2	0.965885882269	E
1	0.0344766282794	1.03508	ENSP00000252699-uc002oja.1-uc002ojb.1, ENSP00000261531-uc001xuf.2-uc010asu.2, ENSP00000346065-uc003oyj.2-uc010jze.2, ENSP00000438341-uc001tnj.2-uc010sxf.1	0.966110919097	E
1	0.0339864346076	1.03457	ENSP00000320688-uc003etr.2-uc011bmz.1, ENSP00000328236-uc001ucv.2-uc010taf.1, ENSP00000342148-uc001dwn.2-uc009weu.2, ENSP00000354529	0.966584616648	E
1	0.0339856802469	1.03457	ENSP00000354850-uc001ktv.2-uc001ktu.2, ENSP00000357283-uc001fni.2-uc001fnk.2, ENSP00000369319-uc002asq.2-uc002asr.2, ENSP00000444443-uc010wbo.1-uc010wbp.1	0.966585345802	E
1	0.0338841786126	1.03446	ENSP00000318884, ENSP00000341957-uc010pvb.1-uc010puz.1, ENSP00000457354-uc002fhe.2-uc002fhd.2, ENSP00000463536-uc001eum.3-uc010pca.1	0.966683460774	E
1	0.0335316363923	1.0341	ENSP00000310244-uc001zke.3-uc010bbg.2, ENSP00000336630-uc003aab.2-uc011ajs.1, ENSP00000377643-uc002hun.1-uc002huk.1, ENSP00000416097-uc011maw.1-uc010mxw.2	0.967024317587	E
1	0.0334377511011	1.034	ENSP00000217909-uc004erd.2-uc011mtt.1, ENSP00000219478-uc002cxp.1-uc002cxo.1, ENSP00000251582-uc003mjw.2-uc011dgm.1, ENSP00000415436-uc001rrx.2-uc001rru.2	0.967115111208	E
1	0.0332721649724	1.03383	ENSP00000273179-uc003chg.2-uc003chh.2, ENSP00000318883-uc002zmw.2-uc002zna.2, ENSP00000362243-uc001caa.2-uc001cad.2, ENSP00000402515	0.967275265315	E
1	0.0332402358969	1.0338	ENSP00000334229-uc001rfq.2-uc010sir.1, ENSP00000359621-uc001dkp.2-uc001dko.2, ENSP00000386996-uc002vtb.1-uc002vta.2, ENSP00000470965-uc002tmb.2-uc010yyq.1	0.967306150013	E
1	0.0331515065315	1.03371	ENSP00000300738-uc001lyw.3-uc010qyd.1, ENSP00000356554-uc003qjr.3-uc010khh.2, ENSP00000374029-uc003ltj.2-uc011dcn.1, ENSP00000379154-uc001jap.1-uc001jao.1	0.967391982282	E
1	0.0330006231054	1.03355	ENSP00000264400-uc003hmi.1-uc010ijq.1, ENSP00000285381-uc003ydj.2-uc011lfv.1, ENSP00000322242-uc001typ.3-uc001tyq.3, ENSP00000323811-uc003caf.2-uc010hep.2	0.967537956711	E
1	0.0329624856959	1.03351	ENSP00000261413-uc003kbz.3-uc011csd.1, ENSP00000414224-uc002tmk.2-uc010yys.1, ENSP00000421552, ENSP00000440978-uc010swq.1-uc010swp.1	0.967574856806	E
1	0.0328646239102	1.03341	ENSP00000252699-uc002oja.1-uc002ojb.1, ENSP00000324628-uc002kon.2-uc002koo.2, ENSP00000382213, ENSP00000454552-uc002fec.2-uc002fed.1	0.967669550042	E
1	0.0324462416241	1.03298	ENSP00000261739-uc001tpx.2-uc001tqa.2, ENSP00000274000-uc003iaj.3-uc003iak.3, ENSP00000353114, ENSP00000369009-uc004czp.2-uc004czn.3	0.968074490545	E
1	0.0322358969092	1.03276	ENSP00000306920-uc003cfi.1-uc003cfj.1, ENSP00000334143-uc002vxx.3-uc002vxy.2, ENSP00000353375-uc003csb.2-uc003crw.2, ENSP00000470965-uc002tmb.2-uc010yyq.1	0.968278141315	E
1	0.0319275082975	1.03244	ENSP00000334143-uc002vxx.3-uc002vxy.2, ENSP00000344772-uc001apy.2-uc001apz.2, ENSP00000393860-uc003xmi.3-uc011lce.1, ENSP00000473060-uc004fel.2-uc004fek.2	0.968576793315	E
1	0.0318825964934	1.0324	ENSP00000234256-uc010yqa.1-uc010ypz.1, ENSP00000286627-uc001jxm.2-uc001jxs.3, ENSP00000300432-uc004bsu.2-uc011mao.1, ENSP00000366460-uc001iqg.1-uc009xkc.1	0.968620294823	E
1	0.031748034579	1.03226	ENSP00000203407-uc003cub.1-uc003cua.1, ENSP00000251119-uc001xka.2-uc010tsz.1, ENSP00000323927-uc002hrg.2-uc010cvr.1, ENSP00000369319-uc002asq.2-uc002asr.2	0.968750642994	E
1	0.0317127573705	1.03222	ENSP00000295550, ENSP00000346762-uc003vmi.2-uc010lle.2, ENSP00000367064, ENSP00000379006-uc002ape.3-uc010ujb.1	0.968784818415	E
1	0.0316296746148	1.03214	ENSP00000318883-uc002zmw.2-uc002zna.2, ENSP00000357551-uc001lmg.1-uc001lmf.1, ENSP00000358450-uc001ehg.2-uc001ehf.2, ENSP00000373390	0.968865311071	E
1	0.0315580327621	1.03206	ENSP00000256398-uc003xgo.3-uc011lat.1, ENSP00000290231-uc002xre.2-uc002xrc.2, ENSP00000308018-uc003ziz.1-uc003zja.1, ENSP00000364101-uc004duh.1-uc004dui.3	0.968934724864	E
1	0.0315430907452	1.03205	ENSP00000265294-uc003mau.2-uc011dev.1, ENSP00000266481-uc001rlf.2-uc010ski.1, ENSP00000310841-uc002fjw.2-uc010vot.1, ENSP00000457354-uc002fhe.2-uc002fhd.2	0.968949202811	E
1	0.0315430907452	1.03205	ENSP00000256649-uc001egz.2-uc001eha.2, ENSP00000265294-uc003mau.2-uc011dev.1, ENSP00000283195, ENSP00000426968-uc010iqc.2-uc003ioz.2	0.968949202811	E
1	0.0313115510851	1.03181	ENSP00000254722-uc002ftl.2-uc010cjw.2, ENSP00000355330-uc002xhr.2-uc010zvx.1, ENSP00000382809-uc002yng.2-uc010glp.2, ENSP00000399402-uc003jnq.3-uc003jnp.3	0.969173578955	E
1	0.031288182264	1.03178	ENSP00000350578-uc002yma.2-uc011acg.1, ENSP00000379353-uc001rfo.3-uc009zix.2, ENSP00000393860-uc003xmi.3-uc011lce.1, ENSP00000441140-uc004arv.2-uc004arw.2	0.969196227664	E
1	0.0311827667862	1.03167	ENSP00000249883-uc003eqg.1-uc003eqe.1, ENSP00000307387-uc003cfx.2-uc011axw.1, ENSP00000320794, ENSP00000329002-uc001fes.2-uc009wov.2	0.969298401332	E
1	0.0311316414157	1.03162	ENSP00000262031-uc001sln.2-uc010sqp.1, ENSP00000298281, ENSP00000312618-uc003ela.3-uc003ele.2, ENSP00000397552-uc003fjw.2-uc003fjx.2	0.969347958339	E
1	0.0311218275968	1.03161	ENSP00000234160-uc002ugk.2-uc002ugm.2, ENSP00000364218-uc004aym.2-uc004ayk.2, ENSP00000384797, ENSP00000406012-uc002cmb.2-uc002clz.2	0.969357471391	E
1	0.0310985113098	1.03159	ENSP00000246505-uc010tjw.1-uc001vtf.2, ENSP00000263960-uc002uuh.1-uc010fsl.1, ENSP00000374359-uc003eiv.2-uc003eix.2, ENSP00000414786-uc003yen.2-uc003yeo.2	0.969380073471	E
1	0.0310957277724	1.03158	ENSP00000263440-uc010oow.1-uc001daz.2, ENSP00000265594-uc003fle.2-uc003flf.2, ENSP00000362884-uc001brw.2-uc001brx.2, ENSP00000417401-uc002yfm.2-uc002yfl.1	0.969382771781	E
1	0.0310532060016	1.03154	ENSP00000216129-uc003bdq.2-uc003bdp.2, ENSP00000278903-uc001qca.2-uc010sbf.1, ENSP00000305924-uc001ycs.1-uc001ycr.2, ENSP00000376333-uc002joh.2-uc010wsd.1	0.969423992529	E
1	0.0310532060016	1.03154	ENSP00000261733-uc001tst.2-uc010syi.1, ENSP00000278903-uc001qca.2-uc010sbf.1, ENSP00000375051-uc001chn.2-uc001chp.2, ENSP00000439303-uc010ymi.1-uc002rma.2	0.969423992529	E
1	0.0307105411154	1.03119	ENSP00000279068-uc010gjy.1-uc010zzz.1, ENSP00000312618-uc003ela.3-uc003ele.2, ENSP00000355973-uc001hif.2-uc009xcz.2, ENSP00000415793	0.969756237012	E
1	0.0306817122702	1.03116	ENSP00000281405-uc002rdj.2-uc002rdh.2, ENSP00000379154-uc001jap.1-uc001jao.1, ENSP00000383411-uc002yju.1-uc010gky.1, ENSP00000416892-uc003auf.2-uc003auh.2	0.969784194368	E
1	0.0303822577142	1.03085	ENSP00000254722-uc002ftl.2-uc010cjw.2, ENSP00000336750-uc002rli.1-uc010ezh.1, ENSP00000414224-uc002tmk.2-uc010yys.1, ENSP00000431883-uc001qhb.1-uc009zcz.1	0.970074644149	E
1	0.0303494099455	1.03081	ENSP00000239223-uc003mbv.1-uc011dez.1, ENSP00000317128-uc003emx.2-uc003emw.2, ENSP00000385715-uc002rhx.2-uc002rhw.2, ENSP00000439303-uc010ymi.1-uc002rma.2	0.97010650946	E
1	0.0302363082384	1.0307	ENSP00000260570-uc002rku.2-uc010ezb.2, ENSP00000269554-uc002hqs.2-uc010cvp.2, ENSP00000364101-uc004duh.1-uc004dui.3, ENSP00000395653-uc002hbf.1-uc002hbg.1	0.970216236367	E
1	0.0301482587601	1.03061	ENSP00000257966-uc001spn.2-uc010srx.1, ENSP00000314132-uc002wbq.2-uc002wbr.2, ENSP00000347665, ENSP00000436901-uc001odm.2-uc010roe.1	0.970301667162	E
1	0.0301149892414	1.03057	ENSP00000289968-uc002dnb.2-uc002dmw.2, ENSP00000322532-uc001oic.3-uc001oid.3, ENSP00000330361-uc003zfc.3-uc003zfd.2, ENSP00000378394-uc001jsm.2-uc001jsl.2	0.970333949168	E
1	0.0299444335392	1.0304	ENSP00000225573-uc002imo.2-uc010wla.1, ENSP00000244669-uc003opl.2-uc010jxf.2, ENSP00000395007-uc010lpi.2-uc003wfw.2, ENSP00000439303-uc010ymi.1-uc002rma.2	0.97049945927	E
1	0.0299040896613	1.03036	ENSP00000005587-uc003syc.2-uc011jzj.1, ENSP00000245787-uc002tlk.2-uc010yye.1, ENSP00000366506-uc003mdc.3-uc003mdd.2, ENSP00000368102-uc001ilq.1-uc009xjb.1	0.970538613772	E
1	0.0293757746416	1.02981	ENSP00000275227-uc003qdw.1-uc010kgd.1, ENSP00000367030-uc001iop.2-uc001ior.2, ENSP00000384164-uc010gci.1-uc002wpg.1, ENSP00000439856-uc002nei.1-uc010xpg.1	0.971051499369	E
1	0.0293386835492	1.02977	ENSP00000292140-uc002own.3-uc010eit.2, ENSP00000295148-uc002rep.2-uc010eya.2, ENSP00000364493-uc004aur.2-uc011luh.1, ENSP00000367868-uc001imo.3-uc001imn.2	0.971087517398	E
1	0.0292812051209	1.02971	ENSP00000256689-uc001rpg.2-uc010sli.1, ENSP00000271732-uc001evj.2-uc010pci.1, ENSP00000376362-uc001tui.1-uc001tuh.2, ENSP00000408342-uc002mkd.2-uc002mkc.2	0.971143335587	E
1	0.0291523237174	1.02958	ENSP00000346246-uc002ppo.2-uc010enk.2, ENSP00000379154-uc001jap.1-uc001jao.1, ENSP00000381204-uc001pha.2-uc009yxc.2, ENSP00000423228-uc003jlg.1-uc003jlb.1	0.971268505969	E
1	0.0290314901388	1.02946	ENSP00000261047-uc003dxj.2-uc003dxk.2, ENSP00000348359-uc001ptt.2-uc009zai.1, ENSP00000384338-uc002twh.2-uc010zbn.1, ENSP00000385715-uc002rhx.2-uc002rhw.2	0.971385874909	E
1	0.0289974536074	1.02942	ENSP00000288988-uc002rnr.2-uc002rnq.2, ENSP00000301475-uc010dwg.1-uc010xkh.1, ENSP00000305483-uc001ifc.1-uc001ifd.1, ENSP00000329867-uc001ouw.2-uc001oux.2	0.971418938077	E
1	0.0289288586928	1.02935	ENSP00000238146-uc001ufi.2-uc001ufl.2, ENSP00000286096-uc002doh.2-uc010bxw.2, ENSP00000316739-uc001bes.2-uc001ber.2, ENSP00000343129-uc001pwz.2-uc001pwy.2	0.971485574762	E
1	0.028889829657	1.02931	ENSP00000245787-uc002tlk.2-uc010yye.1, ENSP00000248054-uc002nez.1-uc010eaj.1, ENSP00000366506-uc003mdc.3-uc003mdd.2, ENSP00000371811-uc001uof.2-uc010tct.1	0.971523491647	E
1	0.0288682103372	1.02929	ENSP00000342148-uc001dwn.2-uc009weu.2, ENSP00000346065-uc003oyj.2-uc010jze.2, ENSP00000366395-uc001odb.2-uc009yqc.2, ENSP00000440495-uc010xim.1-uc002mbr.3	0.971544495551	E
1	0.0285576031747	1.02897	ENSP00000261405-uc001qnn.1-uc010set.1, ENSP00000316578-uc002hgs.2-uc002hgt.2, ENSP00000317272, ENSP00000318373-uc002rkk.2-uc002rkj.2	0.971846311101	E
1	0.0284667406203	1.02888	ENSP00000288988-uc002rnr.2-uc002rnq.2, ENSP00000307387-uc003cfx.2-uc011axw.1, ENSP00000320794, ENSP00000393978-uc002pfj.2-uc002pfd.2	0.971934619551	E
1	0.0282059328404	1.02861	ENSP00000316578-uc002hgs.2-uc002hgt.2, ENSP00000354957-uc004ahr.2-uc011lry.1, ENSP00000399121-uc010ltu.2-uc003xav.2, ENSP00000400065-uc003afi.2-uc011ako.1	0.97218814072	E
1	0.0281879077705	1.02859	ENSP00000305924-uc001ycs.1-uc001ycr.2, ENSP00000312734-uc002alz.2-uc010uih.1, ENSP00000336775-uc002bup.2-uc002buq.2, ENSP00000363753-uc004bdn.2-uc010mtr.2	0.972205664637	E
1	0.0281795522112	1.02858	ENSP00000296473-uc003cxz.2-uc003cya.2, ENSP00000314193-uc002uql.1-uc002uqo.1, ENSP00000321498-uc003vvo.2-uc003vvn.2, ENSP00000351627-uc002ozp.3-uc002ozo.3	0.972213787993	E
1	0.0280555783855	1.02845	ENSP00000328023-uc001qdh.2-uc010sbm.1, ENSP00000354571-uc001ora.2-uc001orb.2, ENSP00000357507-uc001fei.2-uc001fef.1, ENSP00000367064	0.972334324528	E
1	0.0280424978428	1.02844	ENSP00000263196-uc002zoq.1-uc011agr.1, ENSP00000356554-uc003qjr.3-uc010khh.2, ENSP00000386797-uc002tob.1-uc002toa.1, ENSP00000415034-uc003cqp.2-uc010hjo.1	0.972347043271	E
1	0.0279972509456	1.02839	ENSP00000207457-uc001bzr.2-uc001bzs.2, ENSP00000263563-uc001jrd.3-uc001jre.3, ENSP00000328103-uc003ala.1-uc003akx.1, ENSP00000358450-uc001ehg.2-uc001ehf.2	0.972391039953	E
1	0.0279964018425	1.02839	ENSP00000263634-uc002rxg.1-uc002rxf.1, ENSP00000341097, ENSP00000349708-uc001byh.2-uc010oht.1, ENSP00000355809-uc001hpc.1-uc001hpd.1	0.972391865614	E
1	0.0279571448798	1.02835	ENSP00000261308-uc003jtv.3-uc011cqw.1, ENSP00000317128-uc003emx.2-uc003emw.2, ENSP00000369538-uc001iil.3-uc001iim.3, ENSP00000401514	0.972430039515	E
1	0.0276024068059	1.02799	ENSP00000322532-uc001oic.3-uc001oid.3, ENSP00000363894-uc004bci.2-uc004bcj.1, ENSP00000368020-uc003kxo.2-uc003kxm.2, ENSP00000383191-uc002zhg.2-uc002zhk.2	0.972775058666	E
1	0.0275444500118	1.02793	ENSP00000227752-uc001prv.2-uc010rxn.1, ENSP00000262189, ENSP00000363753-uc004bdn.2-uc010mtr.2, ENSP00000382034-uc003obw.2-uc010juc.1	0.972831439223	E
1	0.0274959475933	1.02788	ENSP00000303696-uc002lwr.2-uc010xha.1, ENSP00000349629, ENSP00000371811-uc001uof.2-uc010tct.1, ENSP00000386996-uc002vtb.1-uc002vta.2	0.972878625045	E
1	0.0273805925465	1.02776	ENSP00000249075-uc003agz.2-uc011aks.1, ENSP00000360186, ENSP00000383411-uc002yju.1-uc010gky.1, ENSP00000399121-uc010ltu.2-uc003xav.2	0.972990857978	E
1	0.0273636771461	1.02774	ENSP00000260600-uc002rfs.3-uc002rfr.3, ENSP00000272462-uc002tfk.2-uc010fju.2, ENSP00000366506-uc003mdc.3-uc003mdd.2, ENSP00000367263	0.973007316647	E
1	0.0272302510349	1.0276	ENSP00000245796-uc002tjc.2-uc002tjh.2, ENSP00000349748-uc001bys.2-uc001byr.2, ENSP00000379737-uc003swy.2-uc010kur.2, ENSP00000435299-uc001lrv.2-uc001lrw.2	0.973137149891	E
1	0.027093820595	1.02746	ENSP00000244020-uc010zwg.1-uc002xki.2, ENSP00000266481-uc001rlf.2-uc010ski.1, ENSP00000312158-uc003nib.1-uc003nic.1, ENSP00000444443-uc010wbo.1-uc010wbp.1	0.973269924477	E
1	0.0269599698694	1.02733	ENSP00000346762-uc003vmi.2-uc010lle.2, ENSP00000352288-uc003bkv.3-uc003bkt.1, ENSP00000362718-uc003onc.1-uc003ond.1, ENSP00000374359-uc003eiv.2-uc003eix.2	0.973400206082	E
1	0.0266534149493	1.02701	ENSP00000284690-uc001ljg.1-uc001lje.1, ENSP00000297990-uc003zsz.2-uc003zsy.2, ENSP00000320076-uc002jme.1-uc010wro.1, ENSP00000367263	0.973698652447	E
1	0.0265255888212	1.02688	ENSP00000256079-uc001rjd.2-uc001rje.1, ENSP00000295373-uc002rrf.2-uc002rrd.3, ENSP00000354995-uc002zaq.2-uc002zao.2, ENSP00000401514	0.973823124531	E
1	0.0265108654753	1.02687	ENSP00000318115-uc002olu.1-uc002olt.1, ENSP00000319255-uc001pdg.2-uc009yvz.2, ENSP00000339435-uc002fue.1-uc002fui.1, ENSP00000382809-uc002yng.2-uc010glp.2	0.973837462571	E
1	0.0263499166535	1.0267	ENSP00000221347, ENSP00000343273-uc003svs.3-uc011jyv.1, ENSP00000379931-uc003ccg.2-uc010hfc.2, ENSP00000454552-uc002fec.2-uc002fed.1	0.973994213177	E
1	0.0263114097211	1.02666	ENSP00000245541-uc002jni.1-uc002jnj.1, ENSP00000285381-uc003ydj.2-uc011lfv.1, ENSP00000300584-uc002bcy.3-uc010bla.2, ENSP00000358450-uc001ehg.2-uc001ehf.2	0.974031719429	E
1	0.0262819873517	1.02663	ENSP00000261047-uc003dxj.2-uc003dxk.2, ENSP00000288502-uc004bjd.3-uc004bjf.3, ENSP00000385575-uc003hly.3-uc003hlx.1, ENSP00000460334-uc002qdo.2-uc002qdn.2	0.974060378172	E
1	0.0261469668792	1.02649	ENSP00000305483-uc001ifc.1-uc001ifd.1, ENSP00000317902-uc001pfp.1-uc001pfr.1, ENSP00000401133-uc010ujs.1-uc010ujt.1, ENSP00000431883-uc001qhb.1-uc009zcz.1	0.974191905143	E
1	0.0259312010114	1.02627	ENSP00000269919-uc002nis.1-uc010xqg.1, ENSP00000296595-uc003kjc.2-uc011ctx.1, ENSP00000360158, ENSP00000418285	0.974402125183	E
1	0.0256920468015	1.02602	ENSP00000265846-uc003sjo.3-uc003sjm.3, ENSP00000265872-uc001joo.2-uc010qjb.1, ENSP00000381785-uc004bga.1-uc011lwv.1, ENSP00000384582	0.974635185421	E
1	0.0256544500318	1.02599	ENSP00000249075-uc003agz.2-uc011aks.1, ENSP00000268489, ENSP00000318557-uc002euz.2-uc010vkh.1, ENSP00000385715-uc002rhx.2-uc002rhw.2	0.974671829245	E
1	0.0255321225915	1.02586	ENSP00000264977-uc003eqv.1-uc011blz.1, ENSP00000301831-uc003ckv.3-uc003cku.3, ENSP00000352608, ENSP00000368800-uc010cdu.2-uc002ept.2	0.974791065648	E
1	0.0255193946479	1.02585	ENSP00000222145-uc002pki.2-uc002pkh.2, ENSP00000301924-uc003xfl.1-uc010lup.1, ENSP00000305721-uc003pjl.1-uc011dyu.1, ENSP00000360199	0.974803472812	E
1	0.0254535460992	1.02578	ENSP00000292140-uc002own.3-uc010eit.2, ENSP00000351635-uc002abr.1-uc002abs.1, ENSP00000463536-uc001eum.3-uc010pca.1, ENSP00000469583-uc010rye.1-uc001pti.2	0.97486766432	E
1	0.0252753620077	1.0256	ENSP00000330671, ENSP00000359727-uc003pdr.2-uc011dxo.1, ENSP00000359998-uc003pbf.2-uc003pbe.2, ENSP00000471074-uc002xfh.2-uc002xfg.2	0.975041385705	E
1	0.0252668712443	1.02559	ENSP00000250896-uc002lus.2-uc002luq.1, ENSP00000259569-uc003zjr.2-uc003zjs.2, ENSP00000260408-uc002afd.1-uc010ugz.1, ENSP00000362082-uc003orn.2-uc011duk.1	0.975049664586	E
1	0.0252100152303	1.02553	ENSP00000324960-uc001olo.2-uc001oln.2, ENSP00000334800-uc003url.1-uc010lgf.1, ENSP00000361245-uc009vxk.2-uc001cmx.3, ENSP00000451763-uc001xoz.1-uc010tuj.1	0.9751051036	E
1	0.0249495726894	1.02526	ENSP00000006015-uc003syx.2-uc003syy.2, ENSP00000260382-uc002asw.2-uc002asz.2, ENSP00000318883-uc002zmw.2-uc002zna.2, ENSP00000355183	0.975359095524	E
1	0.0248924406013	1.0252	ENSP00000262593-uc002xwy.2-uc010gin.2, ENSP00000351627-uc002ozp.3-uc002ozo.3, ENSP00000354529, ENSP00000378322-uc003hvu.2-uc010ilk.2	0.975414821418	E
1	0.0247658103937	1.02508	ENSP00000255499-uc004eml.2-uc004emk.2, ENSP00000265963-uc001moh.2-uc001moj.2, ENSP00000328412-uc002kay.3-uc002kaz.3, ENSP00000367030-uc001iop.2-uc001ior.2	0.97553834622	E
1	0.0247572342262	1.02507	ENSP00000301831-uc003ckv.3-uc003cku.3, ENSP00000318775-uc003gro.2-uc003grp.2, ENSP00000349629, ENSP00000392264-uc010rre.1-uc009yth.2	0.975546712636	E
1	0.0247155921682	1.02502	ENSP00000314499-uc003gbm.3-uc003gbk.3, ENSP00000368031-uc001aga.1-uc001agb.1, ENSP00000381008, ENSP00000419475-uc003exk.2-uc003exj.1	0.975587337255	E
1	0.024564890171	1.02487	ENSP00000271663-uc001exi.2-uc010pcv.1, ENSP00000331504-uc002bpv.2-uc002bpy.2, ENSP00000382034-uc003obw.2-uc010juc.1, ENSP00000395653-uc002hbf.1-uc002hbg.1	0.975734371294	E
1	0.0244501806117	1.02475	ENSP00000293230-uc002jru.1-uc002jrv.1, ENSP00000337008-uc001dnw.2-uc001dnx.2, ENSP00000376250-uc003fsv.2-uc003fsw.2, ENSP00000430548-uc003yht.1-uc003yhu.1	0.975846303773	E
1	0.0237931814135	1.02408	ENSP00000219478-uc002cxp.1-uc002cxo.1, ENSP00000316426-uc002hqi.3-uc010cvn.1, ENSP00000399501, ENSP00000412394	0.97648764467	E
1	0.023772642464	1.02406	ENSP00000352798, ENSP00000390121-uc002jbv.2-uc010wps.1, ENSP00000436958-uc001pbl.2-uc001pbk.2, ENSP00000469540-uc002omt.2-uc002oms.2	0.976507700906	E
1	0.0237227181907	1.02401	ENSP00000244669-uc003opl.2-uc010jxf.2, ENSP00000379621-uc003ycn.2-uc003yco.2, ENSP00000473060-uc004fel.2-uc004fek.2, ENSP00000473196-uc004fip.2-uc004fio.2	0.97655645356	E
1	0.0235391555459	1.02382	ENSP00000279804-uc002dzw.2-uc002dzx.2, ENSP00000281471-uc001rkq.3-uc009zjs.2, ENSP00000394897-uc001dvj.1-uc010ouv.1, ENSP00000441045-uc003gkw.3-uc003gky.2	0.976735729299	E
1	0.0235103924165	1.02379	ENSP00000295550, ENSP00000350578-uc002yma.2-uc011acg.1, ENSP00000365200-uc001vpo.2-uc001vpp.2, ENSP00000381204-uc001pha.2-uc009yxc.2	0.97676382368	E
1	0.0234844154563	1.02376	ENSP00000218089, ENSP00000226578-uc003hwg.2-uc011ces.1, ENSP00000271588, ENSP00000319726-uc001odu.3-uc009yqj.2	0.976789197364	E
1	0.0234685908789	1.02375	ENSP00000262294-uc002iwz.3-uc010woc.1, ENSP00000310657-uc001jvk.2-uc010qks.1, ENSP00000393596, ENSP00000407843-uc001skp.3-uc001skq.3	0.976804654763	E
1	0.0233991466123	1.02368	ENSP00000258962-uc002ivi.2-uc002ivj.2, ENSP00000263578-uc001qdi.2-uc010sbn.1, ENSP00000352208-uc001kin.2-uc009xue.2, ENSP00000386797-uc002tob.1-uc002toa.1	0.976872490601	E
1	0.0233991466123	1.02368	ENSP00000253270-uc004awc.2-uc004awd.2, ENSP00000312244-uc004cuw.2-uc004cux.2, ENSP00000359233-uc001dqn.3-uc009wdr.2, ENSP00000376362-uc001tui.1-uc001tuh.2	0.976872490601	E
1	0.0231978355261	1.02347	ENSP00000253024-uc002qtg.1-uc002qth.1, ENSP00000338777-uc002boq.3-uc002bos.3, ENSP00000358262-uc001epm.3-uc009wji.2, ENSP00000359364-uc002yeh.2-uc011aaq.1	0.977069165659	E
1	0.0231849898677	1.02346	ENSP00000239906-uc003lcw.2-uc011cyr.1, ENSP00000307275-uc001fjs.2-uc001fjr.2, ENSP00000340467-uc001wlj.2-uc001wlk.2, ENSP00000354897	0.977081716836	E
1	0.023149413663	1.02342	ENSP00000253024-uc002qtg.1-uc002qth.1, ENSP00000262144-uc002fdh.1-uc002fdf.1, ENSP00000381008, ENSP00000395007-uc010lpi.2-uc003wfw.2	0.977116478314	E
1	0.0229583265668	1.02322	ENSP00000311427-uc002bau.2-uc002bav.2, ENSP00000320794, ENSP00000417401-uc002yfm.2-uc002yfl.1, ENSP00000465500-uc002lin.2-uc010dpv.2	0.977303210505	E
1	0.0229223237396	1.02319	ENSP00000287169-uc001nkx.1-uc001nky.1, ENSP00000301067, ENSP00000343027-uc003uhb.1-uc011kgt.1, ENSP00000382924-uc002knq.2-uc002knt.2	0.977338396817	E
1	0.0227975017894	1.02306	ENSP00000338777-uc002boq.3-uc002bos.3, ENSP00000347427-uc010vsl.1-uc010vsp.1, ENSP00000381008, ENSP00000413937-uc002fsr.2-uc010vql.1	0.977460397715	E
1	0.0226932619271	1.02295	ENSP00000254322-uc002myz.1-uc010xnr.1, ENSP00000335321, ENSP00000347665, ENSP00000381970-uc003koa.1-uc003kob.1	0.977562293363	E
1	0.0226528959774	1.02291	ENSP00000373347-uc003brf.1-uc003brg.1, ENSP00000376362-uc001tui.1-uc001tuh.2, ENSP00000378857-uc003cvj.2-uc011bby.1, ENSP00000407843-uc001skp.3-uc001skq.3	0.97760175439	E
1	0.0225429557091	1.0228	ENSP00000220751-uc003yee.2-uc003yef.2, ENSP00000262213-uc003xyo.1-uc011lfc.1, ENSP00000364448-uc001vup.2-uc001vut.2, ENSP00000412394	0.977709238098	E
1	0.0224166896982	1.02267	ENSP00000246957-uc002cvt.3-uc010uxf.1, ENSP00000297990-uc003zsz.2-uc003zsy.2, ENSP00000316739-uc001bes.2-uc001ber.2, ENSP00000440926-uc003xfp.1-uc003xfq.1	0.977832697337	E
1	0.0223480651249	1.0226	ENSP00000253024-uc002qtg.1-uc002qth.1, ENSP00000393762-uc003psu.2-uc003pst.3, ENSP00000401514, ENSP00000419851-uc003faq.2-uc011bom.1	0.977899802991	E
1	0.022317721318	1.02257	ENSP00000261844-uc002acg.3-uc002acf.3, ENSP00000283195, ENSP00000334143-uc002vxx.3-uc002vxy.2, ENSP00000434442-uc001ndt.2-uc010rhc.1	0.977929476644	E
1	0.0219865034254	1.02223	ENSP00000292616-uc003uzn.2-uc003uzo.2, ENSP00000300658-uc002hsj.2-uc010cvy.2, ENSP00000401514, ENSP00000457258-uc002ejb.2-uc002ejc.2	0.978253438033	E
1	0.0216237078136	1.02186	ENSP00000289407-uc003vop.1-uc003voq.1, ENSP00000318115-uc002olu.1-uc002olt.1, ENSP00000334800-uc003url.1-uc010lgf.1, ENSP00000380651-uc001vnn.1-uc001vnm.1	0.978608408474	E
1	0.021623500155	1.02186	ENSP00000257829-uc001mvk.2-uc010ren.1, ENSP00000316739-uc001bes.2-uc001ber.2, ENSP00000367815-uc002fhl.3-uc010vnw.1, ENSP00000380891	0.978608611691	E
1	0.0215786930707	1.02181	ENSP00000343129-uc001pwz.2-uc001pwy.2, ENSP00000359665-uc001kog.1-uc009xvw.1, ENSP00000386844, ENSP00000406012-uc002cmb.2-uc002clz.2	0.978652461272	E
1	0.0215739763982	1.02181	ENSP00000275227-uc003qdw.1-uc010kgd.1, ENSP00000312066-uc002jqk.1-uc002jqj.1, ENSP00000379353-uc001rfo.3-uc009zix.2, ENSP00000381693-uc001jve.2-uc009xrn.1	0.978657077266	E
1	0.0214337101152	1.02167	ENSP00000299853-uc002dkk.2-uc010vbt.1, ENSP00000353114, ENSP00000361178-uc004eof.1-uc004eog.1, ENSP00000368079-uc003iyw.3-uc010ism.2	0.978794359484	E
1	0.021396983579	1.02163	ENSP00000328287-uc003cxh.2-uc003cxi.2, ENSP00000336923-uc003ilf.2-uc003ili.2, ENSP00000369319-uc002asq.2-uc002asr.2, ENSP00000374029-uc003ltj.2-uc011dcn.1	0.978830307871	E
1	0.0213471288285	1.02158	ENSP00000265565-uc003crh.1-uc003crg.2, ENSP00000288502-uc004bjd.3-uc004bjf.3, ENSP00000353114, ENSP00000414558-uc001wgm.2-uc010tnb.1	0.978879108428	E
1	0.0212767189436	1.0215	ENSP00000310447-uc001slj.2-uc009zot.2, ENSP00000365851-uc001irh.2-uc009xkg.2, ENSP00000391524-uc011arv.1-uc011aru.1, ENSP00000469947-uc001qsl.2-uc009zfr.2	0.97894803362	E
1	0.0212628465633	1.02149	ENSP00000327009-uc002rmv.2-uc002rmw.2, ENSP00000404684-uc003cui.2-uc003cuk.2, ENSP00000410545, ENSP00000440926-uc003xfp.1-uc003xfq.1	0.978961614053	E
1	0.0212250877035	1.02145	ENSP00000260382-uc002asw.2-uc002asz.2, ENSP00000264501, ENSP00000266544-uc001qnc.2-uc010ses.1, ENSP00000451763-uc001xoz.1-uc010tuj.1	0.978998579225	E
1	0.0211308455614	1.02136	ENSP00000255499-uc004eml.2-uc004emk.2, ENSP00000287675-uc003cih.2-uc011ayq.1, ENSP00000310170-uc001ogg.1-uc010ros.1, ENSP00000316042-uc003lbt.2-uc010jeo.2	0.979090846496	E
1	0.0210647965767	1.02129	ENSP00000259608-uc003zxe.1-uc003zxf.1, ENSP00000282308-uc002qqu.2-uc010euj.2, ENSP00000386935-uc010ncb.2-uc004cla.3, ENSP00000420793-uc002scl.2-uc010ypx.1	0.979155516588	E
1	0.0208506874554	1.02107	ENSP00000324628-uc002kon.2-uc002koo.2, ENSP00000355809-uc001hpc.1-uc001hpd.1, ENSP00000365637-uc001iru.3-uc001isa.1, ENSP00000373783-uc003xdh.1-uc010lty.1	0.979365185161	E
1	0.0208216323881	1.02104	ENSP00000285021-uc011ave.1-uc011avf.1, ENSP00000298281, ENSP00000304592-uc002kdu.2-uc002kdv.1, ENSP00000351635-uc002abr.1-uc002abs.1	0.979393641096	E
1	0.0207363641852	1.02095	ENSP00000323811-uc003caf.2-uc010hep.2, ENSP00000334143-uc002vxx.3-uc002vxy.2, ENSP00000347444-uc004axj.2-uc011luy.1, ENSP00000374359-uc003eiv.2-uc003eix.2	0.979477155792	E
1	0.020634511483	1.02085	ENSP00000238146-uc001ufi.2-uc001ufl.2, ENSP00000297837-uc004ayu.2-uc004ayv.1, ENSP00000349629, ENSP00000360151-uc001kmp.2-uc001kmo.2	0.979576923268	E
1	0.0205837474249	1.0208	ENSP00000286627-uc001jxm.2-uc001jxs.3, ENSP00000317128-uc003emx.2-uc003emw.2, ENSP00000380891, ENSP00000419446-uc003xmr.2-uc003xms.2	0.97962665183	E
1	0.0204492185971	1.02066	ENSP00000207457-uc001bzr.2-uc001bzs.2, ENSP00000261658-uc002dco.2-uc010uzh.1, ENSP00000266481-uc001rlf.2-uc010ski.1, ENSP00000375051-uc001chn.2-uc001chp.2	0.97975844872	E
1	0.0203375234108	1.02055	ENSP00000314193-uc002uql.1-uc002uqo.1, ENSP00000383700, ENSP00000400175-uc003cwu.2-uc010hku.2, ENSP00000435299-uc001lrv.2-uc001lrw.2	0.979867889134	E
1	0.0202815472917	1.02049	ENSP00000267484-uc001xen.1-uc001xek.1, ENSP00000339016-uc001kez.1-uc010qmr.1, ENSP00000452296-uc001vwc.3-uc001vwb.3, ENSP00000465500-uc002lin.2-uc010dpv.2	0.979922739871	E
1	0.0202815472917	1.02049	ENSP00000310841-uc002fjw.2-uc010vot.1, ENSP00000354671-uc001cov.2-uc001cpa.2, ENSP00000354897, ENSP00000465500-uc002lin.2-uc010dpv.2	0.979922739871	E
1	0.0202469751447	1.02045	ENSP00000320885-uc002roc.2-uc002rod.2, ENSP00000347665, ENSP00000359727-uc003pdr.2-uc011dxo.1, ENSP00000418285	0.97995661849	E
1	0.0202162332735	1.02042	ENSP00000273179-uc003chg.2-uc003chh.2, ENSP00000275954-uc004ddh.2-uc010ngs.2, ENSP00000321498-uc003vvo.2-uc003vvn.2, ENSP00000394902-uc001lei.1-uc010qtb.1	0.979986744653	E
1	0.0199834668239	1.02018	ENSP00000277458-uc004byf.1-uc011mbt.1, ENSP00000362580-uc010ohm.1-uc010ohn.1, ENSP00000362718-uc003onc.1-uc003ond.1, ENSP00000460334-uc002qdo.2-uc002qdn.2	0.980214879238	E
1	0.0194465500548	1.01964	ENSP00000348429-uc001kzu.2-uc010qrj.1, ENSP00000354622-uc002ici.1-uc010whi.1, ENSP00000369677-uc002rii.3-uc002rik.3, ENSP00000379154-uc001jap.1-uc001jao.1	0.980741314357	E
1	0.0191255103638	1.01931	ENSP00000288078-uc002eyy.2-uc002eyz.2, ENSP00000351042-uc002nqi.2-uc002nqh.2, ENSP00000410545, ENSP00000411032-uc002oyg.1-uc010ejd.2	0.981056221792	E
1	0.0190541226112	1.01924	ENSP00000261798-uc003lqy.1-uc003lqu.2, ENSP00000359233-uc001dqn.3-uc009wdr.2, ENSP00000362884-uc001brw.2-uc001brx.2, ENSP00000420721	0.981126259691	E
1	0.0188291053397	1.01901	ENSP00000324960-uc001olo.2-uc001oln.2, ENSP00000328551-uc003gmu.2-uc003gmv.2, ENSP00000354995-uc002zaq.2-uc002zao.2, ENSP00000408576-uc003cop.1-uc010hit.1	0.981347054885	E
1	0.0188291053397	1.01901	ENSP00000360199, ENSP00000362884-uc001brw.2-uc001brx.2, ENSP00000370658-uc001riq.2-uc009zjl.2, ENSP00000408342-uc002mkd.2-uc002mkc.2	0.981347054885	E
1	0.0188053562255	1.01898	ENSP00000296595-uc003kjc.2-uc011ctx.1, ENSP00000301067, ENSP00000328412-uc002kay.3-uc002kaz.3, ENSP00000390121-uc002jbv.2-uc010wps.1	0.981370361285	E
1	0.0187728563061	1.01895	ENSP00000005178-uc003uoa.2-uc003unz.2, ENSP00000352567-uc003pwt.2-uc003pwu.2, ENSP00000353114, ENSP00000471186-uc004fli.3-uc004flj.2	0.981402256261	E
1	0.0187377701221	1.01891	ENSP00000280700-uc003cdl.2-uc003cdk.2, ENSP00000296799-uc011csr.1-uc003kcz.3, ENSP00000337746-uc002njd.1-uc002njf.1, ENSP00000393596	0.981436690525	E
1	0.0184860982379	1.01866	ENSP00000344772-uc001apy.2-uc001apz.2, ENSP00000379621-uc003ycn.2-uc003yco.2, ENSP00000407193-uc002jhc.2-uc002jhb.1, ENSP00000461672-uc002kal.1-uc002kai.1	0.98168372163	E
1	0.0184521784755	1.01862	ENSP00000263209-uc002zri.2-uc002zrj.2, ENSP00000344666, ENSP00000386844, ENSP00000442050-uc002kch.1-uc010wva.1	0.981717020674	E
1	0.0183898499923	1.01856	ENSP00000263212-uc002zvp.1-uc011aik.1, ENSP00000335321, ENSP00000367263, ENSP00000441045-uc003gkw.3-uc003gky.2	0.981778211514	E
1	0.0183687026708	1.01854	ENSP00000365637-uc001iru.3-uc001isa.1, ENSP00000368079-uc003iyw.3-uc010ism.2, ENSP00000381204-uc001pha.2-uc009yxc.2, ENSP00000383700	0.981798973713	E
1	0.0180789532517	1.01824	ENSP00000269571-uc002hso.2-uc010wek.1, ENSP00000355897-uc001hlm.2-uc001hlo.2, ENSP00000382213, ENSP00000386996-uc002vtb.1-uc002vta.2	0.982083490612	E
1	0.0179122724319	1.01807	ENSP00000072644-uc001cvu.2-uc001cvy.2, ENSP00000301475-uc010dwg.1-uc010xkh.1, ENSP00000410545, ENSP00000434359-uc003yzs.2-uc003yzr.2	0.982247198737	E
1	0.0178831914221	1.01804	ENSP00000367263, ENSP00000376178-uc001uio.2-uc001uip.2, ENSP00000386626-uc002tzd.3-uc010zch.1, ENSP00000455933-uc010vnx.1-uc010voa.1	0.982275763892	E
1	0.0177434700193	1.0179	ENSP00000257829-uc001mvk.2-uc010ren.1, ENSP00000338777-uc002boq.3-uc002bos.3, ENSP00000347667, ENSP00000362369-uc002xjo.1-uc010zwe.1	0.982413018429	E
1	0.0177406646905	1.0179	ENSP00000305924-uc001ycs.1-uc001ycr.2, ENSP00000349428-uc002lpp.2-uc002lps.2, ENSP00000362884-uc001brw.2-uc001brx.2, ENSP00000419446-uc003xmr.2-uc003xms.2	0.982415774424	E
1	0.0176935668745	1.01785	ENSP00000233146-uc002rvy.1-uc010fbg.2, ENSP00000305924-uc001ycs.1-uc001ycr.2, ENSP00000334738-uc003adk.2-uc011akg.1, ENSP00000401470-uc003azu.2-uc003azr.2	0.982462045151	E
1	0.0176015985622	1.01776	ENSP00000334490-uc002zrq.2-uc010gsa.2, ENSP00000338235-uc003yhz.2-uc010mbf.2, ENSP00000346824-uc001wjm.2-uc010akk.2, ENSP00000362082-uc003orn.2-uc011duk.1	0.982552404682	E
1	0.0175713053255	1.01773	ENSP00000072644-uc001cvu.2-uc001cvy.2, ENSP00000360373-uc004esv.2-uc010nqq.2, ENSP00000394902-uc001lei.1-uc010qtb.1, ENSP00000399121-uc010ltu.2-uc003xav.2	0.982582169826	E
1	0.0175251567881	1.01768	ENSP00000242067-uc003tdn.1-uc003tdt.2, ENSP00000245541-uc002jni.1-uc002jnj.1, ENSP00000256339-uc001ybs.1-uc001ybv.1, ENSP00000382034-uc003obw.2-uc010juc.1	0.982627515602	E
1	0.0174935555271	1.01765	ENSP00000359050-uc009xwy.1-uc009xwx.1, ENSP00000361818-uc002xnu.2-uc010zws.1, ENSP00000374035-uc002iga.2-uc010wiv.1, ENSP00000411409	0.982658568361	E
1	0.017449656068	1.0176	ENSP00000253669-uc002nfe.2-uc002nff.2, ENSP00000255121-uc001coj.1-uc001coi.1, ENSP00000271663-uc001exi.2-uc010pcv.1, ENSP00000305922-uc001czi.3-uc001czm.3	0.982701707488	E
1	0.017401353452	1.01755	ENSP00000296051-uc003ewu.1-uc011bnq.1, ENSP00000310129-uc003fnn.1-uc011brk.1, ENSP00000333657-uc002yzf.1-uc010gop.1, ENSP00000420721	0.982749175697	E
1	0.0173466952746	1.0175	ENSP00000291358-uc001bum.2-uc010ogz.1, ENSP00000316739-uc001bes.2-uc001ber.2, ENSP00000327009-uc002rmv.2-uc002rmw.2, ENSP00000396205-uc011mad.1-uc010mxi.2	0.982802892444	E
1	0.0172773295953	1.01743	ENSP00000325269-uc003vfc.2-uc003vez.2, ENSP00000376250-uc003fsv.2-uc003fsw.2, ENSP00000389998-uc011lgk.1-uc011lgl.1, ENSP00000411124-uc001yhq.2-uc001yhp.2	0.982871067599	E
1	0.0171274682137	1.01727	ENSP00000305924-uc001ycs.1-uc001ycr.2, ENSP00000325017-uc001qoo.2-uc010sfd.1, ENSP00000343273-uc003svs.3-uc011jyv.1, ENSP00000360577-uc001cup.3-uc010onl.1	0.983018373052	E
1	0.0170971409651	1.01724	ENSP00000318884, ENSP00000332979-uc002yyw.2-uc010goo.2, ENSP00000340693-uc003dts.2-uc003dtu.2, ENSP00000358450-uc001ehg.2-uc001ehf.2	0.983048185747	E
1	0.01704089958	1.01719	ENSP00000279804-uc002dzw.2-uc002dzx.2, ENSP00000339435-uc002fue.1-uc002fui.1, ENSP00000343002-uc010aaz.2-uc001uto.3, ENSP00000364000-uc002uqk.2-uc010frx.2	0.983103475293	E
1	0.0169917209307	1.01714	ENSP00000320076-uc002jme.1-uc010wro.1, ENSP00000354957-uc004ahr.2-uc011lry.1, ENSP00000379931-uc003ccg.2-uc010hfc.2, ENSP00000425006-uc003iwu.1-uc003iws.1	0.983151824183	E
1	0.0168934911886	1.01704	ENSP00000268603-uc002eoi.2-uc010cdn.2, ENSP00000301475-uc010dwg.1-uc010xkh.1, ENSP00000317214-uc004epc.1-uc011msu.1, ENSP00000334143-uc002vxx.3-uc002vxy.2	0.983248403677	E
1	0.016875294141	1.01702	ENSP00000263816, ENSP00000292616-uc003uzn.2-uc003uzo.2, ENSP00000364001-uc001iwx.3-uc001iwv.3, ENSP00000392105-uc010ppm.1-uc001gvo.2	0.983266296058	E
1	0.0167860885275	1.01693	ENSP00000279068-uc010gjy.1-uc010zzz.1, ENSP00000333667-uc001snf.1-uc010srj.1, ENSP00000355897-uc001hlm.2-uc001hlo.2, ENSP00000399121-uc010ltu.2-uc003xav.2	0.983354012843	E
1	0.016578164253	1.01672	ENSP00000245206-uc002eof.1-uc010vim.1, ENSP00000296799-uc011csr.1-uc003kcz.3, ENSP00000331504-uc002bpv.2-uc002bpy.2, ENSP00000470965-uc002tmb.2-uc010yyq.1	0.983558497271	E
1	0.0165355326433	1.01667	ENSP00000261658-uc002dco.2-uc010uzh.1, ENSP00000347665, ENSP00000367263, ENSP00000470203-uc004fjs.1-uc010nur.2	0.983600428847	E
1	0.0165168150188	1.01665	ENSP00000219478-uc002cxp.1-uc002cxo.1, ENSP00000359364-uc002yeh.2-uc011aaq.1, ENSP00000362718-uc003onc.1-uc003ond.1, ENSP00000368102-uc001ilq.1-uc009xjb.1	0.983618839682	E
1	0.0164848438211	1.01662	ENSP00000289968-uc002dnb.2-uc002dmw.2, ENSP00000305924-uc001ycs.1-uc001ycr.2, ENSP00000354571-uc001ora.2-uc001orb.2, ENSP00000360065-uc001dcx.2-uc009waw.2	0.983650287657	E
1	0.0164687695385	1.01661	ENSP00000305924-uc001ycs.1-uc001ycr.2, ENSP00000350967-uc002kzk.1-uc002kzo.1, ENSP00000361474-uc004eng.2-uc004enf.2, ENSP00000471656-uc001qsi.2-uc010sfw.1	0.983666099257	E
1	0.0164124832634	1.01655	ENSP00000247178-uc001xbx.1-uc001xbw.1, ENSP00000331682-uc002zsl.1-uc011ahr.1, ENSP00000366299-uc002ign.2-uc010czu.2, ENSP00000382809-uc002yng.2-uc010glp.2	0.983721467716	E
1	0.0163632022784	1.0165	ENSP00000239906-uc003lcw.2-uc011cyr.1, ENSP00000362187-uc004bsx.1-uc004bsw.1, ENSP00000380860, ENSP00000417401-uc002yfm.2-uc002yfl.1	0.983769947674	E
1	0.0162648512065	1.0164	ENSP00000228280-uc001tav.2-uc009zsn.2, ENSP00000316042-uc003lbt.2-uc010jeo.2, ENSP00000328412-uc002kay.3-uc002kaz.3, ENSP00000462664-uc002lfj.3-uc010dpg.2	0.983866707261	E
1	0.0162562886305	1.01639	ENSP00000072644-uc001cvu.2-uc001cvy.2, ENSP00000328023-uc001qdh.2-uc010sbm.1, ENSP00000362590-uc003onn.2-uc003onp.2, ENSP00000470965-uc002tmb.2-uc010yyq.1	0.98387513173	E
1	0.0162232587026	1.01636	ENSP00000251582-uc003mjw.2-uc011dgm.1, ENSP00000256339-uc001ybs.1-uc001ybv.1, ENSP00000381031-uc003aet.2-uc003aey.2, ENSP00000401133-uc010ujs.1-uc010ujt.1	0.983907629591	E
1	0.0162070970062	1.01634	ENSP00000285381-uc003ydj.2-uc011lfv.1, ENSP00000357307-uc001fmg.2-uc010pgq.1, ENSP00000378130-uc003hzr.3-uc003hzq.2, ENSP00000402537-uc001zfh.1-uc010ubk.1	0.983923531336	E
1	0.0161820771753	1.01631	ENSP00000338777-uc002boq.3-uc002bos.3, ENSP00000354966-uc002xuv.1-uc010gid.2, ENSP00000375051-uc001chn.2-uc001chp.2, ENSP00000375809-uc002pbj.2-uc002pbi.2	0.983948149245	E
1	0.0161286458026	1.01626	ENSP00000285518-uc003wqo.2-uc011kwm.1, ENSP00000324628-uc002kon.2-uc002koo.2, ENSP00000333667-uc001snf.1-uc010srj.1, ENSP00000379931-uc003ccg.2-uc010hfc.2	0.98400072435	E
1	0.016062337222	1.01619	ENSP00000239223-uc003mbv.1-uc011dez.1, ENSP00000317272, ENSP00000376733-uc003etv.2-uc011bnb.1, ENSP00000449960-uc001sef.2-uc001see.2	0.984065974204	E
1	0.016062337222	1.01619	ENSP00000259021-uc002ipm.2-uc010wmg.1, ENSP00000351138-uc004bxa.2-uc004bxb.2, ENSP00000393596, ENSP00000407193-uc002jhc.2-uc002jhb.1	0.984065974204	E
1	0.0159200248141	1.01605	ENSP00000261643-uc002gof.3-uc010vvt.1, ENSP00000301067, ENSP00000367872-uc001aif.2-uc009vky.2, ENSP00000379625-uc011ayi.1-uc011ayk.1	0.984206028968	E
1	0.0158011003245	1.01593	ENSP00000246062-uc002wnu.1-uc010zrd.1, ENSP00000338629, ENSP00000367196-uc003zyz.2-uc003zyy.1, ENSP00000458290-uc002klh.3-uc010dkj.2	0.984323082128	E
1	0.0156781640564	1.0158	ENSP00000256496-uc003bqg.2-uc011asy.1, ENSP00000290341-uc002iom.2-uc010dbj.2, ENSP00000293677-uc002moa.2-uc002mnz.2, ENSP00000402515	0.984444098573	E
1	0.0156135993216	1.01574	ENSP00000196482-uc002qsw.1-uc002qsx.1, ENSP00000272638-uc002tur.2-uc002tut.2, ENSP00000305922-uc001czi.3-uc001czm.3, ENSP00000411409	0.984507660997	E
1	0.0155795767286	1.0157	ENSP00000317904-uc002plp.2-uc010xzy.1, ENSP00000363894-uc004bci.2-uc004bcj.1, ENSP00000377880-uc003dof.2-uc003doe.2, ENSP00000411124-uc001yhq.2-uc001yhp.2	0.98454115707	E
1	0.0155200780856	1.01564	ENSP00000265963-uc001moh.2-uc001moj.2, ENSP00000320794, ENSP00000323973-uc003emn.2-uc003ems.2, ENSP00000441285-uc001gee.2-uc010plh.1	0.984599737675	E
1	0.0150689443924	1.01518	ENSP00000264963-uc002swu.2-uc010yuw.1, ENSP00000301887-uc001ocf.1-uc001oce.1, ENSP00000359245, ENSP00000375051-uc001chn.2-uc001chp.2	0.985044024	E
1	0.0149766193145	1.01509	ENSP00000256079-uc001rjd.2-uc001rje.1, ENSP00000264094-uc002smp.1-uc002smo.1, ENSP00000265077, ENSP00000355623-uc001hub.2-uc009xfh.1	0.985134972465	E
1	0.0149305516789	1.01504	ENSP00000246062-uc002wnu.1-uc010zrd.1, ENSP00000335560-uc009zpy.2-uc001spb.2, ENSP00000374455-uc003mkw.3-uc003mkv.3, ENSP00000381693-uc001jve.2-uc009xrn.1	0.985180356349	E
1	0.0147955898249	1.01491	ENSP00000313382-uc003pfs.2-uc010kap.2, ENSP00000369519-uc003zph.2-uc011lnl.1, ENSP00000389998-uc011lgk.1-uc011lgl.1, ENSP00000423228-uc003jlg.1-uc003jlb.1	0.985313327089	E
1	0.014735338325	1.01484	ENSP00000348407-uc003bfk.2-uc003bfl.2, ENSP00000349629, ENSP00000358262-uc001epm.3-uc009wji.2, ENSP00000376178-uc001uio.2-uc001uip.2	0.985372695484	E
1	0.0147102375546	1.01482	ENSP00000261413-uc003kbz.3-uc011csd.1, ENSP00000262189, ENSP00000281471-uc001rkq.3-uc009zjs.2, ENSP00000412173-uc001bvh.3-uc010ohi.1	0.985397429408	E
1	0.0145290095091	1.01464	ENSP00000263578-uc001qdi.2-uc010sbn.1, ENSP00000411409-uc002cof.1-uc002coe.1, ENSP00000435299-uc001lrv.2-uc001lrw.2, ENSP00000469947-uc001qsl.2-uc009zfr.2	0.985576027241	E
1	0.0145259415493	1.01463	ENSP00000263238-uc002tkx.1-uc010yyd.1, ENSP00000354958-uc001fjm.2-uc009wql.2, ENSP00000360577-uc001cup.3-uc010onl.1, ENSP00000380860	0.985579050953	E
1	0.0144529420091	1.01456	ENSP00000358918-uc001kvy.1-uc009xxe.1, ENSP00000360577-uc001cup.3-uc010onl.1, ENSP00000363894-uc004bci.2-uc004bcj.1, ENSP00000386406-uc002sky.2-uc002skt.1	0.985651000397	E
1	0.0144069223751	1.01451	ENSP00000238823-uc002rpa.1-uc010ynd.1, ENSP00000261632-uc001uni.2-uc010tcq.1, ENSP00000298281, ENSP00000349959-uc003jlp.2-uc010ivf.2	0.985696360739	E
1	0.0143326083288	1.01444	ENSP00000261733-uc001tst.2-uc010syi.1, ENSP00000300935-uc002ndn.3-uc002ndo.3, ENSP00000322343-uc004apr.2-uc004apu.2, ENSP00000366506-uc003mdc.3-uc003mdd.2	0.985769614546	E
1	0.0142873136618	1.01439	ENSP00000263238-uc002tkx.1-uc010yyd.1, ENSP00000274000-uc003iaj.3-uc003iak.3, ENSP00000359050-uc009xwy.1-uc009xwx.1, ENSP00000409493	0.985814265663	E
1	0.0142147963789	1.01432	ENSP00000291358-uc001bum.2-uc010ogz.1, ENSP00000315118-uc002oor.2-uc002ooq.1, ENSP00000381204-uc001pha.2-uc009yxc.2, ENSP00000404684-uc003cui.2-uc003cuk.2	0.985885756827	E
1	0.0140571328574	1.01416	ENSP00000219473-uc002fii.2-uc010vof.1, ENSP00000280377-uc001src.1-uc001srb.1, ENSP00000316042-uc003lbt.2-uc010jeo.2, ENSP00000409493	0.986041207302	E
1	0.0139214759251	1.01402	ENSP00000251582-uc003mjw.2-uc011dgm.1, ENSP00000262593-uc002xwy.2-uc010gin.2, ENSP00000321330-uc002qys.2-uc002qyt.2, ENSP00000374029-uc003ltj.2-uc011dcn.1	0.986174979701	E
1	0.0139069146439	1.014	ENSP00000234420-uc002rwd.3-uc010yoi.1, ENSP00000256649-uc001egz.2-uc001eha.2, ENSP00000310170-uc001ogg.1-uc010ros.1, ENSP00000362285-uc001jrr.3-uc001jru.3	0.986189339776	E
1	0.0138257613936	1.01392	ENSP00000265348-uc003otq.2-uc010jyh.2, ENSP00000300432-uc004bsu.2-uc011mao.1, ENSP00000383411-uc002yju.1-uc010gky.1, ENSP00000393835-uc010eci.2-uc002nog.2	0.986269375494	E
1	0.0137343212464	1.01383	ENSP00000291560-uc002zdi.2-uc011aey.1, ENSP00000296595-uc003kjc.2-uc011ctx.1, ENSP00000338777-uc002boq.3-uc002bos.3, ENSP00000365200-uc001vpo.2-uc001vpp.2	0.986359564234	E
1	0.0135841850284	1.01368	ENSP00000253669-uc002nfe.2-uc002nff.2, ENSP00000289407-uc003vop.1-uc003voq.1, ENSP00000320076-uc002jme.1-uc010wro.1, ENSP00000385575-uc003hly.3-uc003hlx.1	0.986507663646	E
1	0.0135256243372	1.01362	ENSP00000260453-uc002adr.2-uc010bfo.2, ENSP00000352608, ENSP00000352645-uc003tvn.2-uc011kef.1, ENSP00000368503-uc003iqa.2-uc010iqp.1	0.986565435908	E
1	0.0135195599673	1.01361	ENSP00000316007-uc002luj.2-uc010dss.2, ENSP00000322343-uc004apr.2-uc004apu.2, ENSP00000347665, ENSP00000410051-uc010seh.1-uc010sei.1	0.986571418824	E
1	0.0134750645301	1.01357	ENSP00000264555-uc001lqe.2-uc009yca.1, ENSP00000292538-uc003uyt.2-uc003uyz.2, ENSP00000364028-uc001bek.2-uc001bei.2, ENSP00000384582	0.986615317728	E
1	0.0134427385718	1.01353	ENSP00000233146-uc002rvy.1-uc010fbg.2, ENSP00000260506-uc001dpw.2-uc010otl.1, ENSP00000337358-uc002zmf.2-uc002zme.2, ENSP00000402515	0.986647211529	E
1	0.0134133890201	1.0135	ENSP00000261798-uc003lqy.1-uc003lqu.2, ENSP00000318775-uc003gro.2-uc003grp.2, ENSP00000334800-uc003url.1-uc010lgf.1, ENSP00000472749-uc010noz.2-uc004elo.3	0.986676169607	E
1	0.0134047806831	1.0135	ENSP00000247956-uc002mku.2-uc002mkw.2, ENSP00000299608-uc002lkf.2-uc010xez.1, ENSP00000383700, ENSP00000406229	0.986684663285	E
1	0.0133697229574	1.01346	ENSP00000261881-uc002apr.2-uc010ujn.1, ENSP00000293350-uc002pnt.2-uc010yat.1, ENSP00000298281, ENSP00000299767-uc001tkb.1-uc010swg.1	0.986719254811	E
1	0.0132821204568	1.01337	ENSP00000248054-uc002nez.1-uc010eaj.1, ENSP00000265963-uc001moh.2-uc001moj.2, ENSP00000279263-uc001oct.2-uc010rny.1, ENSP00000367263	0.986805697672	E
1	0.0132095780698	1.0133	ENSP00000310447-uc001slj.2-uc009zot.2, ENSP00000320794, ENSP00000379411-uc002dhg.3-uc002dhh.3, ENSP00000394902-uc001lei.1-uc010qtb.1	0.986877285509	E
1	0.0132048247234	1.01329	ENSP00000265077, ENSP00000354622-uc002ici.1-uc010whi.1, ENSP00000361818-uc002xnu.2-uc010zws.1, ENSP00000411471-uc003fmz.2-uc003fnb.2	0.98688197649	E
1	0.0131406425432	1.01323	ENSP00000260453-uc002adr.2-uc010bfo.2, ENSP00000318012-uc004bvu.3-uc011mbj.1, ENSP00000359621-uc001dkp.2-uc001dko.2, ENSP00000362718-uc003onc.1-uc003ond.1	0.986945318759	E
1	0.0130987733269	1.01318	ENSP00000345731-uc003fxn.3-uc011bud.1, ENSP00000354360-uc004caa.1-uc010mze.1, ENSP00000356554-uc003qjr.3-uc010khh.2, ENSP00000381970-uc003koa.1-uc003kob.1	0.986986642251	E
1	0.0130676982581	1.01315	ENSP00000294066-uc001obh.2-uc001obg.2, ENSP00000295448-uc003gwy.2-uc011bzb.1, ENSP00000341097, ENSP00000448012-uc001tar.2-uc001taq.2	0.987017313406	E
1	0.0130520467585	1.01314	ENSP00000257527-uc003lwz.2-uc003lwy.2, ENSP00000355897-uc001hlm.2-uc001hlo.2, ENSP00000387982-uc002bkw.2-uc002bkx.2, ENSP00000448012-uc001tar.2-uc001taq.2	0.987032761828	E
1	0.0130520467585	1.01314	ENSP00000324628-uc002kon.2-uc002koo.2, ENSP00000359245, ENSP00000367196-uc003zyz.2-uc003zyy.1, ENSP00000439966-uc001suc.2-uc010sti.1	0.987032761828	E
1	0.0130520467585	1.01314	ENSP00000288988-uc002rnr.2-uc002rnq.2, ENSP00000331879-uc001mqb.2-uc010rdn.1, ENSP00000367030-uc001iop.2-uc001ior.2, ENSP00000376333-uc002joh.2-uc010wsd.1	0.987032761828	E
1	0.0130305938389	1.01312	ENSP00000354966-uc002xuv.1-uc010gid.2, ENSP00000365637-uc001iru.3-uc001isa.1, ENSP00000378438-uc002azq.3-uc002azr.3, ENSP00000467207-uc002lxy.2-uc010dtl.1	0.987053936789	E
1	0.0129948745653	1.01308	ENSP00000265870-uc001joi.2-uc010qiy.1, ENSP00000347445-uc002cwl.2-uc010uxk.1, ENSP00000358060-uc001euq.2-uc009wlt.2, ENSP00000362082-uc003orn.2-uc011duk.1	0.987089194269	E
1	0.0129603642376	1.01304	ENSP00000356210-uc003qph.2-uc003qpg.2, ENSP00000364889-uc010tjo.1-uc001vrv.3, ENSP00000401514, ENSP00000430548-uc003yht.1-uc003yhu.1	0.987123259628	E
1	0.0129403272033	1.01302	ENSP00000219070-uc002ehz.3-uc002eia.3, ENSP00000330470-uc003akk.2-uc003aki.2, ENSP00000362884-uc001brw.2-uc001brx.2, ENSP00000434442-uc001ndt.2-uc010rhc.1	0.987143038849	E
1	0.012888506494	1.01297	ENSP00000266022-uc003cyc.2-uc011bdi.1, ENSP00000355299-uc001gqt.3-uc001gqu.3, ENSP00000376799-uc001pkh.2-uc010rvx.1, ENSP00000401338-uc002cgu.3-uc002cgv.3	0.987194194627	E
1	0.0128082779343	1.01289	ENSP00000291560-uc002zdi.2-uc011aey.1, ENSP00000343617-uc002qqw.2-uc010yhp.1, ENSP00000354040-uc001ift.2-uc010qad.1, ENSP00000384797	0.987273398972	E
1	0.0127982748072	1.01288	ENSP00000260382-uc002asw.2-uc002asz.2, ENSP00000263816, ENSP00000279263-uc001oct.2-uc010rny.1, ENSP00000318557-uc002euz.2-uc010vkh.1	0.987283274843	E
1	0.01278611355	1.01287	ENSP00000327154-uc003owr.2-uc003ows.2, ENSP00000333657-uc002yzf.1-uc010gop.1, ENSP00000384164-uc010gci.1-uc002wpg.1, ENSP00000415332-uc002uni.3-uc002unh.3	0.987295281522	E
1	0.0127078343754	1.01279	ENSP00000305533-uc003hnt.2-uc003hnv.2, ENSP00000360199, ENSP00000394966-uc001cbh.1-uc001cbf.1, ENSP00000439966-uc001suc.2-uc010sti.1	0.987372569206	E
1	0.012664804978	1.01275	ENSP00000219439-uc002fhk.2-uc010vnv.1, ENSP00000261047-uc003dxj.2-uc003dxk.2, ENSP00000270570-uc002gvy.1-uc010cqp.1, ENSP00000348429-uc001kzu.2-uc010qrj.1	0.987415056167	E
1	0.0126059275069	1.01269	ENSP00000160298-uc002mgv.3-uc002mgw.2, ENSP00000293261-uc002pix.1-uc010xzo.1, ENSP00000323811-uc003caf.2-uc010hep.2, ENSP00000356607-uc001glz.2-uc010pnb.1	0.98747319438	E
1	0.0126047463162	1.01268	ENSP00000248594-uc003ugh.2-uc010lds.2, ENSP00000340626, ENSP00000362580-uc010ohm.1-uc010ohn.1, ENSP00000384164-uc010gci.1-uc002wpg.1	0.987474360775	E
1	0.0125301717105	1.01261	ENSP00000265294-uc003mau.2-uc011dev.1, ENSP00000318845-uc003axo.3-uc003axq.3, ENSP00000362285-uc001jrr.3-uc001jru.3, ENSP00000416799-uc002xuw.2-uc010zyn.1	0.987548004032	E
1	0.0124990722843	1.01258	ENSP00000218089, ENSP00000295802-uc002spd.2-uc010fgf.2, ENSP00000369081-uc003mxv.2-uc010jnz.2, ENSP00000453969-uc001zlh.3-uc010ucn.1	0.987578716686	E
1	0.0124604677309	1.01254	ENSP00000230859-uc003jdx.1-uc010itl.1, ENSP00000253490-uc003mdk.2-uc010jjy.1, ENSP00000417132-uc003ddx.2-uc010hmh.2, ENSP00000441045-uc003gkw.3-uc003gky.2	0.987616842457	E
1	0.0122598281222	1.01234	ENSP00000246151-uc001bhq.2-uc010oeb.1, ENSP00000266481-uc001rlf.2-uc010ski.1, ENSP00000306340-uc011cbp.1-uc003hiq.2, ENSP00000409493	0.987815017394	E
1	0.012227313143	1.0123	ENSP00000193322-uc003psd.2-uc003pse.1, ENSP00000332256-uc002bwn.3-uc010bpb.2, ENSP00000384943-uc002hzm.1-uc010wgh.1, ENSP00000429286-uc003xun.2-uc003xum.2	0.987847136701	E
1	0.0122110129894	1.01229	ENSP00000253669-uc002nfe.2-uc002nff.2, ENSP00000307387-uc003cfx.2-uc011axw.1, ENSP00000377617-uc002skk.2-uc010yrp.1, ENSP00000387982-uc002bkw.2-uc002bkx.2	0.987863238892	E
1	0.0121834226868	1.01226	ENSP00000230901-uc003lcg.2-uc011cyl.1, ENSP00000299853-uc002dkk.2-uc010vbt.1, ENSP00000301067, ENSP00000323591-uc002gst.2-uc010vxq.1	0.987890494714	E
1	0.0121240845909	1.0122	ENSP00000316042-uc003lbt.2-uc010jeo.2, ENSP00000370658-uc001riq.2-uc009zjl.2, ENSP00000413272-uc003epr.2-uc003epq.2, ENSP00000445943	0.987949115994	E
1	0.012096369788	1.01217	ENSP00000307387-uc003cfx.2-uc011axw.1, ENSP00000333799-uc003ubr.2-uc010lca.2, ENSP00000356966-uc001fze.2-uc009wue.2, ENSP00000452296-uc001vwc.3-uc001vwb.3	0.987976497188	E
1	0.0120471753546	1.01212	ENSP00000245787-uc002tlk.2-uc010yye.1, ENSP00000305924-uc001ycs.1-uc001ycr.2, ENSP00000356940-uc003qdf.2-uc003qde.2, ENSP00000369677-uc002rii.3-uc002rik.3	0.988025101328	E
1	0.0119710171117	1.01204	ENSP00000207457-uc001bzr.2-uc001bzs.2, ENSP00000284878-uc002yki.2-uc002ykj.1, ENSP00000393860-uc003xmi.3-uc011lce.1, ENSP00000469022-uc002nbc.2-uc002nba.3	0.988100350449	E
1	0.0118745866943	1.01195	ENSP00000381785-uc004bga.1-uc011lwv.1, ENSP00000393978-uc002pfj.2-uc002pfd.2, ENSP00000415793, ENSP00000458290-uc002klh.3-uc010dkj.2	0.988195637972	E
1	0.0118075669543	1.01188	ENSP00000258145-uc001ssg.3-uc001ssf.2, ENSP00000347532-uc009xyw.2-uc001lcy.3, ENSP00000410545, ENSP00000429168-uc001vag.2-uc001vah.2	0.988261868807	E
1	0.0117554020782	1.01182	ENSP00000263960-uc002uuh.1-uc010fsl.1, ENSP00000357835-uc001lhs.1-uc009yaj.1, ENSP00000379353-uc001rfo.3-uc009zix.2, ENSP00000431883-uc001qhb.1-uc009zcz.1	0.988313422709	E
1	0.0117534033447	1.01182	ENSP00000324882-uc003vko.2-uc011kny.1, ENSP00000368079-uc003iyw.3-uc010ism.2, ENSP00000385715-uc002rhx.2-uc002rhw.2, ENSP00000393596	0.988315398086	E
1	0.0117339657923	1.0118	ENSP00000217159-uc002ydb.1-uc002yde.1, ENSP00000384797, ENSP00000386722-uc009ytl.2-uc001oth.3, ENSP00000471656-uc001qsi.2-uc010sfw.1	0.988334608705	E
1	0.0115293561384	1.0116	ENSP00000259569-uc003zjr.2-uc003zjs.2, ENSP00000281924-uc002ttx.2-uc002tty.2, ENSP00000297029-uc003ssn.3-uc003sso.3, ENSP00000345789-uc002lrz.2-uc002lsd.2	0.988536852197	E
1	0.0114725617142	1.01154	ENSP00000238823-uc002rpa.1-uc010ynd.1, ENSP00000303153-uc003yvd.2-uc011ljo.1, ENSP00000368020-uc003kxo.2-uc003kxm.2, ENSP00000457354-uc002fhe.2-uc002fhd.2	0.988592997173	E
1	0.0114609414639	1.01153	ENSP00000301924-uc003xfl.1-uc010lup.1, ENSP00000395007-uc010lpi.2-uc003wfw.2, ENSP00000399402-uc003jnq.3-uc003jnp.3, ENSP00000465500-uc002lin.2-uc010dpv.2	0.988604484938	E
1	0.0114193616488	1.01148	ENSP00000245787-uc002tlk.2-uc010yye.1, ENSP00000271663-uc001exi.2-uc010pcv.1, ENSP00000292616-uc003uzn.2-uc003uzo.2, ENSP00000297837-uc004ayu.2-uc004ayv.1	0.988645591784	E
1	0.0113603239992	1.01143	ENSP00000226004-uc002ied.3-uc002ief.1, ENSP00000275954-uc004ddh.2-uc010ngs.2, ENSP00000307432-uc003dna.3-uc010hob.2, ENSP00000411409	0.988703960819	E
1	0.0113597033107	1.01142	ENSP00000352208-uc001kin.2-uc009xue.2, ENSP00000362824-uc004eaa.1-uc004ead.2, ENSP00000386810-uc010ywk.1-uc010ywl.1, ENSP00000439628-uc002fuy.1-uc010ckc.1	0.988704574496	E
1	0.0112819961197	1.01135	ENSP00000219439-uc002fhk.2-uc010vnv.1, ENSP00000307387-uc003cfx.2-uc011axw.1, ENSP00000365637-uc001iru.3-uc001isa.1, ENSP00000413851-uc002kud.2-uc002kub.2	0.988781406937	E
1	0.0112722309087	1.01134	ENSP00000220751-uc003yee.2-uc003yef.2, ENSP00000264266-uc003fcl.1-uc011box.1, ENSP00000324628-uc002kon.2-uc002koo.2, ENSP00000378857-uc003cvj.2-uc011bby.1	0.988791062643	E
1	0.0111663960157	1.01123	ENSP00000221347, ENSP00000313007-uc003yjs.1-uc011lhd.1, ENSP00000328551-uc003gmu.2-uc003gmv.2, ENSP00000428982-uc003pqe.2-uc003pqd.2	0.988895716777	E
1	0.0110544839017	1.01112	ENSP00000286627-uc001jxm.2-uc001jxs.3, ENSP00000300737-uc001lyv.2-uc009yeg.2, ENSP00000309487-uc003dys.1-uc003dyt.1, ENSP00000327589	0.98900639238	E
1	0.0110222964188	1.01108	ENSP00000345498-uc001dyb.1-uc001dye.1, ENSP00000363283-uc001bmr.1-uc010ofe.1, ENSP00000377374-uc003mbw.3-uc011dfa.1, ENSP00000387982-uc002bkw.2-uc002bkx.2	0.989038226519	E
1	0.0109342173717	1.01099	ENSP00000317272, ENSP00000320794, ENSP00000329748-uc001rls.1-uc001rlr.1, ENSP00000356849-uc001gdt.1-uc010plf.1	0.9891253439	E
1	0.0108638995404	1.01092	ENSP00000253024-uc002qtg.1-uc002qth.1, ENSP00000413272-uc003epr.2-uc003epq.2, ENSP00000420780-uc003drf.2-uc010hop.2, ENSP00000440926-uc003xfp.1-uc003xfq.1	0.989194899495	E
1	0.0108582247098	1.01092	ENSP00000253669-uc002nfe.2-uc002nff.2, ENSP00000324944-uc003ncx.1-uc011dji.1, ENSP00000352208-uc001kin.2-uc009xue.2, ENSP00000457354-uc002fhe.2-uc002fhd.2	0.989200513024	E
1	0.0107963855173	1.01085	ENSP00000307387-uc003cfx.2-uc011axw.1, ENSP00000321330-uc002qys.2-uc002qyt.2, ENSP00000365943-uc004ajz.2-uc004akb.2, ENSP00000419126-uc001lgw.2-uc001lgx.2	0.989261686276	E
1	0.0107956570648	1.01085	ENSP00000263736-uc002rus.2-uc010yoc.1, ENSP00000318557-uc002euz.2-uc010vkh.1, ENSP00000382213, ENSP00000441285-uc001gee.2-uc010plh.1	0.989262406907	E
1	0.0107632684482	1.01082	ENSP00000347586-uc003ltq.2-uc011dcq.1, ENSP00000386181-uc002uln.2-uc010zfc.1, ENSP00000407193-uc002jhc.2-uc002jhb.1, ENSP00000469022-uc002nbc.2-uc002nba.3	0.989294448267	E
1	0.010702161859	1.01076	ENSP00000256854-uc002lgs.2-uc010xea.1, ENSP00000337358-uc002zmf.2-uc002zme.2, ENSP00000352510-uc001ylw.1-uc010txx.1, ENSP00000377756-uc010hoy.2-uc003drw.2	0.989354902523	E
1	0.0106827301707	1.01074	ENSP00000253270-uc004awc.2-uc004awd.2, ENSP00000256496-uc003bqg.2-uc011asy.1, ENSP00000323591-uc002gst.2-uc010vxq.1, ENSP00000374359-uc003eiv.2-uc003eix.2	0.989374127546	E
1	0.01058247942	1.01064	ENSP00000355827-uc001hoh.2-uc010pvc.1, ENSP00000356554-uc003qjr.3-uc010khh.2, ENSP00000368503-uc003iqa.2-uc010iqp.1, ENSP00000386935-uc010ncb.2-uc004cla.3	0.989473318017	E
1	0.0105146582195	1.01057	ENSP00000261739-uc001tpx.2-uc001tqa.2, ENSP00000316739-uc001bes.2-uc001ber.2, ENSP00000354086-uc001cxa.3-uc001cxc.3, ENSP00000429168-uc001vag.2-uc001vah.2	0.989540427561	E
1	0.0104482279548	1.0105	ENSP00000256339-uc001ybs.1-uc001ybv.1, ENSP00000267484-uc001xen.1-uc001xek.1, ENSP00000348564-uc001zql.2-uc001zqj.2, ENSP00000445943	0.989606165177	E
1	0.010438228123	1.01049	ENSP00000252999, ENSP00000289407-uc003vop.1-uc003voq.1, ENSP00000301011-uc002fky.2-uc002fkz.2, ENSP00000366502-uc010oag.1-uc001aqf.2	0.989616061122	E
1	0.0103617800407	1.01042	ENSP00000245796-uc002tjc.2-uc002tjh.2, ENSP00000265395-uc003szf.2-uc003szh.2, ENSP00000379154-uc001jap.1-uc001jao.1, ENSP00000397552-uc003fjw.2-uc003fjx.2	0.989691718263	E
1	0.0103026740341	1.01036	ENSP00000284878-uc002yki.2-uc002ykj.1, ENSP00000318687-uc001utj.2-uc010tds.1, ENSP00000366506-uc003mdc.3-uc003mdd.2, ENSP00000379625-uc011ayi.1-uc011ayk.1	0.989750216717	E
1	0.0101684351288	1.01022	ENSP00000217909-uc004erd.2-uc011mtt.1, ENSP00000267101-uc001sjh.2-uc001sjl.2, ENSP00000281416-uc002urz.2-uc010zge.1, ENSP00000399402-uc003jnq.3-uc003jnp.3	0.989883088621	E
1	0.0101209371615	1.01017	ENSP00000257829-uc001mvk.2-uc010ren.1, ENSP00000327214-uc001baa.2-uc001azz.1, ENSP00000342263-uc003cbm.2-uc003cbl.3, ENSP00000361625-uc004bxc.2-uc004bxf.2	0.989930107172	E
1	0.0100896839001	1.01014	ENSP00000267938-uc002bbg.2-uc002bbi.2, ENSP00000308018-uc003ziz.1-uc003zja.1, ENSP00000324960-uc001olo.2-uc001oln.2, ENSP00000420533-uc003gdq.3-uc003gds.3	0.9899610462	E
1	0.0100874210515	1.01014	ENSP00000262207-uc003yan.2-uc011lfl.1, ENSP00000348359-uc001ptt.2-uc009zai.1, ENSP00000364101-uc004duh.1-uc004dui.3, ENSP00000471074-uc002xfh.2-uc002xfg.2	0.989963286335	E
1	0.0100798711292	1.01013	ENSP00000248846-uc003bkb.1-uc010has.1, ENSP00000332595-uc003ttz.2-uc003tub.2, ENSP00000351138-uc004bxa.2-uc004bxb.2, ENSP00000355809-uc001hpc.1-uc001hpd.1	0.989970760509	E
1	0.0100417123053	1.01009	ENSP00000295550, ENSP00000343002-uc010aaz.2-uc001uto.3, ENSP00000357307-uc001fmg.2-uc010pgq.1, ENSP00000359621-uc001dkp.2-uc001dko.2	0.99000853735	E
1	0.0100107834401	1.01006	ENSP00000339435-uc002fue.1-uc002fui.1, ENSP00000367263, ENSP00000369677-uc002rii.3-uc002rik.3, ENSP00000376362-uc001tui.1-uc001tuh.2	0.990039157664	E
1	0.00994144641662	1.00999	ENSP00000350967-uc002kzk.1-uc002kzo.1, ENSP00000375936-uc002vkw.1-uc002vky.2, ENSP00000389998-uc011lgk.1-uc011lgl.1, ENSP00000473196-uc004fip.2-uc004fio.2	0.990107806412	E
1	0.00993541488571	1.00998	ENSP00000264555-uc001lqe.2-uc009yca.1, ENSP00000380860, ENSP00000385746-uc004dag.2-uc010nfs.2, ENSP00000417132-uc003ddx.2-uc010hmh.2	0.990113778296	E
1	0.00992120943203	1.00997	ENSP00000225573-uc002imo.2-uc010wla.1, ENSP00000293230-uc002jru.1-uc002jrv.1, ENSP00000381693-uc001jve.2-uc009xrn.1, ENSP00000453969-uc001zlh.3-uc010ucn.1	0.990127843411	E
1	0.00987316248168	1.00992	ENSP00000351126-uc003kod.3-uc003kof.2, ENSP00000362369-uc002xjo.1-uc010zwe.1, ENSP00000429286-uc003xun.2-uc003xum.2, ENSP00000464306-uc001eoc.1-uc001eod.1	0.990175417177	E
1	0.00985160183407	1.0099	ENSP00000311579-uc003wss.2-uc011kww.1, ENSP00000331879-uc001mqb.2-uc010rdn.1, ENSP00000335560-uc009zpy.2-uc001spb.2, ENSP00000401980-uc002wjw.3-uc002wjy.3	0.990196766231	E
1	0.00975888251933	1.00981	ENSP00000320043-uc003xry.2-uc011ldx.1, ENSP00000340626, ENSP00000357283-uc001fni.2-uc001fnk.2, ENSP00000377867-uc004ewk.1-uc004ewm.1	0.990288580853	E
1	0.00966329716591	1.00971	ENSP00000225577-uc002ixy.2-uc002ixz.2, ENSP00000283195, ENSP00000368102-uc001ilq.1-uc009xjb.1, ENSP00000377867-uc004ewk.1-uc004ewm.1	0.990383242461	E
1	0.00963342436208	1.00968	ENSP00000344772-uc001apy.2-uc001apz.2, ENSP00000413937-uc002fsr.2-uc010vql.1, ENSP00000419231-uc003esl.2-uc011bmm.1, ENSP00000460334-uc002qdo.2-uc002qdn.2	0.990412828427	E
1	0.00963342436208	1.00968	ENSP00000308018-uc003ziz.1-uc003zja.1, ENSP00000315768-uc001slc.2-uc001slb.2, ENSP00000364028-uc001bek.2-uc001bei.2, ENSP00000419231-uc003esl.2-uc011bmm.1	0.990412828427	E
1	0.0094693055417	1.00951	ENSP00000019103-uc002tma.2-uc002tlz.2, ENSP00000265870-uc001joi.2-uc010qiy.1, ENSP00000369373-uc001mbm.1-uc001mbn.2, ENSP00000411471-uc003fmz.2-uc003fnb.2	0.990575387151	E
1	0.00930997585908	1.00935	ENSP00000312066-uc002jqk.1-uc002jqj.1, ENSP00000335321, ENSP00000340693-uc003dts.2-uc003dtu.2, ENSP00000379006-uc002ape.3-uc010ujb.1	0.990733227787	E
1	0.00920698061138	1.00925	ENSP00000293677-uc002moa.2-uc002mnz.2, ENSP00000349748-uc001bys.2-uc001byr.2, ENSP00000368020-uc003kxo.2-uc003kxm.2, ENSP00000376333-uc002joh.2-uc010wsd.1	0.990835273856	E
1	0.00920698061138	1.00925	ENSP00000264501, ENSP00000337358-uc002zmf.2-uc002zme.2, ENSP00000354995-uc002zaq.2-uc002zao.2, ENSP00000381204-uc001pha.2-uc009yxc.2	0.990835273856	E
1	0.00913791305346	1.00918	ENSP00000300456-uc004but.2-uc004buu.2, ENSP00000352798, ENSP00000389998-uc011lgk.1-uc011lgl.1, ENSP00000465500-uc002lin.2-uc010dpv.2	0.990903710793	E
1	0.00913472182095	1.00918	ENSP00000261733-uc001tst.2-uc010syi.1, ENSP00000262809-uc002njh.2-uc002njg.2, ENSP00000286627-uc001jxm.2-uc001jxs.3, ENSP00000391524-uc011arv.1-uc011aru.1	0.990906873002	E
1	0.0090911742035	1.00913	ENSP00000347532-uc009xyw.2-uc001lcy.3, ENSP00000360112-uc001dbs.1-uc010opb.1, ENSP00000370761-uc001rgn.2-uc001rgo.2, ENSP00000420721	0.990950025575	E
1	0.00906624682926	1.00911	ENSP00000262304, ENSP00000355299-uc001gqt.3-uc001gqu.3, ENSP00000360112-uc001dbs.1-uc010opb.1, ENSP00000367263	0.990974727665	E
1	0.00888904814691	1.00893	ENSP00000271663-uc001exi.2-uc010pcv.1, ENSP00000281924-uc002ttx.2-uc002tty.2, ENSP00000335321, ENSP00000353375-uc003csb.2-uc003crw.2	0.99115034264	E
1	0.00881696622027	1.00886	ENSP00000279068-uc010gjy.1-uc010zzz.1, ENSP00000318775-uc003gro.2-uc003grp.2, ENSP00000333799-uc003ubr.2-uc010lca.2, ENSP00000468541-uc002mcy.2-uc002mcz.2	0.991221789241	E
1	0.00875742568267	1.0088	ENSP00000283195, ENSP00000316924-uc002wub.2-uc010gdc.2, ENSP00000376800-uc003vte.3-uc010lmv.2, ENSP00000421552	0.991280808876	E
1	0.00874956984355	1.00879	ENSP00000254722-uc002ftl.2-uc010cjw.2, ENSP00000339314-uc002zxs.2-uc002zxr.1, ENSP00000417980-uc011mfc.1-uc004coe.2, ENSP00000429286-uc003xun.2-uc003xum.2	0.991288596249	E
1	0.00873497011793	1.00877	ENSP00000264669-uc003jeb.2-uc003jec.2, ENSP00000318845-uc003axo.3-uc003axq.3, ENSP00000343002-uc010aaz.2-uc001uto.3, ENSP00000351126-uc003kod.3-uc003kof.2	0.991303068896	E
1	0.00872965441948	1.00877	ENSP00000260382-uc002asw.2-uc002asz.2, ENSP00000335321, ENSP00000351042-uc002nqi.2-uc002nqh.2, ENSP00000393762-uc003psu.2-uc003pst.3	0.991308338379	E
1	0.00872965441948	1.00877	ENSP00000305924-uc001ycs.1-uc001ycr.2, ENSP00000346762-uc003vmi.2-uc010lle.2, ENSP00000361474-uc004eng.2-uc004enf.2, ENSP00000393835-uc010eci.2-uc002nog.2	0.991308338379	E
1	0.00871222622396	1.00875	ENSP00000257700-uc003vda.1-uc010ljj.1, ENSP00000386810-uc010ywk.1-uc010ywl.1, ENSP00000407487-uc002bqg.2-uc002bqi.2, ENSP00000455933-uc010vnx.1-uc010voa.1	0.991325615245	E
1	0.00859406569022	1.00863	ENSP00000349959-uc003jlp.2-uc010ivf.2, ENSP00000355897-uc001hlm.2-uc001hlo.2, ENSP00000403476-uc010oia.1-uc010oib.1, ENSP00000471156-uc004eau.2-uc011mqe.1	0.991442757729	E
1	0.00857227933402	1.00861	ENSP00000297029-uc003ssn.3-uc003sso.3, ENSP00000381785-uc004bga.1-uc011lwv.1, ENSP00000383411-uc002yju.1-uc010gky.1, ENSP00000420721	0.99146435789	E
1	0.00843877754932	1.00847	ENSP00000362649-uc001bvb.1-uc010ohf.1, ENSP00000394966-uc001cbh.1-uc001cbf.1, ENSP00000408342-uc002mkd.2-uc002mkc.2, ENSP00000439303-uc010ymi.1-uc002rma.2	0.991596728986	E
1	0.00840112453983	1.00844	ENSP00000377756-uc010hoy.2-uc003drw.2, ENSP00000409493, ENSP00000411471-uc003fmz.2-uc003fnb.2, ENSP00000440045-uc001tqk.3-uc009zvn.2	0.99163406629	E
1	0.00838704732209	1.00842	ENSP00000005178-uc003uoa.2-uc003unz.2, ENSP00000369887-uc002afp.2-uc002afn.2, ENSP00000386810-uc010ywk.1-uc010ywl.1, ENSP00000410545	0.991648025837	E
1	0.00836369866041	1.0084	ENSP00000265870-uc001joi.2-uc010qiy.1, ENSP00000354560-uc001ggv.2-uc010plx.1, ENSP00000366460-uc001iqg.1-uc009xkc.1, ENSP00000394902-uc001lei.1-uc010qtb.1	0.991671179762	E
1	0.00835193453745	1.00839	ENSP00000354837-uc001fmt.2-uc001fmq.2, ENSP00000362344-uc004bsg.1-uc004bsi.1, ENSP00000458290-uc002klh.3-uc010dkj.2, ENSP00000471074-uc002xfh.2-uc002xfg.2	0.991682845972	E
1	0.00828705199919	1.00832	ENSP00000217909-uc004erd.2-uc011mtt.1, ENSP00000367830-uc001aiq.2-uc009vla.2, ENSP00000384582, ENSP00000418823-uc002ehr.2-uc002ehs.2	0.99174719096	E
1	0.00826621945572	1.0083	ENSP00000263736-uc002rus.2-uc010yoc.1, ENSP00000328103-uc003ala.1-uc003akx.1, ENSP00000378394-uc001jsm.2-uc001jsl.2, ENSP00000381204-uc001pha.2-uc009yxc.2	0.991767851792	E
1	0.00821597376765	1.00825	ENSP00000327179-uc002ews.3-uc010cfi.2, ENSP00000406012-uc002cmb.2-uc002clz.2, ENSP00000452296-uc001vwc.3-uc001vwb.3, ENSP00000454552-uc002fec.2-uc002fed.1	0.991817685102	E
1	0.00820459336864	1.00824	ENSP00000269571-uc002hso.2-uc010wek.1, ENSP00000285518-uc003wqo.2-uc011kwm.1, ENSP00000339016-uc001kez.1-uc010qmr.1, ENSP00000340062	0.991828972447	E
1	0.00819198390755	1.00823	ENSP00000238561-uc001xui.2-uc001xuj.2, ENSP00000273179-uc003chg.2-uc003chh.2, ENSP00000415034-uc003cqp.2-uc010hjo.1, ENSP00000470965-uc002tmb.2-uc010yyq.1	0.991841478955	E
1	0.00815054348445	1.00818	ENSP00000261733-uc001tst.2-uc010syi.1, ENSP00000265348-uc003otq.2-uc010jyh.2, ENSP00000327009-uc002rmv.2-uc002rmw.2, ENSP00000363894-uc004bci.2-uc004bcj.1	0.991882582137	E
1	0.00812099426321	1.00815	ENSP00000358605-uc001kzc.3-uc001kzb.2, ENSP00000376799-uc001pkh.2-uc010rvx.1, ENSP00000411409-uc002cof.1-uc002coe.1, ENSP00000428205-uc003yqr.2-uc003yqq.2	0.991911891928	E
1	0.00807572474095	1.00811	ENSP00000271663-uc001exi.2-uc010pcv.1, ENSP00000301831-uc003ckv.3-uc003cku.3, ENSP00000367263, ENSP00000418285	0.991956796322	E
1	0.00793720221563	1.00797	ENSP00000248846-uc003bkb.1-uc010has.1, ENSP00000256339-uc001ybs.1-uc001ybv.1, ENSP00000262177-uc003wnk.2-uc011kvz.1, ENSP00000303423-uc003xps.2-uc003xpu.2	0.992094214199	E
1	0.0079058469424	1.00794	ENSP00000359364-uc002yeh.2-uc011aaq.1, ENSP00000384797, ENSP00000384943-uc002hzm.1-uc010wgh.1, ENSP00000471771-uc004eay.3-uc010nll.2	0.992125322072	E
1	0.00790366952354	1.00793	ENSP00000280700-uc003cdl.2-uc003cdk.2, ENSP00000317272, ENSP00000350331-uc001iig.2-uc001iii.2, ENSP00000420721	0.992127482347	E
1	0.00782921052386	1.00786	ENSP00000202556-uc001yof.1-uc010awv.1, ENSP00000269701-uc002nav.2-uc010dzy.2, ENSP00000367030-uc001iop.2-uc001ior.2, ENSP00000394902-uc001lei.1-uc010qtb.1	0.992201357917	E
1	0.0078086161623	1.00784	ENSP00000238667-uc001xrs.2-uc010tvd.1, ENSP00000248846-uc003bkb.1-uc010has.1, ENSP00000301924-uc003xfl.1-uc010lup.1, ENSP00000378394-uc001jsm.2-uc001jsl.2	0.992221791881	E
1	0.00779788286376	1.00783	ENSP00000304898-uc002vot.2-uc002vox.2, ENSP00000351042-uc002nqi.2-uc002nqh.2, ENSP00000353458-uc001wsk.2-uc001wsl.2, ENSP00000439303-uc010ymi.1-uc002rma.2	0.992232441751	E
1	0.00763414193829	1.00766	ENSP00000311997, ENSP00000322242-uc001typ.3-uc001tyq.3, ENSP00000337746-uc002njd.1-uc002njf.1, ENSP00000379621-uc003ycn.2-uc003yco.2	0.992394924111	E
1	0.00763011506906	1.00766	ENSP00000317232-uc002hxv.2-uc002hxw.1, ENSP00000362824-uc004eaa.1-uc004ead.2, ENSP00000381008, ENSP00000384203-uc003oqt.1-uc003oqr.1	0.992398920364	E
1	0.00759021907866	1.00762	ENSP00000259395-uc004bbg.1-uc011lvk.1, ENSP00000285381-uc003ydj.2-uc011lfv.1, ENSP00000320794, ENSP00000356641-uc001gku.1-uc009wwv.2	0.992438513892	E
1	0.00758715861575	1.00762	ENSP00000226067-uc002iug.1-uc010dce.1, ENSP00000292616-uc003uzn.2-uc003uzo.2, ENSP00000336630-uc003aab.2-uc011ajs.1, ENSP00000364218-uc004aym.2-uc004ayk.2	0.992441551218	E
1	0.00757491511803	1.0076	ENSP00000261308-uc003jtv.3-uc011cqw.1, ENSP00000351631-uc001pfn.2-uc001pfm.2, ENSP00000368799-uc001uxu.1-uc010ace.1, ENSP00000459424-uc003udy.2-uc003uea.2	0.992453702248	E
1	0.00755086982922	1.00758	ENSP00000265963-uc001moh.2-uc001moj.2, ENSP00000271588, ENSP00000318868-uc002gta.2-uc010vxt.1, ENSP00000318921-uc002ueg.2-uc002uej.2	0.992477566371	E
1	0.0074955722252	1.00752	ENSP00000267859-uc010uhc.1-uc002agi.3, ENSP00000326381-uc003fqs.2-uc003fqv.2, ENSP00000381008, ENSP00000387006-uc002unp.2-uc002uno.2	0.99253244952	E
1	0.00744623365174	1.00747	ENSP00000317232-uc002hxv.2-uc002hxw.1, ENSP00000347532-uc009xyw.2-uc001lcy.3, ENSP00000348564-uc001zql.2-uc001zqj.2, ENSP00000452120-uc001shh.2-uc001shg.2	0.992581420863	E
1	0.00738680602651	1.00741	ENSP00000259608-uc003zxe.1-uc003zxf.1, ENSP00000268603-uc002eoi.2-uc010cdn.2, ENSP00000280700-uc003cdl.2-uc003cdk.2, ENSP00000357438-uc001ffx.2-uc001ffu.2	0.992640409372	E
1	0.00737727827572	1.0074	ENSP00000266481-uc001rlf.2-uc010ski.1, ENSP00000273512-uc003fig.2-uc011bpy.1, ENSP00000351631-uc001pfn.2-uc001pfm.2, ENSP00000360186	0.992649867048	E
1	0.00734051919144	1.00737	ENSP00000334153-uc003cay.2-uc010hes.2, ENSP00000350578-uc002yma.2-uc011acg.1, ENSP00000357283-uc001fni.2-uc001fnk.2, ENSP00000432332-uc001oxx.2-uc001oya.2	0.992686356619	E
1	0.00732649249186	1.00735	ENSP00000253270-uc004awc.2-uc004awd.2, ENSP00000324944-uc003ncx.1-uc011dji.1, ENSP00000359621-uc001dkp.2-uc001dko.2, ENSP00000423228-uc003jlg.1-uc003jlb.1	0.99270028083	E
1	0.00726466499951	1.00729	ENSP00000311949-uc001gew.2-uc001gez.2, ENSP00000355929-uc001hjz.2-uc010ptq.1, ENSP00000384582, ENSP00000449960-uc001sef.2-uc001see.2	0.992761658896	E
1	0.00725606949973	1.00728	ENSP00000267101-uc001sjh.2-uc001sjl.2, ENSP00000311429-uc002aqb.2-uc010bhv.2, ENSP00000356607-uc001glz.2-uc010pnb.1, ENSP00000458290-uc002klh.3-uc010dkj.2	0.992770192215	E
1	0.00715066142121	1.00718	ENSP00000247178-uc001xbx.1-uc001xbw.1, ENSP00000298229-uc001osf.2-uc001osg.2, ENSP00000305721-uc003pjl.1-uc011dyu.1, ENSP00000360202	0.992874843729	E
1	0.00714680259964	1.00717	ENSP00000005587-uc003syc.2-uc011jzj.1, ENSP00000280700-uc003cdl.2-uc003cdk.2, ENSP00000293350-uc002pnt.2-uc010yat.1, ENSP00000429168-uc001vag.2-uc001vah.2	0.992878675063	E
1	0.00714621003029	1.00717	ENSP00000261308-uc003jtv.3-uc011cqw.1, ENSP00000351627-uc002ozp.3-uc002ozo.3, ENSP00000377374-uc003mbw.3-uc011dfa.1, ENSP00000399828-uc003gfr.2-uc003gfn.2	0.992879263413	E
1	0.00712576700977	1.00715	ENSP00000253669-uc002nfe.2-uc002nff.2, ENSP00000346532-uc002orx.2-uc002ose.2, ENSP00000376178-uc001uio.2-uc001uip.2, ENSP00000433388-uc003dcn.2-uc010hly.2	0.992899561072	E
1	0.00711057468463	1.00714	ENSP00000261475-uc001wss.2-uc001wst.2, ENSP00000263816, ENSP00000313869-uc003ciw.1-uc003ciz.1, ENSP00000366299-uc002ign.2-uc010czu.2	0.992914645639	E
1	0.00707849598209	1.0071	ENSP00000216129-uc003bdq.2-uc003bdp.2, ENSP00000358548-uc009wgu.2-uc001efh.3, ENSP00000367868-uc001imo.3-uc001imn.2, ENSP00000386810-uc010ywk.1-uc010ywl.1	0.992946497564	E
1	0.00705246963138	1.00708	ENSP00000193322-uc003psd.2-uc003pse.1, ENSP00000281405-uc002rdj.2-uc002rdh.2, ENSP00000312158-uc003nib.1-uc003nic.1, ENSP00000374455-uc003mkw.3-uc003mkv.3	0.992972340674	E
1	0.00705167653502	1.00708	ENSP00000233146-uc002rvy.1-uc010fbg.2, ENSP00000239223-uc003mbv.1-uc011dez.1, ENSP00000303279-uc001hmc.2-uc001hmd.2, ENSP00000375051-uc001chn.2-uc001chp.2	0.992973128197	E
1	0.0070182632436	1.00704	ENSP00000257966-uc001spn.2-uc010srx.1, ENSP00000264266-uc003fcl.1-uc011box.1, ENSP00000355632-uc010pwa.1-uc001htu.2, ENSP00000375810-uc002pbf.1-uc010ejy.1	0.993006307252	E
1	0.00700742878057	1.00703	ENSP00000321853-uc002ftk.1-uc010vqr.1, ENSP00000376799-uc001pkh.2-uc010rvx.1, ENSP00000393860-uc003xmi.3-uc011lce.1, ENSP00000394902-uc001lei.1-uc010qtb.1	0.993017066	E
1	0.00699595021574	1.00702	ENSP00000231338-uc003jin.2-uc003jio.2, ENSP00000258733-uc003swb.2-uc011jyz.1, ENSP00000378086-uc001xip.2-uc001xis.2, ENSP00000391524-uc011arv.1-uc011aru.1	0.993028464476	E
1	0.00695602920078	1.00698	ENSP00000234160-uc002ugk.2-uc002ugm.2, ENSP00000257548-uc010sxi.1-uc001tnw.3, ENSP00000347942-uc001jal.2-uc010qez.1, ENSP00000355050-uc010zvw.1-uc002xhj.2	0.993068107972	E
1	0.00685599709394	1.00688	ENSP00000256496-uc003bqg.2-uc011asy.1, ENSP00000261308-uc003jtv.3-uc011cqw.1, ENSP00000266481-uc001rlf.2-uc010ski.1, ENSP00000335321	0.993167451635	E
1	0.00684859403021	1.00687	ENSP00000318775-uc003gro.2-uc003grp.2, ENSP00000320794, ENSP00000378056-uc002blh.2-uc002bll.2, ENSP00000470203-uc004fjs.1-uc010nur.2	0.993174804145	E
1	0.00683482704977	1.00686	ENSP00000317272, ENSP00000341154-uc001yno.2-uc001yns.2, ENSP00000356574-uc001gnz.2-uc001goc.2, ENSP00000369887-uc002afp.2-uc002afn.2	0.993188477257	E
1	0.00681584152083	1.00684	ENSP00000315768-uc001slc.2-uc001slb.2, ENSP00000386626-uc002tzd.3-uc010zch.1, ENSP00000386759, ENSP00000439303-uc010ymi.1-uc002rma.2	0.993207333644	E
1	0.0068034314494	1.00683	ENSP00000253363-uc002xeb.2-uc002xea.2, ENSP00000297990-uc003zsz.2-uc003zsy.2, ENSP00000363283-uc001bmr.1-uc010ofe.1, ENSP00000412394	0.993219659495	E
1	0.00679150697918	1.00681	ENSP00000244020-uc010zwg.1-uc002xki.2, ENSP00000245206-uc002eof.1-uc010vim.1, ENSP00000347667, ENSP00000396205-uc011mad.1-uc010mxi.2	0.993231503184	E
1	0.00668455515676	1.00671	ENSP00000287675-uc003cih.2-uc011ayq.1, ENSP00000310447-uc001slj.2-uc009zot.2, ENSP00000355809-uc001hpc.1-uc001hpd.1, ENSP00000385478-uc010ktx.2-uc010kty.2	0.993337736784	E
1	0.00662856792845	1.00665	ENSP00000255121-uc001coj.1-uc001coi.1, ENSP00000262679-uc001ctd.3-uc009vzb.2, ENSP00000368076-uc002fbm.1-uc010vml.1, ENSP00000379411-uc002dhg.3-uc002dhh.3	0.993393352567	E
1	0.00661697564854	1.00664	ENSP00000262144-uc002fdh.1-uc002fdf.1, ENSP00000383700, ENSP00000399828-uc003gfr.2-uc003gfn.2, ENSP00000469540-uc002omt.2-uc002oms.2	0.993404868328	E
1	0.0065947196218	1.00662	ENSP00000268099-uc002azb.1-uc002aza.1, ENSP00000355623-uc001hub.2-uc009xfh.1, ENSP00000360186, ENSP00000394902-uc001lei.1-uc010qtb.1	0.993426977819	E
1	0.0065311401076	1.00655	ENSP00000362187-uc004bsx.1-uc004bsw.1, ENSP00000366506-uc003mdc.3-uc003mdd.2, ENSP00000417963-uc003oth.2-uc010jyd.2, ENSP00000419126-uc001lgw.2-uc001lgx.2	0.993490141432	E
1	0.00647536458217	1.0065	ENSP00000316739-uc001bes.2-uc001ber.2, ENSP00000355499-uc001hzw.2-uc001hzx.2, ENSP00000369431-uc003zqc.2-uc003zqb.2, ENSP00000415793	0.993545555412	E
1	0.00645002491808	1.00647	ENSP00000252015-uc002xbk.2-uc010zuq.1, ENSP00000263440-uc010oow.1-uc001daz.2, ENSP00000316578-uc002hgs.2-uc002hgt.2, ENSP00000462664-uc002lfj.3-uc010dpg.2	0.993570731841	E
1	0.00642240737061	1.00644	ENSP00000246957-uc002cvt.3-uc010uxf.1, ENSP00000282478, ENSP00000376178-uc001uio.2-uc001uip.2, ENSP00000414558-uc001wgm.2-uc010tnb.1	0.993598172207	E
1	0.0063524942277	1.00637	ENSP00000308622-uc004bvj.2-uc010myd.2, ENSP00000358335-uc003pnz.1-uc003pny.1, ENSP00000367893-uc001imk.2-uc010qbs.1, ENSP00000376362-uc001tui.1-uc001tuh.2	0.993667640207	E
1	0.00635041378476	1.00637	ENSP00000260453-uc002adr.2-uc010bfo.2, ENSP00000271227-uc001dqv.3-uc010ott.1, ENSP00000326381-uc003fqs.2-uc003fqv.2, ENSP00000355299-uc001gqt.3-uc001gqu.3	0.993669707478	E
1	0.00633609277132	1.00636	ENSP00000072644-uc001cvu.2-uc001cvy.2, ENSP00000265594-uc003fle.2-uc003flf.2, ENSP00000296350-uc003fxk.3-uc003fxl.3, ENSP00000419126-uc001lgw.2-uc001lgx.2	0.993683937937	E
1	0.00629865611923	1.00632	ENSP00000299952-uc002fau.2-uc010cge.2, ENSP00000349629, ENSP00000369887-uc002afp.2-uc002afn.2, ENSP00000384338-uc002twh.2-uc010zbn.1	0.993721138833	E
1	0.00629160195923	1.00631	ENSP00000311427-uc002bau.2-uc002bav.2, ENSP00000312618-uc003ela.3-uc003ele.2, ENSP00000351635-uc002abr.1-uc002abs.1, ENSP00000452296-uc001vwc.3-uc001vwb.3	0.993728148726	E
1	0.00625664801442	1.00628	ENSP00000238561-uc001xui.2-uc001xuj.2, ENSP00000266544-uc001qnc.2-uc010ses.1, ENSP00000315768-uc001slc.2-uc001slb.2, ENSP00000402515	0.993762884051	E
1	0.00624196044222	1.00626	ENSP00000300432-uc004bsu.2-uc011mao.1, ENSP00000362590-uc003onn.2-uc003onp.2, ENSP00000442421-uc002juf.2-uc002jud.2, ENSP00000461108-uc002qis.3-uc002qiw.2	0.993777480123	E
1	0.00623129489928	1.00625	ENSP00000281142-uc003igp.2-uc003igo.2, ENSP00000381693-uc001jve.2-uc009xrn.1, ENSP00000386722-uc009ytl.2-uc001oth.3, ENSP00000412394	0.993788079356	E
1	0.00620678471428	1.00623	ENSP00000072644-uc001cvu.2-uc001cvy.2, ENSP00000324628-uc002kon.2-uc002koo.2, ENSP00000400065-uc003afi.2-uc011ako.1, ENSP00000440926-uc003xfp.1-uc003xfq.1	0.993812437584	E
1	0.00618116396865	1.0062	ENSP00000358813-uc003pjc.2-uc003pjb.3, ENSP00000365048-uc001vqr.2-uc010agj.2, ENSP00000373783-uc003xdh.1-uc010lty.1, ENSP00000376733-uc003etv.2-uc011bnb.1	0.993837900126	E
1	0.00614794634969	1.00617	ENSP00000265077, ENSP00000290341-uc002iom.2-uc010dbj.2, ENSP00000403476-uc010oia.1-uc010oib.1, ENSP00000470203-uc004fjs.1-uc010nur.2	0.993870913603	E
1	0.00614087657091	1.00616	ENSP00000354671-uc001cov.2-uc001cpa.2, ENSP00000362285-uc001jrr.3-uc001jru.3, ENSP00000415057-uc010ukd.1-uc010bik.1, ENSP00000415793	0.993877940075	E
1	0.00608745760098	1.00611	ENSP00000358862-uc001kwt.2-uc001kwu.2, ENSP00000366475-uc001obx.2-uc001obw.2, ENSP00000367868-uc001imo.3-uc001imn.2, ENSP00000373390	0.993931033429	E
1	0.00607217653921	1.00609	ENSP00000267836-uc001zwj.3-uc001zwh.3, ENSP00000281416-uc002urz.2-uc010zge.1, ENSP00000330671, ENSP00000471677-uc004dkn.2-uc011mmg.1	0.993946221866	E
1	0.00600105015781	1.00602	ENSP00000263634-uc002rxg.1-uc002rxf.1, ENSP00000273371-uc003ecu.2-uc011bjc.1, ENSP00000307432-uc003dna.3-uc010hob.2, ENSP00000396861-uc010jaf.1-uc003kga.2	0.994016920179	E
1	0.00599404465208	1.00601	ENSP00000289407-uc003vop.1-uc003voq.1, ENSP00000292616-uc003uzn.2-uc003uzo.2, ENSP00000358548-uc009wgu.2-uc001efh.3, ENSP00000420793-uc002scl.2-uc010ypx.1	0.994023883794	E
1	0.00599270210034	1.00601	ENSP00000260506-uc001dpw.2-uc010otl.1, ENSP00000310841-uc002fjw.2-uc010vot.1, ENSP00000355809-uc001hpc.1-uc001hpd.1, ENSP00000421741-uc003gde.3-uc010ibv.2	0.994025218324	E
1	0.00596360713368	1.00598	ENSP00000316054-uc003fms.2-uc003fmu.2, ENSP00000318115-uc002olu.1-uc002olt.1, ENSP00000356554-uc003qjr.3-uc010khh.2, ENSP00000362884-uc001brw.2-uc001brx.2	0.994054139875	E
1	0.00596310819961	1.00598	ENSP00000288502-uc004bjd.3-uc004bjf.3, ENSP00000304592-uc002kdu.2-uc002kdv.1, ENSP00000384797, ENSP00000469022-uc002nbc.2-uc002nba.3	0.994054635843	E
1	0.00595913061179	1.00598	ENSP00000262982-uc002xty.2-uc010ghy.2, ENSP00000384203-uc003oqt.1-uc003oqr.1, ENSP00000386844, ENSP00000404684-uc003cui.2-uc003cuk.2	0.99405858979	E
1	0.00595350062483	1.00597	ENSP00000296799-uc011csr.1-uc003kcz.3, ENSP00000343273-uc003svs.3-uc011jyv.1, ENSP00000421741-uc003gde.3-uc010ibv.2, ENSP00000472749-uc010noz.2-uc004elo.3	0.994064186343	E
1	0.00592435839201	1.00594	ENSP00000376250-uc003fsv.2-uc003fsw.2, ENSP00000411032-uc002oyg.1-uc010ejd.2, ENSP00000455933-uc010vnx.1-uc010voa.1, ENSP00000470203-uc004fjs.1-uc010nur.2	0.994093156015	E
1	0.00591679419574	1.00593	ENSP00000224949-uc001igt.1-uc001igs.1, ENSP00000244669-uc003opl.2-uc010jxf.2, ENSP00000265077, ENSP00000345895-uc003bfr.2-uc011aqn.1	0.994100675559	E
1	0.00576745712305	1.00578	ENSP00000234160-uc002ugk.2-uc002ugm.2, ENSP00000318373-uc002rkk.2-uc002rkj.2, ENSP00000318557-uc002euz.2-uc010vkh.1, ENSP00000441045-uc003gkw.3-uc003gky.2	0.994249142729	E
1	0.00572720677865	1.00574	ENSP00000271663-uc001exi.2-uc010pcv.1, ENSP00000355499-uc001hzw.2-uc001hzx.2, ENSP00000362082-uc003orn.2-uc011duk.1, ENSP00000362649-uc001bvb.1-uc010ohf.1	0.994289162405	E
1	0.00569307883281	1.00571	ENSP00000261292-uc002ldv.2-uc010xdh.1, ENSP00000327197-uc003fwz.3-uc011bty.1, ENSP00000393596, ENSP00000421202-uc003jrh.3-uc003jrk.3	0.994323096031	E
1	0.00565989491347	1.00568	ENSP00000247956-uc002mku.2-uc002mkw.2, ENSP00000261881-uc002apr.2-uc010ujn.1, ENSP00000312066-uc002jqk.1-uc002jqj.1, ENSP00000470965-uc002tmb.2-uc010yyq.1	0.994356092116	E
1	0.00550535112798	1.00552	ENSP00000292140-uc002own.3-uc010eit.2, ENSP00000370839-uc003gzj.2-uc011bzp.1, ENSP00000375809-uc002pbj.2-uc002pbi.2, ENSP00000457354-uc002fhe.2-uc002fhd.2	0.994509775546	E
1	0.0054928352523	1.00551	ENSP00000269919-uc002nis.1-uc010xqg.1, ENSP00000324628-uc002kon.2-uc002koo.2, ENSP00000401514, ENSP00000415332-uc002uni.3-uc002unh.3	0.994522222784	E
1	0.00548946596608	1.0055	ENSP00000262207-uc003yan.2-uc011lfl.1, ENSP00000281038-uc001ozi.2-uc010rsq.1, ENSP00000296799-uc011csr.1-uc003kcz.3, ENSP00000364028-uc001bek.2-uc001bei.2	0.99452557362	E
1	0.00543609862612	1.00545	ENSP00000269571-uc002hso.2-uc010wek.1, ENSP00000379737-uc003swy.2-uc010kur.2, ENSP00000433388-uc003dcn.2-uc010hly.2, ENSP00000445943	0.994578650221	E
1	0.00542596905623	1.00544	ENSP00000331504-uc002bpv.2-uc002bpy.2, ENSP00000396861-uc010jaf.1-uc003kga.2, ENSP00000435299-uc001lrv.2-uc001lrw.2, ENSP00000458302-uc003uae.1-uc003uaf.1	0.994588724925	E
1	0.00539687948639	1.00541	ENSP00000261173-uc001tbh.2-uc009zsr.2, ENSP00000304898-uc002vot.2-uc002vox.2, ENSP00000340062, ENSP00000396205-uc011mad.1-uc010mxi.2	0.994617657504	E
1	0.00537794223105	1.00539	ENSP00000318131-uc002peq.3-uc002per.3, ENSP00000318845-uc003axo.3-uc003axq.3, ENSP00000364509-uc004auf.1-uc010mrj.1, ENSP00000378086-uc001xip.2-uc001xis.2	0.994636493011	E
1	0.00536948608249	1.00538	ENSP00000328103-uc003ala.1-uc003akx.1, ENSP00000345772-uc003oku.3-uc010jvx.2, ENSP00000360199, ENSP00000367227-uc003zyo.2-uc003zyn.2	0.994644903841	E
1	0.00534619640066	1.00536	ENSP00000256854-uc002lgs.2-uc010xea.1, ENSP00000318845-uc003axo.3-uc003axq.3, ENSP00000336923-uc003ilf.2-uc003ili.2, ENSP00000378130-uc003hzr.3-uc003hzq.2	0.994668069074	E
1	0.00529994678809	1.00531	ENSP00000300249-uc002kyg.2-uc010xcd.1, ENSP00000359830-uc001dhu.2-uc009wca.1, ENSP00000384582, ENSP00000401470-uc003azu.2-uc003azr.2	0.994714073151	E
1	0.00527968441936	1.00529	ENSP00000295550, ENSP00000357835-uc001lhs.1-uc009yaj.1, ENSP00000365048-uc001vqr.2-uc010agj.2, ENSP00000437271-uc001njs.2-uc001njp.2	0.994734228618	E
1	0.00525665320137	1.00527	ENSP00000249883-uc003eqg.1-uc003eqe.1, ENSP00000262518, ENSP00000299767-uc001tkb.1-uc010swg.1, ENSP00000393762-uc003psu.2-uc003pst.3	0.994757138823	E
1	0.00524103870353	1.00525	ENSP00000252826-uc002pmw.2-uc002pmy.2, ENSP00000344772-uc001apy.2-uc001apz.2, ENSP00000360158, ENSP00000454552-uc002fec.2-uc002fed.1	0.994772671577	E
1	0.00523411350058	1.00525	ENSP00000019103-uc002tma.2-uc002tlz.2, ENSP00000272638-uc002tur.2-uc002tut.2, ENSP00000393762-uc003psu.2-uc003pst.3, ENSP00000451763-uc001xoz.1-uc010tuj.1	0.994779560604	E
1	0.00521632243791	1.00523	ENSP00000220751-uc003yee.2-uc003yef.2, ENSP00000271588, ENSP00000329748-uc001rls.1-uc001rlr.1, ENSP00000407487-uc002bqg.2-uc002bqi.2	0.994797258947	E
1	0.00521080147235	1.00522	ENSP00000217909-uc004erd.2-uc011mtt.1, ENSP00000262304, ENSP00000290341-uc002iom.2-uc010dbj.2, ENSP00000379931-uc003ccg.2-uc010hfc.2	0.994802751203	E
1	0.00513013046317	1.00514	ENSP00000291560-uc002zdi.2-uc011aey.1, ENSP00000357551-uc001lmg.1-uc001lmf.1, ENSP00000358060-uc001euq.2-uc009wlt.2, ENSP00000469947-uc001qsl.2-uc009zfr.2	0.994883006182	E
1	0.00509698270298	1.00511	ENSP00000222145-uc002pki.2-uc002pkh.2, ENSP00000262207-uc003yan.2-uc011lfl.1, ENSP00000267938-uc002bbg.2-uc002bbi.2, ENSP00000381008	0.994915984872	E
1	0.0050639914162	1.00508	ENSP00000282308-uc002qqu.2-uc010euj.2, ENSP00000368799-uc001uxu.1-uc010ace.1, ENSP00000382213, ENSP00000417185-uc001afs.2-uc001afr.2	0.994948808972	E
1	0.00501121463176	1.00502	ENSP00000262518, ENSP00000340693-uc003dts.2-uc003dtu.2, ENSP00000362804-uc001jnh.3-uc009xpq.2, ENSP00000408576-uc003cop.1-uc010hit.1	0.995001320557	E
1	0.0050079887921	1.00502	ENSP00000263440-uc010oow.1-uc001daz.2, ENSP00000279068-uc010gjy.1-uc010zzz.1, ENSP00000353114, ENSP00000413851-uc002kud.2-uc002kub.2	0.995004530277	E
1	0.00500032291535	1.00501	ENSP00000264501, ENSP00000264555-uc001lqe.2-uc009yca.1, ENSP00000308622-uc004bvj.2-uc010myd.2, ENSP00000347427-uc010vsl.1-uc010vsp.1	0.995012157888	E
1	0.00498586073478	1.005	ENSP00000321330-uc002qys.2-uc002qyt.2, ENSP00000361009-uc002xtw.1-uc002xtv.1, ENSP00000380860, ENSP00000390121-uc002jbv.2-uc010wps.1	0.995026548037	E
1	0.00494662520388	1.00496	ENSP00000245796-uc002tjc.2-uc002tjh.2, ENSP00000321330-uc002qys.2-uc002qyt.2, ENSP00000361474-uc004eng.2-uc004enf.2, ENSP00000363558-uc010qfc.1-uc010qfd.1	0.995065589198	E
1	0.00492647496221	1.00494	ENSP00000223061-uc003uvo.2-uc003uvp.1, ENSP00000252015-uc002xbk.2-uc010zuq.1, ENSP00000323591-uc002gst.2-uc010vxq.1, ENSP00000414558-uc001wgm.2-uc010tnb.1	0.995085640212	E
1	0.00491242025884	1.00492	ENSP00000219473-uc002fii.2-uc010vof.1, ENSP00000244020-uc010zwg.1-uc002xki.2, ENSP00000385030-uc002rgu.2-uc010ykr.1, ENSP00000402537-uc001zfh.1-uc010ubk.1	0.995099625944	E
1	0.00482787181055	1.00484	ENSP00000266481-uc001rlf.2-uc010ski.1, ENSP00000307387-uc003cfx.2-uc011axw.1, ENSP00000342148-uc001dwn.2-uc009weu.2, ENSP00000439966-uc001suc.2-uc010sti.1	0.99518376363	E
1	0.00478575942261	1.0048	ENSP00000305721-uc003pjl.1-uc011dyu.1, ENSP00000379353-uc001rfo.3-uc009zix.2, ENSP00000422464-uc003iph.1-uc011cir.1, ENSP00000439303-uc010ymi.1-uc002rma.2	0.995225674077	E
1	0.00476316473612	1.00477	ENSP00000005587-uc003syc.2-uc011jzj.1, ENSP00000216129-uc003bdq.2-uc003bdp.2, ENSP00000358635-uc003pla.2-uc003pkz.2, ENSP00000373390	0.995248161144	E
1	0.00475045328308	1.00476	ENSP00000335560-uc009zpy.2-uc001spb.2, ENSP00000365048-uc001vqr.2-uc010agj.2, ENSP00000378736-uc003tus.2-uc003tuu.2, ENSP00000419851-uc003faq.2-uc011bom.1	0.995260812274	E
1	0.004743037937	1.00475	ENSP00000344666, ENSP00000363894-uc004bci.2-uc004bcj.1, ENSP00000378438-uc002azq.3-uc002azr.3, ENSP00000404684-uc003cui.2-uc003cuk.2	0.995268192505	E
1	0.00472032203285	1.00473	ENSP00000245796-uc002tjc.2-uc002tjh.2, ENSP00000255121-uc001coj.1-uc001coi.1, ENSP00000327214-uc001baa.2-uc001azz.1, ENSP00000354958-uc001fjm.2-uc009wql.2	0.995290801179	E
1	0.00471647353295	1.00473	ENSP00000317382-uc001pdn.2-uc001pdm.2, ENSP00000367263, ENSP00000371811-uc001uof.2-uc010tct.1, ENSP00000442050-uc002kch.1-uc010wva.1	0.995294631563	E
1	0.00470771445908	1.00472	ENSP00000267859-uc010uhc.1-uc002agi.3, ENSP00000328412-uc002kay.3-uc002kaz.3, ENSP00000418285, ENSP00000458302-uc003uae.1-uc003uaf.1	0.99530334946	E
1	0.00469550364771	1.00471	ENSP00000196482-uc002qsw.1-uc002qsx.1, ENSP00000234420-uc002rwd.3-uc010yoi.1, ENSP00000337008-uc001dnw.2-uc001dnx.2, ENSP00000469947-uc001qsl.2-uc009zfr.2	0.995315502996	E
1	0.00465141393676	1.00466	ENSP00000264720-uc002rjw.1-uc010eyy.1, ENSP00000353375-uc003csb.2-uc003crw.2, ENSP00000414224-uc002tmk.2-uc010yys.1, ENSP00000445943	0.995359387136	E
1	0.0046447695418	1.00466	ENSP00000262679-uc001ctd.3-uc009vzb.2, ENSP00000349490-uc003ass.1-uc003asr.1, ENSP00000360187, ENSP00000435933-uc001ghx.1-uc001ghv.1	0.995366000719	E
1	0.00463860866535	1.00465	ENSP00000019103-uc002tma.2-uc002tlz.2, ENSP00000256649-uc001egz.2-uc001eha.2, ENSP00000365938-uc001vmt.2-uc001vms.2, ENSP00000419851-uc003faq.2-uc011bom.1	0.995372133065	E
1	0.00463493446708	1.00465	ENSP00000369538-uc001iil.3-uc001iim.3, ENSP00000377566-uc002esa.2-uc002esc.2, ENSP00000386725-uc002uny.2-uc002unw.2, ENSP00000410545	0.995375790266	E
1	0.00462817869793	1.00464	ENSP00000238561-uc001xui.2-uc001xuj.2, ENSP00000354897, ENSP00000377756-uc010hoy.2-uc003drw.2, ENSP00000439338-uc001tsi.2-uc001tsg.2	0.995382514818	E
1	0.00461472215081	1.00463	ENSP00000005587-uc003syc.2-uc011jzj.1, ENSP00000318373-uc002rkk.2-uc002rkj.2, ENSP00000364000-uc002uqk.2-uc010frx.2, ENSP00000365943-uc004ajz.2-uc004akb.2	0.995395909319	E
1	0.00460043975758	1.00461	ENSP00000301887-uc001ocf.1-uc001oce.1, ENSP00000320076-uc002jme.1-uc010wro.1, ENSP00000340766-uc001gqg.2-uc001gqf.2, ENSP00000377643-uc002hun.1-uc002huk.1	0.995410126057	E
1	0.00459645626312	1.00461	ENSP00000254322-uc002myz.1-uc010xnr.1, ENSP00000314132-uc002wbq.2-uc002wbr.2, ENSP00000334229-uc001rfq.2-uc010sir.1, ENSP00000429286-uc003xun.2-uc003xum.2	0.995414091275	E
1	0.00459065578316	1.0046	ENSP00000252015-uc002xbk.2-uc010zuq.1, ENSP00000354850-uc001ktv.2-uc001ktu.2, ENSP00000412173-uc001bvh.3-uc010ohi.1, ENSP00000471677-uc004dkn.2-uc011mmg.1	0.995419865172	E
1	0.00458254869978	1.00459	ENSP00000261632-uc001uni.2-uc010tcq.1, ENSP00000321498-uc003vvo.2-uc003vvn.2, ENSP00000352282-uc001www.2-uc010tqg.1, ENSP00000470710-uc011myk.1-uc004fgx.2	0.995427935156	E
1	0.00458113311426	1.00459	ENSP00000244020-uc010zwg.1-uc002xki.2, ENSP00000300249-uc002kyg.2-uc010xcd.1, ENSP00000311427-uc002bau.2-uc002bav.2, ENSP00000415889-uc003wut.1-uc011kxl.1	0.995429344271	E
1	0.00454974915471	1.00456	ENSP00000262809-uc002njh.2-uc002njg.2, ENSP00000299853-uc002dkk.2-uc010vbt.1, ENSP00000305924-uc001ycs.1-uc001ycr.2, ENSP00000430548-uc003yht.1-uc003yhu.1	0.995460585275	E
1	0.00454656628205	1.00456	ENSP00000296799-uc011csr.1-uc003kcz.3, ENSP00000399584-uc004csx.3-uc010ndt.2, ENSP00000419851-uc003faq.2-uc011bom.1, ENSP00000467207-uc002lxy.2-uc010dtl.1	0.995463753704	E
1	0.00451348120616	1.00452	ENSP00000244669-uc003opl.2-uc010jxf.2, ENSP00000261733-uc001tst.2-uc010syi.1, ENSP00000262144-uc002fdh.1-uc002fdf.1, ENSP00000426968-uc010iqc.2-uc003ioz.2	0.995496689243	E
1	0.00450926899075	1.00452	ENSP00000253363-uc002xeb.2-uc002xea.2, ENSP00000264400-uc003hmi.1-uc010ijq.1, ENSP00000291560-uc002zdi.2-uc011aey.1, ENSP00000359727-uc003pdr.2-uc011dxo.1	0.995500882498	E
1	0.004508076036	1.00452	ENSP00000287295-uc004evg.2-uc004evi.2, ENSP00000342263-uc003cbm.2-uc003cbl.3, ENSP00000364001-uc001iwx.3-uc001iwv.3, ENSP00000364028-uc001bek.2-uc001bei.2	0.995502070087	E
1	0.00447925906843	1.00449	ENSP00000305721-uc003pjl.1-uc011dyu.1, ENSP00000318884, ENSP00000341154-uc001yno.2-uc001yns.2, ENSP00000354622-uc002ici.1-uc010whi.1	0.995530757851	E
1	0.00445578001147	1.00447	ENSP00000239223-uc003mbv.1-uc011dez.1, ENSP00000406012-uc002cmb.2-uc002clz.2, ENSP00000419475-uc003exk.2-uc003exj.1, ENSP00000420533-uc003gdq.3-uc003gds.3	0.995554132249	E
1	0.00442802662498	1.00444	ENSP00000286096-uc002doh.2-uc010bxw.2, ENSP00000380860, ENSP00000430548-uc003yht.1-uc003yhu.1, ENSP00000471677-uc004dkn.2-uc011mmg.1	0.995581762631	E
1	0.00439992267614	1.00441	ENSP00000260382-uc002asw.2-uc002asz.2, ENSP00000317272, ENSP00000349708-uc001byh.2-uc010oht.1, ENSP00000458302-uc003uae.1-uc003uaf.1	0.995609742803	E
1	0.00435301331893	1.00436	ENSP00000217909-uc004erd.2-uc011mtt.1, ENSP00000351138-uc004bxa.2-uc004bxb.2, ENSP00000367196-uc003zyz.2-uc003zyy.1, ENSP00000381785-uc004bga.1-uc011lwv.1	0.995656447311	E
1	0.0043482944841	1.00436	ENSP00000253490-uc003mdk.2-uc010jjy.1, ENSP00000261658-uc002dco.2-uc010uzh.1, ENSP00000298229-uc001osf.2-uc001osg.2, ENSP00000310170-uc001ogg.1-uc010ros.1	0.995661145661	E
1	0.00429180139975	1.0043	ENSP00000294794-uc001gbu.2-uc001gbt.2, ENSP00000320794, ENSP00000377566-uc002esa.2-uc002esc.2, ENSP00000385478-uc010ktx.2-uc010kty.2	0.995717395218	E
1	0.00429105927033	1.0043	ENSP00000351042-uc002nqi.2-uc002nqh.2, ENSP00000361178-uc004eof.1-uc004eog.1, ENSP00000369431-uc003zqc.2-uc003zqb.2, ENSP00000384998-uc010zoj.1-uc002wan.1	0.99571813417	E
1	0.00423533092903	1.00424	ENSP00000253925-uc001opo.2-uc001opr.2, ENSP00000260600-uc002rfs.3-uc002rfr.3, ENSP00000315873, ENSP00000371811-uc001uof.2-uc010tct.1	0.995773625436	E
1	0.00421949820451	1.00423	ENSP00000251582-uc003mjw.2-uc011dgm.1, ENSP00000268482-uc002fcb.2-uc010vmp.1, ENSP00000331504-uc002bpv.2-uc002bpy.2, ENSP00000411032-uc002oyg.1-uc010ejd.2	0.99578939137	E
1	0.00416589086404	1.00417	ENSP00000275227-uc003qdw.1-uc010kgd.1, ENSP00000306920-uc003cfi.1-uc003cfj.1, ENSP00000318845-uc003axo.3-uc003axq.3, ENSP00000351126-uc003kod.3-uc003kof.2	0.995842774422	E
1	0.00415452882382	1.00416	ENSP00000340467-uc001wlj.2-uc001wlk.2, ENSP00000386722-uc009ytl.2-uc001oth.3, ENSP00000411032-uc002oyg.1-uc010ejd.2, ENSP00000415793	0.995854089292	E
1	0.00412735317466	1.00414	ENSP00000290231-uc002xre.2-uc002xrc.2, ENSP00000354529, ENSP00000386725-uc002uny.2-uc002unw.2, ENSP00000404602-uc003soy.1-uc011jwj.1	0.995881152641	E
1	0.00409767467659	1.00411	ENSP00000216129-uc003bdq.2-uc003bdp.2, ENSP00000344772-uc001apy.2-uc001apz.2, ENSP00000354571-uc001ora.2-uc001orb.2, ENSP00000393978-uc002pfj.2-uc002pfd.2	0.995910709337	E
1	0.00405764489842	1.00407	ENSP00000271227-uc001dqv.3-uc010ott.1, ENSP00000281405-uc002rdj.2-uc002rdh.2, ENSP00000303279-uc001hmc.2-uc001hmd.2, ENSP00000327179-uc002ews.3-uc010cfi.2	0.995950576219	E
1	0.00403916331883	1.00405	ENSP00000296529-uc003ipx.2-uc010iqi.2, ENSP00000362580-uc010ohm.1-uc010ohn.1, ENSP00000377643-uc002hun.1-uc002huk.1, ENSP00000462311-uc002llm.1-uc010dqs.2	0.995968983129	E
1	0.00402549680075	1.00403	ENSP00000264832-uc002mnq.2-uc010xle.1, ENSP00000285381-uc003ydj.2-uc011lfv.1, ENSP00000323811-uc003caf.2-uc010hep.2, ENSP00000355183	0.99598259465	E
1	0.00401732039849	1.00403	ENSP00000264266-uc003fcl.1-uc011box.1, ENSP00000319726-uc001odu.3-uc009yqj.2, ENSP00000355827-uc001hoh.2-uc010pvc.1, ENSP00000368020-uc003kxo.2-uc003kxm.2	0.995990738238	E
1	0.00400727832809	1.00402	ENSP00000351635-uc002abr.1-uc002abs.1, ENSP00000358605-uc001kzc.3-uc001kzb.2, ENSP00000376250-uc003fsv.2-uc003fsw.2, ENSP00000461672-uc002kal.1-uc002kai.1	0.996000740097	E
1	0.00398367670972	1.00399	ENSP00000260453-uc002adr.2-uc010bfo.2, ENSP00000268603-uc002eoi.2-uc010cdn.2, ENSP00000368031-uc001aga.1-uc001agb.1, ENSP00000436901-uc001odm.2-uc010roe.1	0.996024247604	E
1	0.00396582380136	1.00397	ENSP00000304898-uc002vot.2-uc002vox.2, ENSP00000346762-uc003vmi.2-uc010lle.2, ENSP00000374455-uc003mkw.3-uc003mkv.3, ENSP00000407642-uc004fhc.2-uc004fhd.2	0.996042029693	E
1	0.00396575816749	1.00397	ENSP00000285381-uc003ydj.2-uc011lfv.1, ENSP00000329419-uc003etf.3-uc011bmv.1, ENSP00000358548-uc009wgu.2-uc001efh.3, ENSP00000452120-uc001shh.2-uc001shg.2	0.996042095067	E
1	0.0039354087488	1.00394	ENSP00000354850-uc001ktv.2-uc001ktu.2, ENSP00000384338-uc002twh.2-uc010zbn.1, ENSP00000392775-uc003vbd.2-uc011klj.1, ENSP00000393835-uc010eci.2-uc002nog.2	0.996072324824	E
1	0.00393176653882	1.00394	ENSP00000255977-uc003vvt.2-uc011krd.1, ENSP00000318318-uc002azc.1-uc010ulx.1, ENSP00000356607-uc001glz.2-uc010pnb.1, ENSP00000471156-uc004eau.2-uc011mqe.1	0.996075952735	E
1	0.00393075925012	1.00394	ENSP00000268489, ENSP00000315768-uc001slc.2-uc001slb.2, ENSP00000332595-uc003ttz.2-uc003tub.2, ENSP00000383411-uc002yju.1-uc010gky.1	0.996076956072	E
1	0.00389862257338	1.00391	ENSP00000005178-uc003uoa.2-uc003unz.2, ENSP00000264400-uc003hmi.1-uc010ijq.1, ENSP00000365200-uc001vpo.2-uc001vpp.2, ENSP00000473060-uc004fel.2-uc004fek.2	0.996108967189	E
1	0.00388926991136	1.0039	ENSP00000264266-uc003fcl.1-uc011box.1, ENSP00000271227-uc001dqv.3-uc010ott.1, ENSP00000327154-uc003owr.2-uc003ows.2, ENSP00000341097	0.996118283503	E
1	0.00385290028929	1.00386	ENSP00000267484-uc001xen.1-uc001xek.1, ENSP00000282478, ENSP00000362187-uc004bsx.1-uc004bsw.1, ENSP00000362804-uc001jnh.3-uc009xpq.2	0.996154512608	E
1	0.00384511231005	1.00385	ENSP00000398401-uc003umc.2-uc003umd.2, ENSP00000415889-uc003wut.1-uc011kxl.1, ENSP00000426968-uc010iqc.2-uc003ioz.2, ENSP00000473196-uc004fip.2-uc004fio.2	0.996162270668	E
1	0.00383526059215	1.00384	ENSP00000223061-uc003uvo.2-uc003uvp.1, ENSP00000253925-uc001opo.2-uc001opr.2, ENSP00000288988-uc002rnr.2-uc002rnq.2, ENSP00000318373-uc002rkk.2-uc002rkj.2	0.996172084626	E
1	0.00382892301736	1.00384	ENSP00000251241-uc002ixn.1-uc010wof.1, ENSP00000360031-uc001knf.2-uc001kne.2, ENSP00000408342-uc002mkd.2-uc002mkc.2, ENSP00000432332-uc001oxx.2-uc001oya.2	0.996178397962	E
1	0.00382754020079	1.00383	ENSP00000316578-uc002hgs.2-uc002hgt.2, ENSP00000328412-uc002kay.3-uc002kaz.3, ENSP00000369519-uc003zph.2-uc011lnl.1, ENSP00000421741-uc003gde.3-uc010ibv.2	0.996179775495	E
1	0.00379943174915	1.00381	ENSP00000292140-uc002own.3-uc010eit.2, ENSP00000323973-uc003emn.2-uc003ems.2, ENSP00000385575-uc003hly.3-uc003hlx.1, ENSP00000393835-uc010eci.2-uc002nog.2	0.996207776959	E
1	0.00379943174915	1.00381	ENSP00000239223-uc003mbv.1-uc011dez.1, ENSP00000262144-uc002fdh.1-uc002fdf.1, ENSP00000293230-uc002jru.1-uc002jrv.1, ENSP00000347005-uc003vux.2-uc011kqs.1	0.996207776959	E
1	0.00378941925706	1.0038	ENSP00000275227-uc003qdw.1-uc010kgd.1, ENSP00000331504-uc002bpv.2-uc002bpy.2, ENSP00000377374-uc003mbw.3-uc011dfa.1, ENSP00000435299-uc001lrv.2-uc001lrw.2	0.996217751532	E
1	0.00376186399512	1.00377	ENSP00000271663-uc001exi.2-uc010pcv.1, ENSP00000359094-uc002yfq.1-uc002yfo.1, ENSP00000360186, ENSP00000376197-uc003fwa.3-uc011btr.1	0.996245202951	E
1	0.00375513856309	1.00376	ENSP00000309487-uc003dys.1-uc003dyt.1, ENSP00000378056-uc002blh.2-uc002bll.2, ENSP00000381970-uc003koa.1-uc003kob.1, ENSP00000392105-uc010ppm.1-uc001gvo.2	0.996251903153	E
1	0.00369749705929	1.0037	ENSP00000345772-uc003oku.3-uc010jvx.2, ENSP00000355299-uc001gqt.3-uc001gqu.3, ENSP00000362824-uc004eaa.1-uc004ead.2, ENSP00000379154-uc001jap.1-uc001jao.1	0.996309330266	E
1	0.00367266320289	1.00368	ENSP00000263578-uc001qdi.2-uc010sbn.1, ENSP00000318115-uc002olu.1-uc002olt.1, ENSP00000355428-uc001iew.1-uc010pzq.1, ENSP00000362243-uc001caa.2-uc001cad.2	0.996334072776	E
1	0.00367266320289	1.00368	ENSP00000272462-uc002tfk.2-uc010fju.2, ENSP00000347942-uc001jal.2-uc010qez.1, ENSP00000432332-uc001oxx.2-uc001oya.2, ENSP00000435933-uc001ghx.1-uc001ghv.1	0.996334072776	E
1	0.00364345830407	1.00365	ENSP00000282308-uc002qqu.2-uc010euj.2, ENSP00000294179-uc001nvh.2-uc010rmi.1, ENSP00000364448-uc001vup.2-uc001vut.2, ENSP00000418285	0.996363171036	E
1	0.00352557359267	1.00353	ENSP00000244020-uc010zwg.1-uc002xki.2, ENSP00000345308-uc009wot.2-uc010pen.1, ENSP00000370023-uc002rgy.2-uc010yks.1, ENSP00000376333-uc002joh.2-uc010wsd.1	0.996480633945	E
1	0.00351968776877	1.00353	ENSP00000253925-uc001opo.2-uc001opr.2, ENSP00000386722-uc009ytl.2-uc001oth.3, ENSP00000432332-uc001oxx.2-uc001oya.2, ENSP00000472749-uc010noz.2-uc004elo.3	0.996486499072	E
1	0.00349895017289	1.00351	ENSP00000248248-uc002fez.2-uc010vng.1, ENSP00000330361-uc003zfc.3-uc003zfd.2, ENSP00000353375-uc003csb.2-uc003crw.2, ENSP00000411124-uc001yhq.2-uc001yhp.2	0.99650716402	E
1	0.0034916282205	1.0035	ENSP00000264381-uc003fem.3-uc003fen.3, ENSP00000310129-uc003fnn.1-uc011brk.1, ENSP00000364101-uc004duh.1-uc004dui.3, ENSP00000369009-uc004czp.2-uc004czn.3	0.996514460425	E
1	0.00348745165301	1.00349	ENSP00000318115-uc002olu.1-uc002olt.1, ENSP00000322242-uc001typ.3-uc001tyq.3, ENSP00000349428-uc002lpp.2-uc002lps.2, ENSP00000354086-uc001cxa.3-uc001cxc.3	0.996518622443	E
1	0.00344473070601	1.00345	ENSP00000301475-uc010dwg.1-uc010xkh.1, ENSP00000304898-uc002vot.2-uc002vox.2, ENSP00000386935-uc010ncb.2-uc004cla.3, ENSP00000441045-uc003gkw.3-uc003gky.2	0.996561195572	E
1	0.00344473070601	1.00345	ENSP00000261643-uc002gof.3-uc010vvt.1, ENSP00000265872-uc001joo.2-uc010qjb.1, ENSP00000296473-uc003cxz.2-uc003cya.2, ENSP00000305924-uc001ycs.1-uc001ycr.2	0.996561195572	E
1	0.00343892244088	1.00344	ENSP00000256649-uc001egz.2-uc001eha.2, ENSP00000293230-uc002jru.1-uc002jrv.1, ENSP00000351138-uc004bxa.2-uc004bxb.2, ENSP00000417509-uc003die.3-uc003dib.3	0.996566983881	E
1	0.00342865911691	1.00343	ENSP00000269919-uc002nis.1-uc010xqg.1, ENSP00000281924-uc002ttx.2-uc002tty.2, ENSP00000364101-uc004duh.1-uc004dui.3, ENSP00000386626-uc002tzd.3-uc010zch.1	0.996577212023	E
1	0.0034252850448	1.00343	ENSP00000233146-uc002rvy.1-uc010fbg.2, ENSP00000260382-uc002asw.2-uc002asz.2, ENSP00000292538-uc003uyt.2-uc003uyz.2, ENSP00000358335-uc003pnz.1-uc003pny.1	0.996580574552	E
1	0.00340991378077	1.00342	ENSP00000254722-uc002ftl.2-uc010cjw.2, ENSP00000255121-uc001coj.1-uc001coi.1, ENSP00000263440-uc010oow.1-uc001daz.2, ENSP00000366395-uc001odb.2-uc009yqc.2	0.996595893373	E
1	0.00340786236863	1.00341	ENSP00000281471-uc001rkq.3-uc009zjs.2, ENSP00000315768-uc001slc.2-uc001slb.2, ENSP00000363506-uc002xcd.2-uc010zuz.1, ENSP00000415889-uc003wut.1-uc011kxl.1	0.996597937804	E
1	0.00337750609324	1.00338	ENSP00000318012-uc004bvu.3-uc011mbj.1, ENSP00000365200-uc001vpo.2-uc001vpp.2, ENSP00000381204-uc001pha.2-uc009yxc.2, ENSP00000399121-uc010ltu.2-uc003xav.2	0.996628191264	E
1	0.0033571175903	1.00336	ENSP00000263563-uc001jrd.3-uc001jre.3, ENSP00000350967-uc002kzk.1-uc002kzo.1, ENSP00000353114, ENSP00000362243-uc001caa.2-uc001cad.2	0.996648511228	E
1	0.00335021011542	1.00336	ENSP00000238561-uc001xui.2-uc001xuj.2, ENSP00000344772-uc001apy.2-uc001apz.2, ENSP00000376197-uc003fwa.3-uc011btr.1, ENSP00000413520-uc002jmj.3-uc002jmi.2	0.996655395577	E
1	0.00333149729715	1.00334	ENSP00000281924-uc002ttx.2-uc002tty.2, ENSP00000300935-uc002ndn.3-uc002ndo.3, ENSP00000338235-uc003yhz.2-uc010mbf.2, ENSP00000407642-uc004fhc.2-uc004fhd.2	0.996674045982	E
1	0.00332976536736	1.00334	ENSP00000309487-uc003dys.1-uc003dyt.1, ENSP00000357448-uc001ffr.2-uc010pep.1, ENSP00000362718-uc003onc.1-uc003ond.1, ENSP00000412173-uc001bvh.3-uc010ohi.1	0.996675772153	E
1	0.00332123666199	1.00333	ENSP00000299952-uc002fau.2-uc010cge.2, ENSP00000358862-uc001kwt.2-uc001kwu.2, ENSP00000399501, ENSP00000417509-uc003die.3-uc003dib.3	0.996684272544	E
1	0.00330907340707	1.00331	ENSP00000267836-uc001zwj.3-uc001zwh.3, ENSP00000352510-uc001ylw.1-uc010txx.1, ENSP00000425006-uc003iwu.1-uc003iws.1, ENSP00000470710-uc011myk.1-uc004fgx.2	0.996696395542	E
1	0.00329703992199	1.0033	ENSP00000249883-uc003eqg.1-uc003eqe.1, ENSP00000351635-uc002abr.1-uc002abs.1, ENSP00000374185-uc010ydh.1-uc002pyl.1, ENSP00000406012-uc002cmb.2-uc002clz.2	0.996708389346	E
1	0.00329703992199	1.0033	ENSP00000306920-uc003cfi.1-uc003cfj.1, ENSP00000354850-uc001ktv.2-uc001ktu.2, ENSP00000367196-uc003zyz.2-uc003zyy.1, ENSP00000414224-uc002tmk.2-uc010yys.1	0.996708389346	E
1	0.00329703992199	1.0033	ENSP00000253270-uc004awc.2-uc004awd.2, ENSP00000291358-uc001bum.2-uc010ogz.1, ENSP00000378394-uc001jsm.2-uc001jsl.2, ENSP00000438341-uc001tnj.2-uc010sxf.1	0.996708389346	E
1	0.0032740947352	1.00328	ENSP00000295448-uc003gwy.2-uc011bzb.1, ENSP00000377756-uc010hoy.2-uc003drw.2, ENSP00000381970-uc003koa.1-uc003kob.1, ENSP00000394902-uc001lei.1-uc010qtb.1	0.996731259268	E
1	0.00327340545416	1.00328	ENSP00000257527-uc003lwz.2-uc003lwy.2, ENSP00000264638-uc002iay.2-uc010wgs.1, ENSP00000340062, ENSP00000355180-uc002zhu.1-uc002zhw.1	0.996731946296	E
1	0.00326849739201	1.00327	ENSP00000160298-uc002mgv.3-uc002mgw.2, ENSP00000256398-uc003xgo.3-uc011lat.1, ENSP00000299853-uc002dkk.2-uc010vbt.1, ENSP00000359245	0.996736838331	E
1	0.00326726935907	1.00327	ENSP00000219439-uc002fhk.2-uc010vnv.1, ENSP00000307275-uc001fjs.2-uc001fjr.2, ENSP00000310841-uc002fjw.2-uc010vot.1, ENSP00000384797	0.996738062357	E
1	0.00322739358172	1.00323	ENSP00000275954-uc004ddh.2-uc010ngs.2, ENSP00000295119-uc002upf.2-uc010zfs.1, ENSP00000327009-uc002rmv.2-uc002rmw.2, ENSP00000352608	0.996777808855	E
1	0.00319003479762	1.0032	ENSP00000221200-uc003xeo.2-uc011lad.1, ENSP00000284503-uc003wue.2-uc003wuf.2, ENSP00000296350-uc003fxk.3-uc003fxl.3, ENSP00000354995-uc002zaq.2-uc002zao.2	0.996815047957	E
1	0.00318995514637	1.0032	ENSP00000227752-uc001prv.2-uc010rxn.1, ENSP00000248846-uc003bkb.1-uc010has.1, ENSP00000324944-uc003ncx.1-uc011dji.1, ENSP00000419126-uc001lgw.2-uc001lgx.2	0.996815127355	E
1	0.00318438901146	1.00319	ENSP00000290231-uc002xre.2-uc002xrc.2, ENSP00000301067, ENSP00000355973-uc001hif.2-uc009xcz.2, ENSP00000375809-uc002pbj.2-uc002pbi.2	0.996820675778	E
1	0.0031772110266	1.00318	ENSP00000196482-uc002qsw.1-uc002qsx.1, ENSP00000262593-uc002xwy.2-uc010gin.2, ENSP00000263816, ENSP00000411471-uc003fmz.2-uc003fnb.2	0.996827830967	E
1	0.00315039881328	1.00316	ENSP00000336750-uc002rli.1-uc010ezh.1, ENSP00000366506-uc003mdc.3-uc003mdd.2, ENSP00000416799-uc002xuw.2-uc010zyn.1, ENSP00000469022-uc002nbc.2-uc002nba.3	0.996854558486	E
1	0.00313815932586	1.00314	ENSP00000320794, ENSP00000355428-uc001iew.1-uc010pzq.1, ENSP00000356230-uc001gyo.1-uc001gym.1, ENSP00000428205-uc003yqr.2-uc003yqq.2	0.996866759549	E
1	0.00308121745375	1.00309	ENSP00000346643-uc001jpf.3-uc009xqb.2, ENSP00000347665, ENSP00000441285-uc001gee.2-uc010plh.1, ENSP00000448012-uc001tar.2-uc001taq.2	0.996923524625	E
1	0.00307703539621	1.00308	ENSP00000286627-uc001jxm.2-uc001jxs.3, ENSP00000299575-uc002ffz.1-uc010vnn.1, ENSP00000320485, ENSP00000321636-uc002gsx.1-uc010cpz.1	0.996927693825	E
1	0.00307666369717	1.00308	ENSP00000355632-uc010pwa.1-uc001htu.2, ENSP00000362884-uc001brw.2-uc001brx.2, ENSP00000368503-uc003iqa.2-uc010iqp.1, ENSP00000391524-uc011arv.1-uc011aru.1	0.996928064382	E
1	0.00306230515127	1.00307	ENSP00000324842-uc001uhc.2-uc009zyh.2, ENSP00000333667-uc001snf.1-uc010srj.1, ENSP00000375051-uc001chn.2-uc001chp.2, ENSP00000452037-uc001xoq.3-uc010arv.2	0.996942378923	E
1	0.0030603873272	1.00307	ENSP00000301475-uc010dwg.1-uc010xkh.1, ENSP00000318176-uc002umf.2-uc002umd.2, ENSP00000347942-uc001jal.2-uc010qez.1, ENSP00000362649-uc001bvb.1-uc010ohf.1	0.996944290884	E
1	0.00305832272584	1.00306	ENSP00000281405-uc002rdj.2-uc002rdh.2, ENSP00000355180-uc002zhu.1-uc002zhw.1, ENSP00000369773-uc003mux.2-uc011dhs.1, ENSP00000419126-uc001lgw.2-uc001lgx.2	0.996946349179	E
1	0.00305302029363	1.00306	ENSP00000219439-uc002fhk.2-uc010vnv.1, ENSP00000228280-uc001tav.2-uc009zsn.2, ENSP00000324842-uc001uhc.2-uc009zyh.2, ENSP00000362718-uc003onc.1-uc003ond.1	0.996951635434	E
1	0.00303045388958	1.00304	ENSP00000252826-uc002pmw.2-uc002pmy.2, ENSP00000275954-uc004ddh.2-uc010ngs.2, ENSP00000276893-uc003zjy.2-uc003zkb.2, ENSP00000379353-uc001rfo.3-uc009zix.2	0.996974133301	E
1	0.00300317889758	1.00301	ENSP00000281142-uc003igp.2-uc003igo.2, ENSP00000281471-uc001rkq.3-uc009zjs.2, ENSP00000417980-uc011mfc.1-uc004coe.2, ENSP00000440926-uc003xfp.1-uc003xfq.1	0.997001326133	E
1	0.00296063160824	1.00297	ENSP00000309487-uc003dys.1-uc003dyt.1, ENSP00000378857-uc003cvj.2-uc011bby.1, ENSP00000381785-uc004bga.1-uc011lwv.1, ENSP00000471074-uc002xfh.2-uc002xfg.2	0.99704374674	E
1	0.00295201417721	1.00296	ENSP00000252999, ENSP00000378438-uc002azq.3-uc002azr.3, ENSP00000393762-uc003psu.2-uc003pst.3, ENSP00000412394	0.997052338732	E
1	0.00294726824701	1.00295	ENSP00000326381-uc003fqs.2-uc003fqv.2, ENSP00000351635-uc002abr.1-uc002abs.1, ENSP00000355330-uc002xhr.2-uc010zvx.1, ENSP00000360577-uc001cup.3-uc010onl.1	0.997057070684	E
1	0.00294591837592	1.00295	ENSP00000282478, ENSP00000307275-uc001fjs.2-uc001fjr.2, ENSP00000312066-uc002jqk.1-uc002jqj.1, ENSP00000378056-uc002blh.2-uc002bll.2	0.997058416584	E
1	0.00294304907537	1.00295	ENSP00000281924-uc002ttx.2-uc002tty.2, ENSP00000299608-uc002lkf.2-uc010xez.1, ENSP00000401470-uc003azu.2-uc003azr.2, ENSP00000449960-uc001sef.2-uc001see.2	0.997061277448	E
1	0.00290250980801	1.00291	ENSP00000242067-uc003tdn.1-uc003tdt.2, ENSP00000266544-uc001qnc.2-uc010ses.1, ENSP00000334153-uc003cay.2-uc010hes.2, ENSP00000369677-uc002rii.3-uc002rik.3	0.997101698401	E
1	0.00290250980801	1.00291	ENSP00000261475-uc001wss.2-uc001wst.2, ENSP00000363283-uc001bmr.1-uc010ofe.1, ENSP00000378086-uc001xip.2-uc001xis.2, ENSP00000379737-uc003swy.2-uc010kur.2	0.997101698401	E
1	0.00289347252697	1.0029	ENSP00000252999, ENSP00000355180-uc002zhu.1-uc002zhw.1, ENSP00000360202, ENSP00000367830-uc001aiq.2-uc009vla.2	0.99711070953	E
1	0.00288115343253	1.00289	ENSP00000245541-uc002jni.1-uc002jnj.1, ENSP00000294785-uc001fvx.2-uc010pjg.1, ENSP00000318845-uc003axo.3-uc003axq.3, ENSP00000327009-uc002rmv.2-uc002rmw.2	0.997122993107	E
1	0.00280789031543	1.00281	ENSP00000346246-uc002ppo.2-uc010enk.2, ENSP00000357047-uc003qcs.1-uc003qcr.1, ENSP00000360187, ENSP00000439856-uc002nei.1-uc010xpg.1	0.997196048121	E
1	0.00278882348009	1.00279	ENSP00000264977-uc003eqv.1-uc011blz.1, ENSP00000265294-uc003mau.2-uc011dev.1, ENSP00000326381-uc003fqs.2-uc003fqv.2, ENSP00000375051-uc001chn.2-uc001chp.2	0.997215061676	E
1	0.0027683136011	1.00277	ENSP00000318845-uc003axo.3-uc003axq.3, ENSP00000351126-uc003kod.3-uc003kof.2, ENSP00000413507-uc011kav.1-uc003tey.2, ENSP00000469022-uc002nbc.2-uc002nba.3	0.997235514646	E
1	0.00275303882578	1.00276	ENSP00000259569-uc003zjr.2-uc003zjs.2, ENSP00000286627-uc001jxm.2-uc001jxs.3, ENSP00000307432-uc003dna.3-uc010hob.2, ENSP00000355973-uc001hif.2-uc009xcz.2	0.99725074731	E
1	0.00275303882578	1.00276	ENSP00000280700-uc003cdl.2-uc003cdk.2, ENSP00000303153-uc003yvd.2-uc011ljo.1, ENSP00000363753-uc004bdn.2-uc010mtr.2, ENSP00000368102-uc001ilq.1-uc009xjb.1	0.99725074731	E
1	0.00274429122861	1.00275	ENSP00000305924-uc001ycs.1-uc001ycr.2, ENSP00000331682-uc002zsl.1-uc011ahr.1, ENSP00000338258-uc002jjo.2-uc002jjp.1, ENSP00000354671-uc001cov.2-uc001cpa.2	0.997259470896	E
1	0.00272907126544	1.00273	ENSP00000259395-uc004bbg.1-uc011lvk.1, ENSP00000286096-uc002doh.2-uc010bxw.2, ENSP00000310447-uc001slj.2-uc009zot.2, ENSP00000346065-uc003oyj.2-uc010jze.2	0.997274649264	E
1	0.00271986416213	1.00272	ENSP00000248846-uc003bkb.1-uc010has.1, ENSP00000291560-uc002zdi.2-uc011aey.1, ENSP00000349708-uc001byh.2-uc010oht.1, ENSP00000356849-uc001gdt.1-uc010plf.1	0.997283831317	E
1	0.00268319660199	1.00269	ENSP00000325017-uc001qoo.2-uc010sfd.1, ENSP00000328412-uc002kay.3-uc002kaz.3, ENSP00000385715-uc002rhx.2-uc002rhw.2, ENSP00000392105-uc010ppm.1-uc001gvo.2	0.997320399953	E
1	0.00267694052428	1.00268	ENSP00000370658-uc001riq.2-uc009zjl.2, ENSP00000398401-uc003umc.2-uc003umd.2, ENSP00000400717-uc002jfc.2-uc010wqh.1, ENSP00000457354-uc002fhe.2-uc002fhd.2	0.997326639286	E
1	0.00265855403923	1.00266	ENSP00000251582-uc003mjw.2-uc011dgm.1, ENSP00000261173-uc001tbh.2-uc009zsr.2, ENSP00000352608, ENSP00000454552-uc002fec.2-uc002fed.1	0.997344976786	E
1	0.00265015223005	1.00265	ENSP00000203001-uc002wmh.1-uc010zra.1, ENSP00000280700-uc003cdl.2-uc003cdk.2, ENSP00000313382-uc003pfs.2-uc010kap.2, ENSP00000375810-uc002pbf.1-uc010ejy.1	0.997353356323	E
1	0.00263821761046	1.00264	ENSP00000233146-uc002rvy.1-uc010fbg.2, ENSP00000309487-uc003dys.1-uc003dyt.1, ENSP00000328412-uc002kay.3-uc002kaz.3, ENSP00000355632-uc010pwa.1-uc001htu.2	0.997365259427	E
1	0.00263621990585	1.00264	ENSP00000330361-uc003zfc.3-uc003zfd.2, ENSP00000345772-uc003oku.3-uc010jvx.2, ENSP00000380891, ENSP00000439628-uc002fuy.1-uc010ckc.1	0.99736725187	E
1	0.00260807486681	1.00261	ENSP00000238823-uc002rpa.1-uc010ynd.1, ENSP00000264346-uc011cdi.1-uc011cdl.1, ENSP00000335321, ENSP00000342263-uc003cbm.2-uc003cbl.3	0.997395323206	E
1	0.00259566192685	1.0026	ENSP00000261798-uc003lqy.1-uc003lqu.2, ENSP00000349636-uc002itb.2-uc002ita.2, ENSP00000358605-uc001kzc.3-uc001kzb.2, ENSP00000384164-uc010gci.1-uc002wpg.1	0.997407703891	E
1	0.00256270897766	1.00257	ENSP00000269217-uc002kus.3-uc002kut.3, ENSP00000327179-uc002ews.3-uc010cfi.2, ENSP00000409493, ENSP00000464306-uc001eoc.1-uc001eod.1	0.997440571958	E
1	0.0025547988944	1.00256	ENSP00000281142-uc003igp.2-uc003igo.2, ENSP00000319255-uc001pdg.2-uc009yvz.2, ENSP00000402301-uc003yia.2-uc010mbg.2, ENSP00000452296-uc001vwc.3-uc001vwb.3	0.997448461827	E
1	0.00254738408545	1.00255	ENSP00000238561-uc001xui.2-uc001xuj.2, ENSP00000264381-uc003fem.3-uc003fen.3, ENSP00000336914-uc004asz.2-uc011luc.1, ENSP00000367868-uc001imo.3-uc001imn.2	0.997455857744	E
1	0.00254333120204	1.00255	ENSP00000262809-uc002njh.2-uc002njg.2, ENSP00000327589, ENSP00000356230-uc001gyo.1-uc001gym.1, ENSP00000413272-uc003epr.2-uc003epq.2	0.997459900325	E
1	0.00253857257045	1.00254	ENSP00000230859-uc003jdx.1-uc010itl.1, ENSP00000318115-uc002olu.1-uc002olt.1, ENSP00000412173-uc001bvh.3-uc010ohi.1, ENSP00000461108-uc002qis.3-uc002qiw.2	0.99746464688	E
1	0.0025267880991	1.00253	ENSP00000260762-uc001kig.2-uc001kih.2, ENSP00000324960-uc001olo.2-uc001oln.2, ENSP00000358335-uc003pnz.1-uc003pny.1, ENSP00000386722-uc009ytl.2-uc001oth.3	0.997476401543	E
1	0.00251793304877	1.00252	ENSP00000359233-uc001dqn.3-uc009wdr.2, ENSP00000368884-uc004czu.2-uc011mjk.1, ENSP00000412394, ENSP00000445044-uc001nbw.1-uc001nby.1	0.997485234286	E
1	0.0025083632076	1.00251	ENSP00000256689-uc001rpg.2-uc010sli.1, ENSP00000295550, ENSP00000355973-uc001hif.2-uc009xcz.2, ENSP00000410051-uc010seh.1-uc010sei.1	0.997494780107	E
1	0.00248324098066	1.00249	ENSP00000254722-uc002ftl.2-uc010cjw.2, ENSP00000312244-uc004cuw.2-uc004cux.2, ENSP00000347665, ENSP00000362884-uc001brw.2-uc001brx.2	0.997519839712	E
1	0.0024761822629	1.00248	ENSP00000256398-uc003xgo.3-uc011lat.1, ENSP00000304669-uc003ldh.2-uc003ldl.2, ENSP00000334143-uc002vxx.3-uc002vxy.2, ENSP00000356966-uc001fze.2-uc009wue.2	0.997526880948	E
1	0.00247247516201	1.00248	ENSP00000352282-uc001www.2-uc010tqg.1, ENSP00000374185-uc010ydh.1-uc002pyl.1, ENSP00000396861-uc010jaf.1-uc003kga.2, ENSP00000415332-uc002uni.3-uc002unh.3	0.997530578887	E
1	0.00246570980918	1.00247	ENSP00000160298-uc002mgv.3-uc002mgw.2, ENSP00000366506-uc003mdc.3-uc003mdd.2, ENSP00000401338-uc002cgu.3-uc002cgv.3, ENSP00000423228-uc003jlg.1-uc003jlb.1	0.997537327556	E
1	0.00246546457736	1.00247	ENSP00000377954-uc003lnx.1-uc011dbq.1, ENSP00000386406-uc002sky.2-uc002skt.1, ENSP00000386797-uc002tob.1-uc002toa.1, ENSP00000413851-uc002kud.2-uc002kub.2	0.997537572184	E
1	0.00244246594095	1.00245	ENSP00000256649-uc001egz.2-uc001eha.2, ENSP00000264720-uc002rjw.1-uc010eyy.1, ENSP00000338777-uc002boq.3-uc002bos.3, ENSP00000344214-uc001vna.2-uc010tij.1	0.997560514452	E
1	0.00243460763554	1.00244	ENSP00000271663-uc001exi.2-uc010pcv.1, ENSP00000351631-uc001pfn.2-uc001pfm.2, ENSP00000386722-uc009ytl.2-uc001oth.3, ENSP00000467075-uc010xdd.1-uc002lcy.2	0.997568353618	E
1	0.00243126192293	1.00243	ENSP00000320794, ENSP00000355973-uc001hif.2-uc009xcz.2, ENSP00000379625-uc011ayi.1-uc011ayk.1, ENSP00000380860	0.997571691201	E
1	0.00242633747788	1.00243	ENSP00000223061-uc003uvo.2-uc003uvp.1, ENSP00000248248-uc002fez.2-uc010vng.1, ENSP00000248846-uc003bkb.1-uc010has.1, ENSP00000330060-uc003cfc.1-uc010hfw.1	0.9975766037	E
1	0.00242503604512	1.00243	ENSP00000287675-uc003cih.2-uc011ayq.1, ENSP00000385575-uc003hly.3-uc003hlx.1, ENSP00000392264-uc010rre.1-uc009yth.2, ENSP00000401980-uc002wjw.3-uc002wjy.3	0.997577901979	E
1	0.00241834199064	1.00242	ENSP00000307432-uc003dna.3-uc010hob.2, ENSP00000365048-uc001vqr.2-uc010agj.2, ENSP00000367263, ENSP00000369373-uc001mbm.1-uc001mbn.2	0.997584579843	E
1	0.00239935076176	1.0024	ENSP00000318868-uc002gta.2-uc010vxt.1, ENSP00000410545, ENSP00000413851-uc002kud.2-uc002kub.2, ENSP00000467207-uc002lxy.2-uc010dtl.1	0.99760352538	E
1	0.00239935076176	1.0024	ENSP00000288078-uc002eyy.2-uc002eyz.2, ENSP00000301887-uc001ocf.1-uc001oce.1, ENSP00000385746-uc004dag.2-uc010nfs.2, ENSP00000440978-uc010swq.1-uc010swp.1	0.99760352538	E
1	0.00238977450622	1.00239	ENSP00000355897-uc001hlm.2-uc001hlo.2, ENSP00000365200-uc001vpo.2-uc001vpp.2, ENSP00000370839-uc003gzj.2-uc011bzp.1, ENSP00000385746-uc004dag.2-uc010nfs.2	0.997613078732	E
1	0.00238685778586	1.00239	ENSP00000354529, ENSP00000369373-uc001mbm.1-uc001mbn.2, ENSP00000379350-uc001iwt.3-uc001iwr.3, ENSP00000414224-uc002tmk.2-uc010yys.1	0.997615988494	E
1	0.00238219037945	1.00239	ENSP00000298317-uc001qde.2-uc010sbl.1, ENSP00000359364-uc002yeh.2-uc011aaq.1, ENSP00000367872-uc001aif.2-uc009vky.2, ENSP00000384797	0.997620644784	E
1	0.00237081959324	1.00237	ENSP00000383191-uc002zhg.2-uc002zhk.2, ENSP00000393596, ENSP00000402717-uc002rvk.2-uc002rvl.2, ENSP00000408342-uc002mkd.2-uc002mkc.2	0.99763198858	E
1	0.00236085459181	1.00236	ENSP00000365388-uc001isv.2-uc010qdf.1, ENSP00000386406-uc002sky.2-uc002skt.1, ENSP00000399501, ENSP00000470141-uc004dmb.3-uc004dmc.3	0.997641930034	E
1	0.00235522989574	1.00236	ENSP00000258962-uc002ivi.2-uc002ivj.2, ENSP00000343027-uc003uhb.1-uc011kgt.1, ENSP00000386181-uc002uln.2-uc010zfc.1, ENSP00000394902-uc001lei.1-uc010qtb.1	0.997647541482	E
1	0.00234822173138	1.00235	ENSP00000315118-uc002oor.2-uc002ooq.1, ENSP00000356230-uc001gyo.1-uc001gym.1, ENSP00000367030-uc001iop.2-uc001ior.2, ENSP00000396861-uc010jaf.1-uc003kga.2	0.997654533184	E
1	0.00233265310603	1.00234	ENSP00000259806-uc003mtm.2-uc003mtn.2, ENSP00000288078-uc002eyy.2-uc002eyz.2, ENSP00000376930-uc003emz.3-uc011blc.1, ENSP00000392105-uc010ppm.1-uc001gvo.2	0.997670065415	E
1	0.00233073245956	1.00233	ENSP00000259021-uc002ipm.2-uc010wmg.1, ENSP00000265651-uc001muz.2-uc010rej.1, ENSP00000292616-uc003uzn.2-uc003uzo.2, ENSP00000325326-uc002xqw.2-uc002xqv.2	0.997671981588	E
1	0.0022953255509	1.0023	ENSP00000298281, ENSP00000369213-uc003zra.2-uc010mjj.2, ENSP00000402537-uc001zfh.1-uc010ubk.1, ENSP00000419126-uc001lgw.2-uc001lgx.2	0.997707306694	E
1	0.00226899670669	1.00227	ENSP00000231338-uc003jin.2-uc003jio.2, ENSP00000264266-uc003fcl.1-uc011box.1, ENSP00000375051-uc001chn.2-uc001chp.2, ENSP00000384998-uc010zoj.1-uc002wan.1	0.997733575521	E
1	0.0022671026602	1.00227	ENSP00000261413-uc003kbz.3-uc011csd.1, ENSP00000339314-uc002zxs.2-uc002zxr.1, ENSP00000400175-uc003cwu.2-uc010hku.2, ENSP00000415793	0.997735465276	E
1	0.00225664078969	1.00226	ENSP00000230901-uc003lcg.2-uc011cyl.1, ENSP00000257966-uc001spn.2-uc010srx.1, ENSP00000328412-uc002kay.3-uc002kaz.3, ENSP00000379006-uc002ape.3-uc010ujb.1	0.99774590351	E
1	0.00224543509889	1.00225	ENSP00000258733-uc003swb.2-uc011jyz.1, ENSP00000327589, ENSP00000369009-uc004czp.2-uc004czn.3, ENSP00000373783-uc003xdh.1-uc010lty.1	0.997757084005	E
1	0.00223888194306	1.00224	ENSP00000266544-uc001qnc.2-uc010ses.1, ENSP00000338235-uc003yhz.2-uc010mbf.2, ENSP00000384943-uc002hzm.1-uc010wgh.1, ENSP00000421552	0.997763622484	E
1	0.00223823894065	1.00224	ENSP00000281416-uc002urz.2-uc010zge.1, ENSP00000284503-uc003wue.2-uc003wuf.2, ENSP00000364448-uc001vup.2-uc001vut.2, ENSP00000365048-uc001vqr.2-uc010agj.2	0.997764264048	E
1	0.00223452304375	1.00224	ENSP00000360373-uc004esv.2-uc010nqq.2, ENSP00000380651-uc001vnn.1-uc001vnm.1, ENSP00000414558-uc001wgm.2-uc010tnb.1, ENSP00000438341-uc001tnj.2-uc010sxf.1	0.997767971644	E
1	0.00222707316347	1.00223	ENSP00000225577-uc002ixy.2-uc002ixz.2, ENSP00000355897-uc001hlm.2-uc001hlo.2, ENSP00000359364-uc002yeh.2-uc011aaq.1, ENSP00000471074-uc002xfh.2-uc002xfg.2	0.997775404924	E
1	0.00219838750572	1.0022	ENSP00000254722-uc002ftl.2-uc010cjw.2, ENSP00000313869-uc003ciw.1-uc003ciz.1, ENSP00000358813-uc003pjc.2-uc003pjb.3, ENSP00000398401-uc003umc.2-uc003umd.2	0.997804027178	E
1	0.00219002626248	1.00219	ENSP00000226067-uc002iug.1-uc010dce.1, ENSP00000356713-uc003qho.2-uc011edm.1, ENSP00000369773-uc003mux.2-uc011dhs.1, ENSP00000415793	0.997812370095	E
1	0.00217947259803	1.00218	ENSP00000345772-uc003oku.3-uc010jvx.2, ENSP00000351138-uc004bxa.2-uc004bxb.2, ENSP00000367064, ENSP00000471771-uc004eay.3-uc010nll.2	0.997822900728	E
1	0.00217179164399	1.00217	ENSP00000207457-uc001bzr.2-uc001bzs.2, ENSP00000318373-uc002rkk.2-uc002rkj.2, ENSP00000344223-uc002fhi.2-uc002fhh.2, ENSP00000355827-uc001hoh.2-uc010pvc.1	0.997830564989	E
1	0.00216798110529	1.00217	ENSP00000304898-uc002vot.2-uc002vox.2, ENSP00000349959-uc003jlp.2-uc010ivf.2, ENSP00000439966-uc001suc.2-uc010sti.1, ENSP00000458302-uc003uae.1-uc003uaf.1	0.997834367268	E
1	0.00215930622208	1.00216	ENSP00000256398-uc003xgo.3-uc011lat.1, ENSP00000361892-uc002xnb.2-uc010ggy.2, ENSP00000429286-uc003xun.2-uc003xum.2, ENSP00000471771-uc004eay.3-uc010nll.2	0.997843023403	E
1	0.00215920340481	1.00216	ENSP00000331682-uc002zsl.1-uc011ahr.1, ENSP00000364889-uc010tjo.1-uc001vrv.3, ENSP00000382213, ENSP00000458290-uc002klh.3-uc010dkj.2	0.997843125998	E
1	0.00215515176109	1.00216	ENSP00000316924-uc002wub.2-uc010gdc.2, ENSP00000346762-uc003vmi.2-uc010lle.2, ENSP00000347942-uc001jal.2-uc010qez.1, ENSP00000354995-uc002zaq.2-uc002zao.2	0.997847168911	E
1	0.00215120999359	1.00215	ENSP00000287675-uc003cih.2-uc011ayq.1, ENSP00000294066-uc001obh.2-uc001obg.2, ENSP00000362718-uc003onc.1-uc003ond.1, ENSP00000417963-uc003oth.2-uc010jyd.2	0.9978511022	E
1	0.002147743796	1.00215	ENSP00000269919-uc002nis.1-uc010xqg.1, ENSP00000350578-uc002yma.2-uc011acg.1, ENSP00000362187-uc004bsx.1-uc004bsw.1, ENSP00000449960-uc001sef.2-uc001see.2	0.997854560955	E
1	0.00214515071875	1.00215	ENSP00000280700-uc003cdl.2-uc003cdk.2, ENSP00000284690-uc001ljg.1-uc001lje.1, ENSP00000357047-uc003qcs.1-uc003qcr.1, ENSP00000442050-uc002kch.1-uc010wva.1	0.997857148473	E
1	0.00213453189084	1.00214	ENSP00000297440-uc010krz.1-uc003sjb.2, ENSP00000309487-uc003dys.1-uc003dyt.1, ENSP00000333667-uc001snf.1-uc010srj.1, ENSP00000335321	0.997867744602	E
1	0.0021038247452	1.00211	ENSP00000261798-uc003lqy.1-uc003lqu.2, ENSP00000301887-uc001ocf.1-uc001oce.1, ENSP00000338629, ENSP00000402301-uc003yia.2-uc010mbg.2	0.997898386743	E
1	0.00209095900931	1.00209	ENSP00000234256-uc010yqa.1-uc010ypz.1, ENSP00000351627-uc002ozp.3-uc002ozo.3, ENSP00000357307-uc001fmg.2-uc010pgq.1, ENSP00000362136-uc001cby.2-uc001cbz.2	0.997911225523	E
1	0.00207817933939	1.00208	ENSP00000264381-uc003fem.3-uc003fen.3, ENSP00000314193-uc002uql.1-uc002uqo.1, ENSP00000420721, ENSP00000440978-uc010swq.1-uc010swp.1	0.99792397858	E
1	0.002073893884	1.00208	ENSP00000253490-uc003mdk.2-uc010jjy.1, ENSP00000262213-uc003xyo.1-uc011lfc.1, ENSP00000334800-uc003url.1-uc010lgf.1, ENSP00000361892-uc002xnb.2-uc010ggy.2	0.997928255148	E
1	0.0020585472304	1.00206	ENSP00000313885-uc002jnz.3-uc002job.3, ENSP00000318176-uc002umf.2-uc002umd.2, ENSP00000330671, ENSP00000368884-uc004czu.2-uc011mjk.1	0.997943570125	E
1	0.0020316871366	1.00203	ENSP00000288988-uc002rnr.2-uc002rnq.2, ENSP00000318373-uc002rkk.2-uc002rkj.2, ENSP00000321636-uc002gsx.1-uc010cpz.1, ENSP00000348407-uc003bfk.2-uc003bfl.2	0.997970375343	E
1	0.00195434149267	1.00196	ENSP00000245796-uc002tjc.2-uc002tjh.2, ENSP00000355809-uc001hpc.1-uc001hpd.1, ENSP00000368031-uc001aga.1-uc001agb.1, ENSP00000439966-uc001suc.2-uc010sti.1	0.998047566989	E
1	0.00195146019594	1.00195	ENSP00000225577-uc002ixy.2-uc002ixz.2, ENSP00000234160-uc002ugk.2-uc002ugm.2, ENSP00000323302-uc001tbc.2-uc009zsq.2, ENSP00000371811-uc001uof.2-uc010tct.1	0.998050442665	E
1	0.00194250668263	1.00194	ENSP00000338629, ENSP00000344772-uc001apy.2-uc001apz.2, ENSP00000370074-uc003mug.2-uc003muf.2, ENSP00000473060-uc004fel.2-uc004fek.2	0.998059378762	E
1	0.00193998154289	1.00194	ENSP00000269554-uc002hqs.2-uc010cvp.2, ENSP00000301924-uc003xfl.1-uc010lup.1, ENSP00000367263, ENSP00000471888-uc010vhz.1-uc010vhw.1	0.998061899005	E
1	0.00193974989636	1.00194	ENSP00000258962-uc002ivi.2-uc002ivj.2, ENSP00000267484-uc001xen.1-uc001xek.1, ENSP00000324944-uc003ncx.1-uc011dji.1, ENSP00000358262-uc001epm.3-uc009wji.2	0.998062130203	E
1	0.00193424580142	1.00194	ENSP00000304592-uc002kdu.2-uc002kdv.1, ENSP00000356966-uc001fze.2-uc009wue.2, ENSP00000360186, ENSP00000436958-uc001pbl.2-uc001pbk.2	0.998067623646	E
1	0.00193141107711	1.00193	ENSP00000355929-uc001hjz.2-uc010ptq.1, ENSP00000367030-uc001iop.2-uc001ior.2, ENSP00000413937-uc002fsr.2-uc010vql.1, ENSP00000473196-uc004fip.2-uc004fio.2	0.998070452897	E
1	0.00192877350804	1.00193	ENSP00000255499-uc004eml.2-uc004emk.2, ENSP00000331682-uc002zsl.1-uc011ahr.1, ENSP00000365200-uc001vpo.2-uc001vpp.2, ENSP00000401980-uc002wjw.3-uc002wjy.3	0.99807308538	E
1	0.0019247935462	1.00193	ENSP00000248054-uc002nez.1-uc010eaj.1, ENSP00000373390, ENSP00000386722-uc009ytl.2-uc001oth.3, ENSP00000445725-uc003xpm.2-uc010lxp.2	0.998077057681	E
1	0.00191571666839	1.00192	ENSP00000264400-uc003hmi.1-uc010ijq.1, ENSP00000317272, ENSP00000413507-uc011kav.1-uc003tey.2, ENSP00000446289-uc003kdc.3-uc011css.1	0.998086117146	E
1	0.0019068740836	1.00191	ENSP00000260570-uc002rku.2-uc010ezb.2, ENSP00000334143-uc002vxx.3-uc002vxy.2, ENSP00000346532-uc002orx.2-uc002ose.2, ENSP00000386609-uc002ftj.2-uc010vqq.1	0.998094942846	E
1	0.0018990880219	1.0019	ENSP00000226067-uc002iug.1-uc010dce.1, ENSP00000261047-uc003dxj.2-uc003dxk.2, ENSP00000462664-uc002lfj.3-uc010dpg.2, ENSP00000471186-uc004fli.3-uc004flj.2	0.998102714105	E
1	0.00189464918616	1.0019	ENSP00000287675-uc003cih.2-uc011ayq.1, ENSP00000345731-uc003fxn.3-uc011bud.1, ENSP00000347532-uc009xyw.2-uc001lcy.3, ENSP00000363283-uc001bmr.1-uc010ofe.1	0.998107144529	E
1	0.00188503981919	1.00189	ENSP00000246957-uc002cvt.3-uc010uxf.1, ENSP00000253669-uc002nfe.2-uc002nff.2, ENSP00000362580-uc010ohm.1-uc010ohn.1, ENSP00000373347-uc003brf.1-uc003brg.1	0.998116735753	E
1	0.0018825452728	1.00188	ENSP00000307275-uc001fjs.2-uc001fjr.2, ENSP00000308032-uc002opw.2-uc010xvx.1, ENSP00000330470-uc003akk.2-uc003aki.2, ENSP00000408342-uc002mkd.2-uc002mkc.2	0.998119225604	E
1	0.00186344857016	1.00187	ENSP00000281924-uc002ttx.2-uc002tty.2, ENSP00000288502-uc004bjd.3-uc004bjf.3, ENSP00000322242-uc001typ.3-uc001tyq.3, ENSP00000434359-uc003yzs.2-uc003yzr.2	0.998138286572	E
1	0.00186334270089	1.00187	ENSP00000262593-uc002xwy.2-uc010gin.2, ENSP00000292616-uc003uzn.2-uc003uzo.2, ENSP00000300432-uc004bsu.2-uc011mao.1, ENSP00000423485-uc010jgh.2-uc003lmh.3	0.998138392244	E
1	0.00186310774955	1.00186	ENSP00000253490-uc003mdk.2-uc010jjy.1, ENSP00000307491-uc003cit.2-uc003ciu.2, ENSP00000349428-uc002lpp.2-uc002lps.2, ENSP00000415332-uc002uni.3-uc002unh.3	0.998138626758	E
1	0.00186297321195	1.00186	ENSP00000228280-uc001tav.2-uc009zsn.2, ENSP00000285381-uc003ydj.2-uc011lfv.1, ENSP00000361625-uc004bxc.2-uc004bxf.2, ENSP00000362369-uc002xjo.1-uc010zwe.1	0.998138761046	E
1	0.00186195990401	1.00186	ENSP00000262189, ENSP00000328103-uc003ala.1-uc003akx.1, ENSP00000358548-uc009wgu.2-uc001efh.3, ENSP00000369274-uc004cyv.3-uc004cyu.3	0.998139772468	E
1	0.00185233917105	1.00185	ENSP00000264963-uc002swu.2-uc010yuw.1, ENSP00000301475-uc010dwg.1-uc010xkh.1, ENSP00000404684-uc003cui.2-uc003cuk.2, ENSP00000471039-uc004dlx.1-uc004dlw.1	0.99814937535	E
1	0.00184439691229	1.00185	ENSP00000304669-uc003ldh.2-uc003ldl.2, ENSP00000359094-uc002yfq.1-uc002yfo.1, ENSP00000371811-uc001uof.2-uc010tct.1, ENSP00000434552	0.998157302942	E
1	0.00183214000531	1.00183	ENSP00000281924-uc002ttx.2-uc002tty.2, ENSP00000286186-uc002uxj.1-uc010ftb.1, ENSP00000367830-uc001aiq.2-uc009vla.2, ENSP00000440926-uc003xfp.1-uc003xfq.1	0.998169537339	E
1	0.00182975143177	1.00183	ENSP00000271688-uc001evz.2-uc009wmh.2, ENSP00000323302-uc001tbc.2-uc009zsq.2, ENSP00000349959-uc003jlp.2-uc010ivf.2, ENSP00000408342-uc002mkd.2-uc002mkc.2	0.998171921543	E
1	0.0018291181481	1.00183	ENSP00000005587-uc003syc.2-uc011jzj.1, ENSP00000263960-uc002uuh.1-uc010fsl.1, ENSP00000322532-uc001oic.3-uc001oid.3, ENSP00000407193-uc002jhc.2-uc002jhb.1	0.998172553669	E
1	0.00181619675641	1.00182	ENSP00000261191-uc001rhk.3-uc001rhj.3, ENSP00000296595-uc003kjc.2-uc011ctx.1, ENSP00000326674-uc002chn.2-uc002chp.2, ENSP00000367868-uc001imo.3-uc001imn.2	0.998185451531	E
1	0.00181431526549	1.00182	ENSP00000290341-uc002iom.2-uc010dbj.2, ENSP00000322242-uc001typ.3-uc001tyq.3, ENSP00000325017-uc001qoo.2-uc010sfd.1, ENSP00000328412-uc002kay.3-uc002kaz.3	0.99818732961	E
1	0.00181363846321	1.00182	ENSP00000225573-uc002imo.2-uc010wla.1, ENSP00000384943-uc002hzm.1-uc010wgh.1, ENSP00000413851-uc002kud.2-uc002kub.2, ENSP00000415793	0.998188005185	E
1	0.00180886227153	1.00181	ENSP00000299952-uc002fau.2-uc010cge.2, ENSP00000312618-uc003ela.3-uc003ele.2, ENSP00000368800-uc010cdu.2-uc002ept.2, ENSP00000443442-uc001ria.2-uc001rif.1	0.998192772734	E
1	0.00179428474377	1.0018	ENSP00000265872-uc001joo.2-uc010qjb.1, ENSP00000271732-uc001evj.2-uc010pci.1, ENSP00000362649-uc001bvb.1-uc010ohf.1, ENSP00000399501	0.998207324023	E
1	0.00178903794294	1.00179	ENSP00000288502-uc004bjd.3-uc004bjf.3, ENSP00000347586-uc003ltq.2-uc011dcq.1, ENSP00000368031-uc001aga.1-uc001agb.1, ENSP00000414224-uc002tmk.2-uc010yys.1	0.998212561432	E
1	0.00177752422095	1.00178	ENSP00000286627-uc001jxm.2-uc001jxs.3, ENSP00000356155-uc001haw.2-uc010pqv.1, ENSP00000361474-uc004eng.2-uc004enf.2, ENSP00000385478-uc010ktx.2-uc010kty.2	0.99822405464	E
1	0.00176646316119	1.00177	ENSP00000305721-uc003pjl.1-uc011dyu.1, ENSP00000331682-uc002zsl.1-uc011ahr.1, ENSP00000395007-uc010lpi.2-uc003wfw.2, ENSP00000407843-uc001skp.3-uc001skq.3	0.998235096117	E
1	0.00174721064131	1.00175	ENSP00000261047-uc003dxj.2-uc003dxk.2, ENSP00000306340-uc011cbp.1-uc003hiq.2, ENSP00000336888-uc002mpf.2-uc002mpi.2, ENSP00000369519-uc003zph.2-uc011lnl.1	0.998254314843	E
1	0.00174214437993	1.00174	ENSP00000330060-uc003cfc.1-uc010hfw.1, ENSP00000355183, ENSP00000362136-uc001cby.2-uc001cbz.2, ENSP00000370658-uc001riq.2-uc009zjl.2	0.998259372273	E
1	0.00173790741632	1.00174	ENSP00000282003-uc001vkw.1-uc010afc.2, ENSP00000351635-uc002abr.1-uc002abs.1, ENSP00000367024-uc009yoz.2-uc010rmy.1, ENSP00000377617-uc002skk.2-uc010yrp.1	0.99826360187	E
1	0.00172850343013	1.00173	ENSP00000331682-uc002zsl.1-uc011ahr.1, ENSP00000354560-uc001ggv.2-uc010plx.1, ENSP00000377756-uc010hoy.2-uc003drw.2, ENSP00000419879-uc002wls.2-uc010zqv.1	0.998272989572	E
1	0.00172573752558	1.00173	ENSP00000317904-uc002plp.2-uc010xzy.1, ENSP00000330671, ENSP00000347445-uc002cwl.2-uc010uxk.1, ENSP00000389998-uc011lgk.1-uc011lgl.1	0.998275750703	E
1	0.00172325818955	1.00172	ENSP00000332979-uc002yyw.2-uc010goo.2, ENSP00000338629, ENSP00000384582, ENSP00000385839-uc001snt.2-uc009zpn.1	0.998278225767	E
1	0.00171025452743	1.00171	ENSP00000295148-uc002rep.2-uc010eya.2, ENSP00000407843-uc001skp.3-uc001skq.3, ENSP00000428982-uc003pqe.2-uc003pqd.2, ENSP00000471156-uc004eau.2-uc011mqe.1	0.998291207124	E
1	0.00170483225199	1.00171	ENSP00000291560-uc002zdi.2-uc011aey.1, ENSP00000367024-uc009yoz.2-uc010rmy.1, ENSP00000368799-uc001uxu.1-uc010ace.1, ENSP00000379737-uc003swy.2-uc010kur.2	0.998296620149	E
1	0.00170071456407	1.0017	ENSP00000313953-uc002rom.2-uc002ron.2, ENSP00000333667-uc001snf.1-uc010srj.1, ENSP00000369887-uc002afp.2-uc002afn.2, ENSP00000379931-uc003ccg.2-uc010hfc.2	0.998300730831	E
1	0.00169543467676	1.0017	ENSP00000257829-uc001mvk.2-uc010ren.1, ENSP00000268099-uc002azb.1-uc002aza.1, ENSP00000334229-uc001rfq.2-uc010sir.1, ENSP00000439303-uc010ymi.1-uc002rma.2	0.998306001761	E
1	0.00168312447538	1.00168	ENSP00000320076-uc002jme.1-uc010wro.1, ENSP00000338629, ENSP00000354086-uc001cxa.3-uc001cxc.3, ENSP00000377617-uc002skk.2-uc010yrp.1	0.998318291184	E
1	0.00167935366647	1.00168	ENSP00000329002-uc001fes.2-uc009wov.2, ENSP00000359819-uc004eyb.2-uc010nrv.2, ENSP00000362718-uc003onc.1-uc003ond.1, ENSP00000462311-uc002llm.1-uc010dqs.2	0.998322055659	E
1	0.00166420053532	1.00167	ENSP00000358813-uc003pjc.2-uc003pjb.3, ENSP00000399584-uc004csx.3-uc010ndt.2, ENSP00000426968-uc010iqc.2-uc003ioz.2, ENSP00000436604-uc001tbd.2-uc001tbe.2	0.998337183479	E
1	0.00165692485192	1.00166	ENSP00000227752-uc001prv.2-uc010rxn.1, ENSP00000313885-uc002jnz.3-uc002job.3, ENSP00000318884, ENSP00000354622-uc002ici.1-uc010whi.1	0.99834444709	E
1	0.00164071047262	1.00164	ENSP00000303696-uc002lwr.2-uc010xha.1, ENSP00000385030-uc002rgu.2-uc010ykr.1, ENSP00000415034-uc003cqp.2-uc010hjo.1, ENSP00000435697-uc003yyv.2-uc011lki.1	0.998360634757	E
1	0.00162809068868	1.00163	ENSP00000226067-uc002iug.1-uc010dce.1, ENSP00000347445-uc002cwl.2-uc010uxk.1, ENSP00000374035-uc002iga.2-uc010wiv.1, ENSP00000394902-uc001lei.1-uc010qtb.1	0.998373233932	E
1	0.00161860572973	1.00162	ENSP00000261798-uc003lqy.1-uc003lqu.2, ENSP00000291358-uc001bum.2-uc010ogz.1, ENSP00000332595-uc003ttz.2-uc003tub.2, ENSP00000344666	0.998382703506	E
1	0.00161850303269	1.00162	ENSP00000255121-uc001coj.1-uc001coi.1, ENSP00000271732-uc001evj.2-uc010pci.1, ENSP00000385812-uc003apr.2-uc011amr.1, ENSP00000471656-uc001qsi.2-uc010sfw.1	0.998382806037	E
1	0.00160784764981	1.00161	ENSP00000256649-uc001egz.2-uc001eha.2, ENSP00000334800-uc003url.1-uc010lgf.1, ENSP00000355428-uc001iew.1-uc010pzq.1, ENSP00000440978-uc010swq.1-uc010swp.1	0.998393444245	E
1	0.00160590156514	1.00161	ENSP00000261844-uc002acg.3-uc002acf.3, ENSP00000307387-uc003cfx.2-uc011axw.1, ENSP00000345810-uc002wze.1-uc002wzj.1, ENSP00000360199	0.998395387205	E
1	0.00159172843786	1.00159	ENSP00000263634-uc002rxg.1-uc002rxf.1, ENSP00000313490-uc002gkr.2-uc002gks.2, ENSP00000355809-uc001hpc.1-uc001hpd.1, ENSP00000359621-uc001dkp.2-uc001dko.2	0.99840953769	E
1	0.00158520270778	1.00159	ENSP00000305533-uc003hnt.2-uc003hnv.2, ENSP00000355809-uc001hpc.1-uc001hpd.1, ENSP00000378130-uc003hzr.3-uc003hzq.2, ENSP00000452037-uc001xoq.3-uc010arv.2	0.998416053062	E
1	0.00156686428354	1.00157	ENSP00000255759-uc002dec.1-uc002ded.1, ENSP00000311997, ENSP00000316042-uc003lbt.2-uc010jeo.2, ENSP00000343002-uc010aaz.2-uc001uto.3	0.998434362607	E
1	0.00155831291381	1.00156	ENSP00000019103-uc002tma.2-uc002tlz.2, ENSP00000347445-uc002cwl.2-uc010uxk.1, ENSP00000349490-uc003ass.1-uc003asr.1, ENSP00000402301-uc003yia.2-uc010mbg.2	0.998442900625	E
1	0.00154127181629	1.00154	ENSP00000305483-uc001ifc.1-uc001ifd.1, ENSP00000352288-uc003bkv.3-uc003bkt.1, ENSP00000355809-uc001hpc.1-uc001hpd.1, ENSP00000470141-uc004dmb.3-uc004dmc.3	0.998459915333	E
1	0.00153976024882	1.00154	ENSP00000260408-uc002afd.1-uc010ugz.1, ENSP00000265294-uc003mau.2-uc011dev.1, ENSP00000318176-uc002umf.2-uc002umd.2, ENSP00000364899-uc004arb.2-uc011ltr.1	0.998461424574	E
1	0.00153398929336	1.00154	ENSP00000223357-uc003tkb.2-uc003tkd.2, ENSP00000346065-uc003oyj.2-uc010jze.2, ENSP00000346643-uc001jpf.3-uc009xqb.2, ENSP00000385715-uc002rhx.2-uc002rhw.2	0.998467186667	E
1	0.00151875922887	1.00152	ENSP00000272638-uc002tur.2-uc002tut.2, ENSP00000300738-uc001lyw.3-uc010qyd.1, ENSP00000346246-uc002ppo.2-uc010enk.2, ENSP00000368800-uc010cdu.2-uc002ept.2	0.998482393502	E
1	0.00151163286825	1.00151	ENSP00000305922-uc001czi.3-uc001czm.3, ENSP00000313382-uc003pfs.2-uc010kap.2, ENSP00000330671, ENSP00000353533-uc003eil.2-uc011bkh.1	0.998489509073	E
1	0.00150454097994	1.00151	ENSP00000072644-uc001cvu.2-uc001cvy.2, ENSP00000223061-uc003uvo.2-uc003uvp.1, ENSP00000262031-uc001sln.2-uc010sqp.1, ENSP00000364000-uc002uqk.2-uc010frx.2	0.998496590274	E
1	0.00150037919092	1.0015	ENSP00000320885-uc002roc.2-uc002rod.2, ENSP00000347427-uc010vsl.1-uc010vsp.1, ENSP00000406012-uc002cmb.2-uc002clz.2, ENSP00000440926-uc003xfp.1-uc003xfq.1	0.998500745815	E
1	0.00149050130751	1.00149	ENSP00000265963-uc001moh.2-uc001moj.2, ENSP00000293350-uc002pnt.2-uc010yat.1, ENSP00000320885-uc002roc.2-uc002rod.2, ENSP00000423228-uc003jlg.1-uc003jlb.1	0.998510608938	E
1	0.00148369589167	1.00148	ENSP00000252015-uc002xbk.2-uc010zuq.1, ENSP00000258962-uc002ivi.2-uc002ivj.2, ENSP00000392105-uc010ppm.1-uc001gvo.2, ENSP00000473196-uc004fip.2-uc004fio.2	0.998517404241	E
1	0.00144937967202	1.00145	ENSP00000328551-uc003gmu.2-uc003gmv.2, ENSP00000359818-uc001knt.2-uc001knq.2, ENSP00000391524-uc011arv.1-uc011aru.1, ENSP00000403476-uc010oia.1-uc010oib.1	0.998551670171	E
1	0.00144772320785	1.00145	ENSP00000333657-uc002yzf.1-uc010gop.1, ENSP00000352567-uc003pwt.2-uc003pwu.2, ENSP00000368884-uc004czu.2-uc011mjk.1, ENSP00000386181-uc002uln.2-uc010zfc.1	0.998553324238	E
1	0.00144584020718	1.00145	ENSP00000308032-uc002opw.2-uc010xvx.1, ENSP00000349629, ENSP00000354850-uc001ktv.2-uc001ktu.2, ENSP00000471656-uc001qsi.2-uc010sfw.1	0.998555204516	E
1	0.00144081844781	1.00144	ENSP00000251582-uc003mjw.2-uc011dgm.1, ENSP00000366522-uc003zds.1-uc011llk.1, ENSP00000378086-uc001xip.2-uc001xis.2, ENSP00000425006-uc003iwu.1-uc003iws.1	0.998560219033	E
1	0.00142735387987	1.00143	ENSP00000313953-uc002rom.2-uc002ron.2, ENSP00000358262-uc001epm.3-uc009wji.2, ENSP00000359233-uc001dqn.3-uc009wdr.2, ENSP00000379931-uc003ccg.2-uc010hfc.2	0.998573664305	E
1	0.00141131355444	1.00141	ENSP00000265140-uc003kkr.3-uc003kks.2, ENSP00000267484-uc001xen.1-uc001xek.1, ENSP00000396861-uc010jaf.1-uc003kga.2, ENSP00000412394	0.99858968188	E
1	0.00140945053387	1.00141	ENSP00000239223-uc003mbv.1-uc011dez.1, ENSP00000261739-uc001tpx.2-uc001tqa.2, ENSP00000324628-uc002kon.2-uc002koo.2, ENSP00000343027-uc003uhb.1-uc011kgt.1	0.998591542275	E
1	0.00140540502435	1.00141	ENSP00000331504-uc002bpv.2-uc002bpy.2, ENSP00000354966-uc002xuv.1-uc010gid.2, ENSP00000378086-uc001xip.2-uc001xis.2, ENSP00000467075-uc010xdd.1-uc002lcy.2	0.998595582095	E
1	0.00140008979997	1.0014	ENSP00000225577-uc002ixy.2-uc002ixz.2, ENSP00000305483-uc001ifc.1-uc001ifd.1, ENSP00000365048-uc001vqr.2-uc010agj.2, ENSP00000374185-uc010ydh.1-uc002pyl.1	0.998600889868	E
1	0.00139544017181	1.0014	ENSP00000298229-uc001osf.2-uc001osg.2, ENSP00000317272, ENSP00000377756-uc010hoy.2-uc003drw.2, ENSP00000439856-uc002nei.1-uc010xpg.1	0.998605533002	E
1	0.00139530422248	1.0014	ENSP00000262518, ENSP00000354957-uc004ahr.2-uc011lry.1, ENSP00000366460-uc001iqg.1-uc009xkc.1, ENSP00000369519-uc003zph.2-uc011lnl.1	0.998605668762	E
1	0.00137614395902	1.00138	ENSP00000298317-uc001qde.2-uc010sbl.1, ENSP00000324882-uc003vko.2-uc011kny.1, ENSP00000348359-uc001ptt.2-uc009zai.1, ENSP00000429865	0.998624802493	E
1	0.00137593569334	1.00138	ENSP00000313854-uc003jch.2-uc003jcg.2, ENSP00000316054-uc003fms.2-uc003fmu.2, ENSP00000369887-uc002afp.2-uc002afn.2, ENSP00000380860	0.998625010472	E
1	0.00136998631064	1.00137	ENSP00000281142-uc003igp.2-uc003igo.2, ENSP00000335652, ENSP00000347444-uc004axj.2-uc011luy.1, ENSP00000352282-uc001www.2-uc010tqg.1	0.998630951692	E
1	0.00136714872902	1.00137	ENSP00000252999, ENSP00000262982-uc002xty.2-uc010ghy.2, ENSP00000338777-uc002boq.3-uc002bos.3, ENSP00000386626-uc002tzd.3-uc010zch.1	0.998633785393	E
1	0.00136240408155	1.00136	ENSP00000284503-uc003wue.2-uc003wuf.2, ENSP00000366084-uc001vmd.3-uc010afj.2, ENSP00000376733-uc003etv.2-uc011bnb.1, ENSP00000386759	0.99863852357	E
1	0.00136072866298	1.00136	ENSP00000358605-uc001kzc.3-uc001kzb.2, ENSP00000382213, ENSP00000413520-uc002jmj.3-uc002jmi.2, ENSP00000419126-uc001lgw.2-uc001lgx.2	0.998640196708	E
1	0.00135551763547	1.00136	ENSP00000264720-uc002rjw.1-uc010eyy.1, ENSP00000312066-uc002jqk.1-uc002jqj.1, ENSP00000381785-uc004bga.1-uc011lwv.1, ENSP00000471656-uc001qsi.2-uc010sfw.1	0.998645400664	E
1	0.0013520475167	1.00135	ENSP00000230640-uc003jpy.3-uc011cqi.1, ENSP00000276893-uc003zjy.2-uc003zkb.2, ENSP00000412173-uc001bvh.3-uc010ohi.1, ENSP00000417185-uc001afs.2-uc001afr.2	0.998648866088	E
1	0.00134592801139	1.00135	ENSP00000261308-uc003jtv.3-uc011cqw.1, ENSP00000358060-uc001euq.2-uc009wlt.2, ENSP00000375810-uc002pbf.1-uc010ejy.1, ENSP00000429168-uc001vag.2-uc001vah.2	0.998654977343	E
1	0.00133431409834	1.00134	ENSP00000257548-uc010sxi.1-uc001tnw.3, ENSP00000271227-uc001dqv.3-uc010ott.1, ENSP00000334229-uc001rfq.2-uc010sir.1, ENSP00000386797-uc002tob.1-uc002toa.1	0.998666575703	E
1	0.00133247755976	1.00133	ENSP00000174653-uc003xoo.2-uc010lxe.2, ENSP00000315768-uc001slc.2-uc001slb.2, ENSP00000358450-uc001ehg.2-uc001ehf.2, ENSP00000373783-uc003xdh.1-uc010lty.1	0.998668409794	E
1	0.00131952892279	1.00132	ENSP00000332979-uc002yyw.2-uc010goo.2, ENSP00000358335-uc003pnz.1-uc003pny.1, ENSP00000362649-uc001bvb.1-uc010ohf.1, ENSP00000391524-uc011arv.1-uc011aru.1	0.998681341273	E
1	0.00131394976541	1.00131	ENSP00000259021-uc002ipm.2-uc010wmg.1, ENSP00000261881-uc002apr.2-uc010ujn.1, ENSP00000368102-uc001ilq.1-uc009xjb.1, ENSP00000377617-uc002skk.2-uc010yrp.1	0.998686913089	E
1	0.0013119423385	1.00131	ENSP00000261308-uc003jtv.3-uc011cqw.1, ENSP00000275227-uc003qdw.1-uc010kgd.1, ENSP00000368503-uc003iqa.2-uc010iqp.1, ENSP00000432787-uc003pzz.1-uc003pzw.1	0.998688917882	E
1	0.00130849938306	1.00131	ENSP00000262294-uc002iwz.3-uc010woc.1, ENSP00000328236-uc001ucv.2-uc010taf.1, ENSP00000356591-uc001gml.2-uc010pnk.1, ENSP00000357283-uc001fni.2-uc001fnk.2	0.998692356329	E
1	0.00129821493677	1.0013	ENSP00000248054-uc002nez.1-uc010eaj.1, ENSP00000359621-uc001dkp.2-uc001dko.2, ENSP00000359830-uc001dhu.2-uc009wca.1, ENSP00000369274-uc004cyv.3-uc004cyu.3	0.99870262738	E
1	0.00129670361455	1.0013	ENSP00000246505-uc010tjw.1-uc001vtf.2, ENSP00000311579-uc003wss.2-uc011kww.1, ENSP00000315873, ENSP00000363558-uc010qfc.1-uc010qfd.1	0.998704136742	E
1	0.00129205925755	1.00129	ENSP00000261405-uc001qnn.1-uc010set.1, ENSP00000266022-uc003cyc.2-uc011bdi.1, ENSP00000334800-uc003url.1-uc010lgf.1, ENSP00000354622-uc002ici.1-uc010whi.1	0.998708775092	E
1	0.0012865703072	1.00129	ENSP00000261658-uc002dco.2-uc010uzh.1, ENSP00000265846-uc003sjo.3-uc003sjm.3, ENSP00000378086-uc001xip.2-uc001xis.2, ENSP00000434359-uc003yzs.2-uc003yzr.2	0.99871425697	E
1	0.0012743128598	1.00128	ENSP00000266022-uc003cyc.2-uc011bdi.1, ENSP00000367227-uc003zyo.2-uc003zyn.2, ENSP00000403476-uc010oia.1-uc010oib.1, ENSP00000471074-uc002xfh.2-uc002xfg.2	0.998726498732	E
1	0.00127416954992	1.00127	ENSP00000259806-uc003mtm.2-uc003mtn.2, ENSP00000264400-uc003hmi.1-uc010ijq.1, ENSP00000326514-uc003hbf.1-uc003hbg.1, ENSP00000354837-uc001fmt.2-uc001fmq.2	0.998726641859	E
1	0.00126715505081	1.00127	ENSP00000307387-uc003cfx.2-uc011axw.1, ENSP00000366460-uc001iqg.1-uc009xkc.1, ENSP00000370196-uc003blh.2-uc003blf.2, ENSP00000407487-uc002bqg.2-uc002bqi.2	0.998733647451	E
1	0.00125342656323	1.00125	ENSP00000244669-uc003opl.2-uc010jxf.2, ENSP00000307275-uc001fjs.2-uc001fjr.2, ENSP00000322323-uc003sip.2-uc011jvn.1, ENSP00000357336-uc001fkj.2-uc001fks.2	0.998747358648	E
1	0.00124498463952	1.00125	ENSP00000296595-uc003kjc.2-uc011ctx.1, ENSP00000334143-uc002vxx.3-uc002vxy.2, ENSP00000349636-uc002itb.2-uc002ita.2, ENSP00000402301-uc003yia.2-uc010mbg.2	0.998755790032	E
1	0.00124498463952	1.00125	ENSP00000369538-uc001iil.3-uc001iim.3, ENSP00000383411-uc002yju.1-uc010gky.1, ENSP00000384582, ENSP00000407642-uc004fhc.2-uc004fhd.2	0.998755790032	E
1	0.00122758222446	1.00123	ENSP00000260408-uc002afd.1-uc010ugz.1, ENSP00000338629, ENSP00000379411-uc002dhg.3-uc002dhh.3, ENSP00000413851-uc002kud.2-uc002kub.2	0.998773170946	E
1	0.00121954406944	1.00122	ENSP00000275954-uc004ddh.2-uc010ngs.2, ENSP00000324628-uc002kon.2-uc002koo.2, ENSP00000326381-uc003fqs.2-uc003fqv.2, ENSP00000470141-uc004dmb.3-uc004dmc.3	0.998781199272	E
1	0.00121734842737	1.00122	ENSP00000308018-uc003ziz.1-uc003zja.1, ENSP00000359094-uc002yfq.1-uc002yfo.1, ENSP00000393596, ENSP00000463916-uc001etp.2-uc001etq.2	0.998783392241	E
1	0.00121682955036	1.00122	ENSP00000265870-uc001joi.2-uc010qiy.1, ENSP00000334800-uc003url.1-uc010lgf.1, ENSP00000362804-uc001jnh.3-uc009xpq.2, ENSP00000376733-uc003etv.2-uc011bnb.1	0.998783910487	E
1	0.00121545191401	1.00122	ENSP00000253024-uc002qtg.1-uc002qth.1, ENSP00000264555-uc001lqe.2-uc009yca.1, ENSP00000307387-uc003cfx.2-uc011axw.1, ENSP00000324628-uc002kon.2-uc002koo.2	0.998785286448	E
1	0.00121296417837	1.00121	ENSP00000239223-uc003mbv.1-uc011dez.1, ENSP00000265140-uc003kkr.3-uc003kks.2, ENSP00000318115-uc002olu.1-uc002olt.1, ENSP00000357307-uc001fmg.2-uc010pgq.1	0.998787771165	E
1	0.00120811773436	1.00121	ENSP00000230640-uc003jpy.3-uc011cqi.1, ENSP00000312066-uc002jqk.1-uc002jqj.1, ENSP00000387261-uc002lbp.3-uc002lbq.3, ENSP00000403476-uc010oia.1-uc010oib.1	0.998792611746	E
1	0.0011997975043	1.0012	ENSP00000202556-uc001yof.1-uc010awv.1, ENSP00000291358-uc001bum.2-uc010ogz.1, ENSP00000299638-uc002aet.3-uc002aeu.3, ENSP00000385812-uc003apr.2-uc011amr.1	0.998800921965	E
1	0.00119110316441	1.00119	ENSP00000263563-uc001jrd.3-uc001jre.3, ENSP00000346532-uc002orx.2-uc002ose.2, ENSP00000381785-uc004bga.1-uc011lwv.1, ENSP00000436619-uc004aiq.2-uc004air.2	0.998809605917	E
1	0.00116413432855	1.00116	ENSP00000260570-uc002rku.2-uc010ezb.2, ENSP00000382034-uc003obw.2-uc010juc.1, ENSP00000386797-uc002tob.1-uc002toa.1, ENSP00000419446-uc003xmr.2-uc003xms.2	0.998836543013	E
1	0.00116352329089	1.00116	ENSP00000364509-uc004auf.1-uc010mrj.1, ENSP00000367872-uc001aif.2-uc009vky.2, ENSP00000393596, ENSP00000397552-uc003fjw.2-uc003fjx.2	0.99883715334	E
1	0.00115953568028	1.00116	ENSP00000277458-uc004byf.1-uc011mbt.1, ENSP00000282003-uc001vkw.1-uc010afc.2, ENSP00000286096-uc002doh.2-uc010bxw.2, ENSP00000445943	0.998841136321	E
1	0.00114836191612	1.00115	ENSP00000255759-uc002dec.1-uc002ded.1, ENSP00000376362-uc001tui.1-uc001tuh.2, ENSP00000379411-uc002dhg.3-uc002dhh.3, ENSP00000461108-uc002qis.3-uc002qiw.2	0.998852297199	E
1	0.00114207727752	1.00114	ENSP00000262189, ENSP00000299608-uc002lkf.2-uc010xez.1, ENSP00000330237-uc001awn.2-uc001awo.2, ENSP00000334490-uc002zrq.2-uc010gsa.2	0.998858574645	E
1	0.00114137996358	1.00114	ENSP00000262304, ENSP00000376534-uc002uao.2-uc002uap.2, ENSP00000405424-uc011lht.1-uc003yml.2, ENSP00000435933-uc001ghx.1-uc001ghv.1	0.998859271163	E
1	0.00114129836098	1.00114	ENSP00000299767-uc001tkb.1-uc010swg.1, ENSP00000334143-uc002vxx.3-uc002vxy.2, ENSP00000367227-uc003zyo.2-uc003zyn.2, ENSP00000448012-uc001tar.2-uc001taq.2	0.998859352672	E
1	0.00113882737614	1.00114	ENSP00000160298-uc002mgv.3-uc002mgw.2, ENSP00000332256-uc002bwn.3-uc010bpb.2, ENSP00000368800-uc010cdu.2-uc002ept.2, ENSP00000406229	0.998861820842	E
1	0.00113515752079	1.00114	ENSP00000253270-uc004awc.2-uc004awd.2, ENSP00000293677-uc002moa.2-uc002mnz.2, ENSP00000343129-uc001pwz.2-uc001pwy.2, ENSP00000368102-uc001ilq.1-uc009xjb.1	0.998865486527	E
1	0.00113073676613	1.00113	ENSP00000310841-uc002fjw.2-uc010vot.1, ENSP00000345444-uc001qfp.2-uc009zcv.2, ENSP00000376250-uc003fsv.2-uc003fsw.2, ENSP00000383411-uc002yju.1-uc010gky.1	0.998869902276	E
1	0.00112890749812	1.00113	ENSP00000244669-uc003opl.2-uc010jxf.2, ENSP00000349959-uc003jlp.2-uc010ivf.2, ENSP00000352447-uc001hfd.2-uc009xcb.1, ENSP00000386935-uc010ncb.2-uc004cla.3	0.998871729478	E
1	0.00111530343071	1.00112	ENSP00000318921-uc002ueg.2-uc002uej.2, ENSP00000346532-uc002orx.2-uc002ose.2, ENSP00000358262-uc001epm.3-uc009wji.2, ENSP00000473060-uc004fel.2-uc004fek.2	0.998885318289	E
1	0.00110747631972	1.00111	ENSP00000279804-uc002dzw.2-uc002dzx.2, ENSP00000352567-uc003pwt.2-uc003pwu.2, ENSP00000359830-uc001dhu.2-uc009wca.1, ENSP00000380234-uc002fxc.1-uc010ckn.1	0.998893136706	E
1	0.00110735224094	1.00111	ENSP00000072644-uc001cvu.2-uc001cvy.2, ENSP00000257527-uc003lwz.2-uc003lwy.2, ENSP00000262177-uc003wnk.2-uc011kvz.1, ENSP00000471656-uc001qsi.2-uc010sfw.1	0.998893260647	E
1	0.00110335779932	1.0011	ENSP00000219070-uc002ehz.3-uc002eia.3, ENSP00000313953-uc002rom.2-uc002ron.2, ENSP00000354958-uc001fjm.2-uc009wql.2, ENSP00000366506-uc003mdc.3-uc003mdd.2	0.998897250676	E
1	0.0010981638196	1.0011	ENSP00000217909-uc004erd.2-uc011mtt.1, ENSP00000311165-uc003tbv.1-uc010kwf.1, ENSP00000351631-uc001pfn.2-uc001pfm.2, ENSP00000378086-uc001xip.2-uc001xis.2	0.998902438942	E
1	0.00109809625913	1.0011	ENSP00000257548-uc010sxi.1-uc001tnw.3, ENSP00000264501, ENSP00000279281-uc001ocr.1-uc001ocs.1, ENSP00000400175-uc003cwu.2-uc010hku.2	0.998902506428	E
1	0.00109765559053	1.0011	ENSP00000293230-uc002jru.1-uc002jrv.1, ENSP00000374035-uc002iga.2-uc010wiv.1, ENSP00000374455-uc003mkw.3-uc003mkv.3, ENSP00000436619-uc004aiq.2-uc004air.2	0.998902946613	E
1	0.00109219389975	1.00109	ENSP00000290231-uc002xre.2-uc002xrc.2, ENSP00000318845-uc003axo.3-uc003axq.3, ENSP00000321853-uc002ftk.1-uc010vqr.1, ENSP00000368884-uc004czu.2-uc011mjk.1	0.998908402327	E
1	0.00108601689759	1.00109	ENSP00000362344-uc004bsg.1-uc004bsi.1, ENSP00000365200-uc001vpo.2-uc001vpp.2, ENSP00000377867-uc004ewk.1-uc004ewm.1, ENSP00000386844	0.998914572605	E
1	0.00108489355278	1.00109	ENSP00000203407-uc003cub.1-uc003cua.1, ENSP00000308344-uc002jbc.2-uc010wpn.1, ENSP00000331879-uc001mqb.2-uc010rdn.1, ENSP00000376799-uc001pkh.2-uc010rvx.1	0.998915694731	E
1	0.00107615234401	1.00108	ENSP00000305922-uc001czi.3-uc001czm.3, ENSP00000324628-uc002kon.2-uc002koo.2, ENSP00000384164-uc010gci.1-uc002wpg.1, ENSP00000463916-uc001etp.2-uc001etq.2	0.9989244265	E
1	0.00106028517894	1.00106	ENSP00000253247-uc002jgd.1-uc010deu.1, ENSP00000368031-uc001aga.1-uc001agb.1, ENSP00000454552-uc002fec.2-uc002fed.1, ENSP00000460334-uc002qdo.2-uc002qdn.2	0.998940276725	E
1	0.00105674724325	1.00106	ENSP00000284503-uc003wue.2-uc003wuf.2, ENSP00000381785-uc004bga.1-uc011lwv.1, ENSP00000434442-uc001ndt.2-uc010rhc.1, ENSP00000448012-uc001tar.2-uc001taq.2	0.998943810917	E
1	0.00104284862744	1.00104	ENSP00000268099-uc002azb.1-uc002aza.1, ENSP00000269701-uc002nav.2-uc010dzy.2, ENSP00000323811-uc003caf.2-uc010hep.2, ENSP00000421552	0.99895769495	E
1	0.00103749470313	1.00104	ENSP00000304669-uc003ldh.2-uc003ldl.2, ENSP00000354040-uc001ift.2-uc010qad.1, ENSP00000354995-uc002zaq.2-uc002zao.2, ENSP00000402537-uc001zfh.1-uc010ubk.1	0.998963043308	E
1	0.00103330888175	1.00103	ENSP00000312734-uc002alz.2-uc010uih.1, ENSP00000320885-uc002roc.2-uc002rod.2, ENSP00000338457-uc003acl.2-uc003ach.2, ENSP00000360186	0.998967224798	E
1	0.00103062119418	1.00103	ENSP00000265565-uc003crh.1-uc003crg.2, ENSP00000310841-uc002fjw.2-uc010vot.1, ENSP00000362369-uc002xjo.1-uc010zwe.1, ENSP00000382809-uc002yng.2-uc010glp.2	0.998969909713	E
1	0.00102088463274	1.00102	ENSP00000242209-uc003tdh.2-uc011kam.1, ENSP00000362136-uc001cby.2-uc001cbz.2, ENSP00000369773-uc003mux.2-uc011dhs.1, ENSP00000387982-uc002bkw.2-uc002bkx.2	0.998979636293	E
1	0.00100553496148	1.00101	ENSP00000225573-uc002imo.2-uc010wla.1, ENSP00000261047-uc003dxj.2-uc003dxk.2, ENSP00000318318-uc002azc.1-uc010ulx.1, ENSP00000353458-uc001wsk.2-uc001wsl.2	0.998994970419	E
1	0.0010050141215	1.00101	ENSP00000330361-uc003zfc.3-uc003zfd.2, ENSP00000352645-uc003tvn.2-uc011kef.1, ENSP00000387982-uc002bkw.2-uc002bkx.2, ENSP00000410083-uc001tdz.2-uc009ztb.1	0.998995490736	E
1	0.00100469675442	1.00101	ENSP00000223061-uc003uvo.2-uc003uvp.1, ENSP00000338777-uc002boq.3-uc002bos.3, ENSP00000349490-uc003ass.1-uc003asr.1, ENSP00000369871-uc003znk.2-uc011lmz.1	0.998995807784	E
1	0.00100365700639	1.001	ENSP00000238146-uc001ufi.2-uc001ufl.2, ENSP00000268603-uc002eoi.2-uc010cdn.2, ENSP00000272638-uc002tur.2-uc002tut.2, ENSP00000387006-uc002unp.2-uc002uno.2	0.998996846489	E
1	0.00100136469376	1.001	ENSP00000291358-uc001bum.2-uc010ogz.1, ENSP00000362590-uc003onn.2-uc003onp.2, ENSP00000379006-uc002ape.3-uc010ujb.1, ENSP00000415057-uc010ukd.1-uc010bik.1	0.998999136505	E
1	0.000992317900325	1.00099	ENSP00000344214-uc001vna.2-uc010tij.1, ENSP00000364101-uc004duh.1-uc004dui.3, ENSP00000406012-uc002cmb.2-uc002clz.2, ENSP00000462311-uc002llm.1-uc010dqs.2	0.999008174284	E
1	0.000989540251584	1.00099	ENSP00000231338-uc003jin.2-uc003jio.2, ENSP00000330671, ENSP00000356155-uc001haw.2-uc010pqv.1, ENSP00000384203-uc003oqt.1-uc003oqr.1	0.999010949182	E
1	0.000986773278429	1.00099	ENSP00000267836-uc001zwj.3-uc001zwh.3, ENSP00000375809-uc002pbj.2-uc002pbi.2, ENSP00000380025-uc002vhp.1-uc010zjz.1, ENSP00000411124-uc001yhq.2-uc001yhp.2	0.999013713422	E
1	0.000982424873932	1.00098	ENSP00000327589, ENSP00000330237-uc001awn.2-uc001awo.2, ENSP00000383191-uc002zhg.2-uc002zhk.2, ENSP00000436901-uc001odm.2-uc010roe.1	0.999018057547	E
1	0.000977557938986	1.00098	ENSP00000203001-uc002wmh.1-uc010zra.1, ENSP00000264122-uc003dwc.2-uc003dwa.2, ENSP00000282478, ENSP00000387006-uc002unp.2-uc002uno.2	0.999022919715	E
1	0.00097164125112	1.00097	ENSP00000356210-uc003qph.2-uc003qpg.2, ENSP00000370761-uc001rgn.2-uc001rgo.2, ENSP00000379737-uc003swy.2-uc010kur.2, ENSP00000469022-uc002nbc.2-uc002nba.3	0.999028830639	E
1	0.000970403862383	1.00097	ENSP00000239007-uc001kza.2-uc009xxu.2, ENSP00000330361-uc003zfc.3-uc003zfd.2, ENSP00000338629, ENSP00000468541-uc002mcy.2-uc002mcz.2	0.999030066827	E
1	0.000962673849494	1.00096	ENSP00000221347, ENSP00000248054-uc002nez.1-uc010eaj.1, ENSP00000386722-uc009ytl.2-uc001oth.3, ENSP00000459424-uc003udy.2-uc003uea.2	0.999037789372	E
1	0.00095786146127	1.00096	ENSP00000249883-uc003eqg.1-uc003eqe.1, ENSP00000287295-uc004evg.2-uc004evi.2, ENSP00000303153-uc003yvd.2-uc011ljo.1, ENSP00000384582	0.999042597142	E
1	0.000953293368155	1.00095	ENSP00000269217-uc002kus.3-uc002kut.3, ENSP00000337746-uc002njd.1-uc002njf.1, ENSP00000349636-uc002itb.2-uc002ita.2, ENSP00000386759	0.999047160872	E
1	0.000946919161717	1.00095	ENSP00000246957-uc002cvt.3-uc010uxf.1, ENSP00000356210-uc003qph.2-uc003qpg.2, ENSP00000368102-uc001ilq.1-uc009xjb.1, ENSP00000470710-uc011myk.1-uc004fgx.2	0.999053529025	E
1	0.000942112641678	1.00094	ENSP00000347667, ENSP00000362298-uc001jrm.2-uc009xqk.2, ENSP00000386996-uc002vtb.1-uc002vta.2, ENSP00000457258-uc002ejb.2-uc002ejc.2	0.999058331007	E
1	0.000941348338121	1.00094	ENSP00000258733-uc003swb.2-uc011jyz.1, ENSP00000318318-uc002azc.1-uc010ulx.1, ENSP00000384797, ENSP00000465500-uc002lin.2-uc010dpv.2	0.999059094591	E
1	0.000940187615822	1.00094	ENSP00000261739-uc001tpx.2-uc001tqa.2, ENSP00000265651-uc001muz.2-uc010rej.1, ENSP00000377617-uc002skk.2-uc010yrp.1, ENSP00000386996-uc002vtb.1-uc002vta.2	0.999060254222	E
1	0.000935922494885	1.00094	ENSP00000367196-uc003zyz.2-uc003zyy.1, ENSP00000379621-uc003ycn.2-uc003yco.2, ENSP00000386722-uc009ytl.2-uc001oth.3, ENSP00000394897-uc001dvj.1-uc010ouv.1	0.999064515344	E
1	0.000929141771289	1.00093	ENSP00000312734-uc002alz.2-uc010uih.1, ENSP00000361355-uc001kbl.2-uc001kbo.3, ENSP00000361818-uc002xnu.2-uc010zws.1, ENSP00000411124-uc001yhq.2-uc001yhp.2	0.999071289747	E
1	0.000928954207979	1.00093	ENSP00000347586-uc003ltq.2-uc011dcq.1, ENSP00000368799-uc001uxu.1-uc010ace.1, ENSP00000373206-uc003dnl.2-uc003dnj.2, ENSP00000399501	0.999071477136	E
1	0.000923958147939	1.00092	ENSP00000263238-uc002tkx.1-uc010yyd.1, ENSP00000356210-uc003qph.2-uc003qpg.2, ENSP00000360373-uc004esv.2-uc010nqq.2, ENSP00000377954-uc003lnx.1-uc011dbq.1	0.99907646857	E
1	0.000917738403752	1.00092	ENSP00000281924-uc002ttx.2-uc002tty.2, ENSP00000282308-uc002qqu.2-uc010euj.2, ENSP00000312618-uc003ela.3-uc003ele.2, ENSP00000377617-uc002skk.2-uc010yrp.1	0.999082682589	E
1	0.000917361735994	1.00092	ENSP00000296799-uc011csr.1-uc003kcz.3, ENSP00000439628-uc002fuy.1-uc010ckc.1, ENSP00000440495-uc010xim.1-uc002mbr.3, ENSP00000440926-uc003xfp.1-uc003xfq.1	0.999083058912	E
1	0.00090888008237	1.00091	ENSP00000230901-uc003lcg.2-uc011cyl.1, ENSP00000295448-uc003gwy.2-uc011bzb.1, ENSP00000343129-uc001pwz.2-uc001pwy.2, ENSP00000412394	0.999091532824	E
1	0.000907940428913	1.00091	ENSP00000260382-uc002asw.2-uc002asz.2, ENSP00000261531-uc001xuf.2-uc010asu.2, ENSP00000304669-uc003ldh.2-uc003ldl.2, ENSP00000384582	0.999092471624	E
1	0.000907433895996	1.00091	ENSP00000279068-uc010gjy.1-uc010zzz.1, ENSP00000322343-uc004apr.2-uc004apu.2, ENSP00000326381-uc003fqs.2-uc003fqv.2, ENSP00000367024-uc009yoz.2-uc010rmy.1	0.999092977698	E
1	0.00090561163195	1.00091	ENSP00000271657-uc001exr.2-uc010pcw.1, ENSP00000338629, ENSP00000401338-uc002cgu.3-uc002cgv.3, ENSP00000402515	0.999094798311	E
1	0.000905442782592	1.00091	ENSP00000296051-uc003ewu.1-uc011bnq.1, ENSP00000376178-uc001uio.2-uc001uip.2, ENSP00000378130-uc003hzr.3-uc003hzq.2, ENSP00000413937-uc002fsr.2-uc010vql.1	0.999094967007	E
1	0.000902328433033	1.0009	ENSP00000261632-uc001uni.2-uc010tcq.1, ENSP00000302728-uc003tun.2-uc011kdt.1, ENSP00000342581-uc011mbe.1-uc004bvh.2, ENSP00000356210-uc003qph.2-uc003qpg.2	0.999098078543	E
1	0.000901284560732	1.0009	ENSP00000238714-uc002sai.2-uc010fch.2, ENSP00000320076-uc002jme.1-uc010wro.1, ENSP00000368076-uc002fbm.1-uc010vml.1, ENSP00000470203-uc004fjs.1-uc010nur.2	0.999099121474	E
1	0.000895626336013	1.0009	ENSP00000217159-uc002ydb.1-uc002yde.1, ENSP00000321330-uc002qys.2-uc002qyt.2, ENSP00000367030-uc001iop.2-uc001ior.2, ENSP00000445044-uc001nbw.1-uc001nby.1	0.999104774618	E
1	0.000895338730399	1.0009	ENSP00000265963-uc001moh.2-uc001moj.2, ENSP00000271688-uc001evz.2-uc009wmh.2, ENSP00000408342-uc002mkd.2-uc002mkc.2, ENSP00000446289-uc003kdc.3-uc011css.1	0.999105061966	E
1	0.000885738529717	1.00089	ENSP00000359094-uc002yfq.1-uc002yfo.1, ENSP00000375051-uc001chn.2-uc001chp.2, ENSP00000425006-uc003iwu.1-uc003iws.1, ENSP00000462311-uc002llm.1-uc010dqs.2	0.999114653621	E
1	0.000870074548915	1.00087	ENSP00000244669-uc003opl.2-uc010jxf.2, ENSP00000262679-uc001ctd.3-uc009vzb.2, ENSP00000279068-uc010gjy.1-uc010zzz.1, ENSP00000362590-uc003onn.2-uc003onp.2	0.999130303856	E
1	0.000863766850979	1.00086	ENSP00000356230-uc001gyo.1-uc001gym.1, ENSP00000419126-uc001lgw.2-uc001lgx.2, ENSP00000426968-uc010iqc.2-uc003ioz.2, ENSP00000441285-uc001gee.2-uc010plh.1	0.999136606088	E
1	0.000863521913355	1.00086	ENSP00000359727-uc003pdr.2-uc011dxo.1, ENSP00000370023-uc002rgy.2-uc010yks.1, ENSP00000379621-uc003ycn.2-uc003yco.2, ENSP00000398401-uc003umc.2-uc003umd.2	0.999136850814	E
1	0.000856594154821	1.00086	ENSP00000230640-uc003jpy.3-uc011cqi.1, ENSP00000378394-uc001jsm.2-uc001jsl.2, ENSP00000379006-uc002ape.3-uc010ujb.1, ENSP00000381785-uc004bga.1-uc011lwv.1	0.999143772617	E
1	0.000853946840265	1.00085	ENSP00000326804-uc003wey.2-uc003wez.2, ENSP00000415436-uc001rrx.2-uc001rru.2, ENSP00000452037-uc001xoq.3-uc010arv.2, ENSP00000465500-uc002lin.2-uc010dpv.2	0.999146417669	E
1	0.000852670672515	1.00085	ENSP00000387258-uc002tcd.3-uc010ywe.1, ENSP00000415793, ENSP00000417401-uc002yfm.2-uc002yfl.1, ENSP00000471771-uc004eay.3-uc010nll.2	0.999147692748	E
1	0.000848475829287	1.00085	ENSP00000266481-uc001rlf.2-uc010ski.1, ENSP00000339486-uc001xxj.2-uc010atj.2, ENSP00000364001-uc001iwx.3-uc001iwv.3, ENSP00000406571-uc003mds.3-uc003mdv.2	0.999151884025	E
1	0.000844276447882	1.00084	ENSP00000260600-uc002rfs.3-uc002rfr.3, ENSP00000278193-uc001mrl.2-uc009yii.2, ENSP00000360151-uc001kmp.2-uc001kmo.2, ENSP00000363894-uc004bci.2-uc004bcj.1	0.999156079853	E
1	0.0008441120585	1.00084	ENSP00000268603-uc002eoi.2-uc010cdn.2, ENSP00000342581-uc011mbe.1-uc004bvh.2, ENSP00000348429-uc001kzu.2-uc010qrj.1, ENSP00000367815-uc002fhl.3-uc010vnw.1	0.999156244104	E
1	0.000841441536206	1.00084	ENSP00000297440-uc010krz.1-uc003sjb.2, ENSP00000329748-uc001rls.1-uc001rlr.1, ENSP00000356591-uc001gml.2-uc010pnk.1, ENSP00000380891	0.999158912376	E
1	0.00084136056645	1.00084	ENSP00000286627-uc001jxm.2-uc001jxs.3, ENSP00000364448-uc001vup.2-uc001vut.2, ENSP00000366522-uc003zds.1-uc011llk.1, ENSP00000441140-uc004arv.2-uc004arw.2	0.999158993278	E
1	0.000826686353527	1.00083	ENSP00000281416-uc002urz.2-uc010zge.1, ENSP00000323811-uc003caf.2-uc010hep.2, ENSP00000330361-uc003zfc.3-uc003zfd.2, ENSP00000414224-uc002tmk.2-uc010yys.1	0.999173655257	E
1	0.000824018805499	1.00082	ENSP00000230859-uc003jdx.1-uc010itl.1, ENSP00000292616-uc003uzn.2-uc003uzo.2, ENSP00000436604-uc001tbd.2-uc001tbe.2, ENSP00000473060-uc004fel.2-uc004fek.2	0.999176320605	E
1	0.000819791741856	1.00082	ENSP00000246032-uc002wfw.3-uc010zpu.1, ENSP00000305924-uc001ycs.1-uc001ycr.2, ENSP00000358450-uc001ehg.2-uc001ehf.2, ENSP00000401980-uc002wjw.3-uc002wjy.3	0.999180544196	E
1	0.000817249682692	1.00082	ENSP00000285381-uc003ydj.2-uc011lfv.1, ENSP00000307432-uc003dna.3-uc010hob.2, ENSP00000386609-uc002ftj.2-uc010vqq.1, ENSP00000417980-uc011mfc.1-uc004coe.2	0.999183084175	E
1	0.000809500848441	1.00081	ENSP00000320485, ENSP00000346762-uc003vmi.2-uc010lle.2, ENSP00000354360-uc004caa.1-uc010mze.1, ENSP00000415436-uc001rrx.2-uc001rru.2	0.999190826709	E
1	0.000803598365284	1.0008	ENSP00000221347, ENSP00000324628-uc002kon.2-uc002koo.2, ENSP00000358262-uc001epm.3-uc009wji.2, ENSP00000363482-uc001jcu.2-uc001jcw.2	0.999196724433	E
1	0.00080295172549	1.0008	ENSP00000230901-uc003lcg.2-uc011cyl.1, ENSP00000244669-uc003opl.2-uc010jxf.2, ENSP00000355632-uc010pwa.1-uc001htu.2, ENSP00000392775-uc003vbd.2-uc011klj.1	0.999197370554	E
1	0.000802391156594	1.0008	ENSP00000238823-uc002rpa.1-uc010ynd.1, ENSP00000256649-uc001egz.2-uc001eha.2, ENSP00000349636-uc002itb.2-uc002ita.2, ENSP00000402515	0.999197930673	E
1	0.000794416267199	1.00079	ENSP00000271688-uc001evz.2-uc009wmh.2, ENSP00000275954-uc004ddh.2-uc010ngs.2, ENSP00000362344-uc004bsg.1-uc004bsi.1, ENSP00000368076-uc002fbm.1-uc010vml.1	0.999205899198	E
1	0.000778388139096	1.00078	ENSP00000248248-uc002fez.2-uc010vng.1, ENSP00000267938-uc002bbg.2-uc002bbi.2, ENSP00000318845-uc003axo.3-uc003axq.3, ENSP00000359094-uc002yfq.1-uc002yfo.1	0.999221914726	E
1	0.000774466518085	1.00077	ENSP00000318884, ENSP00000361355-uc001kbl.2-uc001kbo.3, ENSP00000369213-uc003zra.2-uc010mjj.2, ENSP00000380891	0.999225833304	E
1	0.00077260404693	1.00077	ENSP00000327589, ENSP00000356966-uc001fze.2-uc009wue.2, ENSP00000373347-uc003brf.1-uc003brg.1, ENSP00000461672-uc002kal.1-uc002kai.1	0.999227694335	E
1	0.000770788278494	1.00077	ENSP00000239223-uc003mbv.1-uc011dez.1, ENSP00000305721-uc003pjl.1-uc011dyu.1, ENSP00000362656-uc004bpc.2-uc010mws.2, ENSP00000401470-uc003azu.2-uc003azr.2	0.999229508702	E
1	0.000770242823427	1.00077	ENSP00000303279-uc001hmc.2-uc001hmd.2, ENSP00000354958-uc001fjm.2-uc009wql.2, ENSP00000381031-uc003aet.2-uc003aey.2, ENSP00000386810-uc010ywk.1-uc010ywl.1	0.999230053737	E
1	0.000756130580552	1.00076	ENSP00000278193-uc001mrl.2-uc009yii.2, ENSP00000326604-uc003wmw.3-uc003wmv.3, ENSP00000377374-uc003mbw.3-uc011dfa.1, ENSP00000457354-uc002fhe.2-uc002fhd.2	0.999244155214	E
1	0.000755133464446	1.00076	ENSP00000354966-uc002xuv.1-uc010gid.2, ENSP00000356641-uc001gku.1-uc009wwv.2, ENSP00000402301-uc003yia.2-uc010mbg.2, ENSP00000452296-uc001vwc.3-uc001vwb.3	0.999245151577	E
1	0.000753152551958	1.00075	ENSP00000261292-uc002ldv.2-uc010xdh.1, ENSP00000265140-uc003kkr.3-uc003kks.2, ENSP00000307387-uc003cfx.2-uc011axw.1, ENSP00000410545	0.999247130996	E
1	0.000741225449764	1.00074	ENSP00000264555-uc001lqe.2-uc009yca.1, ENSP00000361625-uc004bxc.2-uc004bxf.2, ENSP00000375936-uc002vkw.1-uc002vky.2, ENSP00000393860-uc003xmi.3-uc011lce.1	0.99925904919	E
1	0.000733074529892	1.00073	ENSP00000295148-uc002rep.2-uc010eya.2, ENSP00000338235-uc003yhz.2-uc010mbf.2, ENSP00000394966-uc001cbh.1-uc001cbf.1, ENSP00000443442-uc001ria.2-uc001rif.1	0.999267194104	E
1	0.000732650425812	1.00073	ENSP00000343027-uc003uhb.1-uc011kgt.1, ENSP00000352447-uc001hfd.2-uc009xcb.1, ENSP00000377389-uc001onw.2-uc001onz.2, ENSP00000444443-uc010wbo.1-uc010wbp.1	0.999267617897	E
1	0.000720183120802	1.00072	ENSP00000257548-uc010sxi.1-uc001tnw.3, ENSP00000358635-uc003pla.2-uc003pkz.2, ENSP00000360577-uc001cup.3-uc010onl.1, ENSP00000395653-uc002hbf.1-uc002hbg.1	0.999280076149	E
1	0.000716987144359	1.00072	ENSP00000264346-uc011cdi.1-uc011cdl.1, ENSP00000286186-uc002uxj.1-uc010ftb.1, ENSP00000351635-uc002abr.1-uc002abs.1, ENSP00000469540-uc002omt.2-uc002oms.2	0.99928326983	E
1	0.000716529642637	1.00072	ENSP00000262304, ENSP00000336923-uc003ilf.2-uc003ili.2, ENSP00000346762-uc003vmi.2-uc010lle.2, ENSP00000381693-uc001jve.2-uc009xrn.1	0.999283727003	E
1	0.000715742405325	1.00072	ENSP00000246151-uc001bhq.2-uc010oeb.1, ENSP00000299575-uc002ffz.1-uc010vnn.1, ENSP00000352447-uc001hfd.2-uc009xcb.1, ENSP00000442421-uc002juf.2-uc002jud.2	0.999284513677	E
1	0.0007140910116	1.00071	ENSP00000295550, ENSP00000338457-uc003acl.2-uc003ach.2, ENSP00000353375-uc003csb.2-uc003crw.2, ENSP00000385839-uc001snt.2-uc009zpn.1	0.999286163891	E
1	0.000711893452357	1.00071	ENSP00000310129-uc003fnn.1-uc011brk.1, ENSP00000319255-uc001pdg.2-uc009yvz.2, ENSP00000368102-uc001ilq.1-uc009xjb.1, ENSP00000368884-uc004czu.2-uc011mjk.1	0.999288359884	E
1	0.000705239348954	1.00071	ENSP00000318883-uc002zmw.2-uc002zna.2, ENSP00000364001-uc001iwx.3-uc001iwv.3, ENSP00000399121-uc010ltu.2-uc003xav.2, ENSP00000413520-uc002jmj.3-uc002jmi.2	0.999295009274	E
1	0.000699832859641	1.0007	ENSP00000228280-uc001tav.2-uc009zsn.2, ENSP00000352282-uc001www.2-uc010tqg.1, ENSP00000356713-uc003qho.2-uc011edm.1, ENSP00000370196-uc003blh.2-uc003blf.2	0.999300411966	E
1	0.000693358995365	1.00069	ENSP00000260649-uc002ruc.3-uc002rue.3, ENSP00000328412-uc002kay.3-uc002kaz.3, ENSP00000353292-uc001qnw.2-uc001qnv.2, ENSP00000432787-uc003pzz.1-uc003pzw.1	0.999306881322	E
1	0.000691841763652	1.00069	ENSP00000253270-uc004awc.2-uc004awd.2, ENSP00000334229-uc001rfq.2-uc010sir.1, ENSP00000353114, ENSP00000368031-uc001aga.1-uc001agb.1	0.999308397504	E
1	0.000691841763652	1.00069	ENSP00000231338-uc003jin.2-uc003jio.2, ENSP00000265846-uc003sjo.3-uc003sjm.3, ENSP00000356210-uc003qph.2-uc003qpg.2, ENSP00000377374-uc003mbw.3-uc011dfa.1	0.999308397504	E
1	0.000687166381951	1.00069	ENSP00000267484-uc001xen.1-uc001xek.1, ENSP00000286627-uc001jxm.2-uc001jxs.3, ENSP00000301475-uc010dwg.1-uc010xkh.1, ENSP00000368799-uc001uxu.1-uc010ace.1	0.999313069663	E
1	0.00068611164631	1.00069	ENSP00000253247-uc002jgd.1-uc010deu.1, ENSP00000265294-uc003mau.2-uc011dev.1, ENSP00000311429-uc002aqb.2-uc010bhv.2, ENSP00000470965-uc002tmb.2-uc010yyq.1	0.999314123674	E
1	0.000678910398456	1.00068	ENSP00000284690-uc001ljg.1-uc001lje.1, ENSP00000318131-uc002peq.3-uc002per.3, ENSP00000354957-uc004ahr.2-uc011lry.1, ENSP00000429286-uc003xun.2-uc003xum.2	0.999321320009	E
1	0.000676691623238	1.00068	ENSP00000196482-uc002qsw.1-uc002qsx.1, ENSP00000261632-uc001uni.2-uc010tcq.1, ENSP00000334153-uc003cay.2-uc010hes.2, ENSP00000394966-uc001cbh.1-uc001cbf.1	0.999323537281	E
1	0.000672256619544	1.00067	ENSP00000246505-uc010tjw.1-uc001vtf.2, ENSP00000340467-uc001wlj.2-uc001wlk.2, ENSP00000368102-uc001ilq.1-uc009xjb.1, ENSP00000406012-uc002cmb.2-uc002clz.2	0.999327969294	E
1	0.000664389829283	1.00066	ENSP00000256398-uc003xgo.3-uc011lat.1, ENSP00000300432-uc004bsu.2-uc011mao.1, ENSP00000347444-uc004axj.2-uc011luy.1, ENSP00000392775-uc003vbd.2-uc011klj.1	0.999335830829	E
1	0.000663744283829	1.00066	ENSP00000271588, ENSP00000312734-uc002alz.2-uc010uih.1, ENSP00000358605-uc001kzc.3-uc001kzb.2, ENSP00000434442-uc001ndt.2-uc010rhc.1	0.999336475946	E
1	0.000663218005027	1.00066	ENSP00000261819-uc001uag.2-uc010szv.1, ENSP00000300249-uc002kyg.2-uc010xcd.1, ENSP00000318131-uc002peq.3-uc002per.3, ENSP00000386181-uc002uln.2-uc010zfc.1	0.999337001875	E
1	0.000659115641977	1.00066	ENSP00000320043-uc003xry.2-uc011ldx.1, ENSP00000349748-uc001bys.2-uc001byr.2, ENSP00000354040-uc001ift.2-uc010qad.1, ENSP00000377389-uc001onw.2-uc001onz.2	0.999341101527	E
1	0.000658014463445	1.00066	ENSP00000218089, ENSP00000296473-uc003cxz.2-uc003cya.2, ENSP00000337008-uc001dnw.2-uc001dnx.2, ENSP00000418823-uc002ehr.2-uc002ehs.2	0.999342201981	E
1	0.000657422570364	1.00066	ENSP00000295119-uc002upf.2-uc010zfs.1, ENSP00000334490-uc002zrq.2-uc010gsa.2, ENSP00000336914-uc004asz.2-uc011luc.1, ENSP00000398401-uc003umc.2-uc003umd.2	0.999342793485	E
1	0.000655607027951	1.00066	ENSP00000251143-uc002dgn.1-uc002dgp.1, ENSP00000300737-uc001lyv.2-uc009yeg.2, ENSP00000340626, ENSP00000355299-uc001gqt.3-uc001gqu.3	0.999344607835	E
1	0.000655342758697	1.00066	ENSP00000246957-uc002cvt.3-uc010uxf.1, ENSP00000258733-uc003swb.2-uc011jyz.1, ENSP00000356713-uc003qho.2-uc011edm.1, ENSP00000423228-uc003jlg.1-uc003jlb.1	0.999344871931	E
1	0.000655342758697	1.00066	ENSP00000356966-uc001fze.2-uc009wue.2, ENSP00000365938-uc001vmt.2-uc001vms.2, ENSP00000368020-uc003kxo.2-uc003kxm.2, ENSP00000401514	0.999344871931	E
1	0.000655220258415	1.00066	ENSP00000338235-uc003yhz.2-uc010mbf.2, ENSP00000343002-uc010aaz.2-uc001uto.3, ENSP00000386609-uc002ftj.2-uc010vqq.1, ENSP00000435299-uc001lrv.2-uc001lrw.2	0.999344994352	E
1	0.000654102897202	1.00065	ENSP00000261819-uc001uag.2-uc010szv.1, ENSP00000340626, ENSP00000366502-uc010oag.1-uc001aqf.2, ENSP00000377389-uc001onw.2-uc001onz.2	0.999346110981	E
1	0.000652066378811	1.00065	ENSP00000287295-uc004evg.2-uc004evi.2, ENSP00000308018-uc003ziz.1-uc003zja.1, ENSP00000313885-uc002jnz.3-uc002job.3, ENSP00000378056-uc002blh.2-uc002bll.2	0.99934814617	E
1	0.000650763012293	1.00065	ENSP00000273179-uc003chg.2-uc003chh.2, ENSP00000317232-uc002hxv.2-uc002hxw.1, ENSP00000328236-uc001ucv.2-uc010taf.1, ENSP00000363506-uc002xcd.2-uc010zuz.1	0.999349448688	E
1	0.000650507657691	1.00065	ENSP00000246032-uc002wfw.3-uc010zpu.1, ENSP00000263634-uc002rxg.1-uc002rxf.1, ENSP00000318115-uc002olu.1-uc002olt.1, ENSP00000417601-uc003cfp.2-uc011axp.1	0.999349703877	E
1	0.000648004550432	1.00065	ENSP00000228280-uc001tav.2-uc009zsn.2, ENSP00000376733-uc003etv.2-uc011bnb.1, ENSP00000398401-uc003umc.2-uc003umd.2, ENSP00000411409-uc002cof.1-uc002coe.1	0.999352205359	E
1	0.000647555889426	1.00065	ENSP00000268489, ENSP00000295802-uc002spd.2-uc010fgf.2, ENSP00000330060-uc003cfc.1-uc010hfw.1, ENSP00000354040-uc001ift.2-uc010qad.1	0.99935265373	E
1	0.000641988182122	1.00064	ENSP00000234420-uc002rwd.3-uc010yoi.1, ENSP00000295119-uc002upf.2-uc010zfs.1, ENSP00000304592-uc002kdu.2-uc002kdv.1, ENSP00000386722-uc009ytl.2-uc001oth.3	0.999358217848	E
1	0.00064101779313	1.00064	ENSP00000245787-uc002tlk.2-uc010yye.1, ENSP00000305721-uc003pjl.1-uc011dyu.1, ENSP00000364028-uc001bek.2-uc001bei.2, ENSP00000467423-uc002mcg.2-uc010xiu.1	0.999359187615	E
1	0.000635405464032	1.00064	ENSP00000261413-uc003kbz.3-uc011csd.1, ENSP00000262213-uc003xyo.1-uc011lfc.1, ENSP00000345789-uc002lrz.2-uc002lsd.2, ENSP00000365637-uc001iru.3-uc001isa.1	0.999364796363	E
1	0.000630886979279	1.00063	ENSP00000296799-uc011csr.1-uc003kcz.3, ENSP00000307387-uc003cfx.2-uc011axw.1, ENSP00000318012-uc004bvu.3-uc011mbj.1, ENSP00000329748-uc001rls.1-uc001rlr.1	0.999369311988	E
1	0.000629658740767	1.00063	ENSP00000267484-uc001xen.1-uc001xek.1, ENSP00000349959-uc003jlp.2-uc010ivf.2, ENSP00000367893-uc001imk.2-uc010qbs.1, ENSP00000461672-uc002kal.1-uc002kai.1	0.999370539453	E
1	0.000629658740767	1.00063	ENSP00000245796-uc002tjc.2-uc002tjh.2, ENSP00000275954-uc004ddh.2-uc010ngs.2, ENSP00000344666, ENSP00000404684-uc003cui.2-uc003cuk.2	0.999370539453	E
1	0.000627012092034	1.00063	ENSP00000359364-uc002yeh.2-uc011aaq.1, ENSP00000381293-uc002iku.2-uc010wkf.1, ENSP00000386759, ENSP00000393762-uc003psu.2-uc003pst.3	0.999373184439	E
1	0.000624088314275	1.00062	ENSP00000261292-uc002ldv.2-uc010xdh.1, ENSP00000293350-uc002pnt.2-uc010yat.1, ENSP00000307023-uc002raf.1-uc010yjc.1, ENSP00000381008	0.999376106388	E
1	0.0006199735125	1.00062	ENSP00000332595-uc003ttz.2-uc003tub.2, ENSP00000373390, ENSP00000393596, ENSP00000462521-uc001enn.3-uc001enm.1	0.999380218631	E
1	0.000619231867875	1.00062	ENSP00000344214-uc001vna.2-uc010tij.1, ENSP00000358450-uc001ehg.2-uc001ehf.2, ENSP00000369773-uc003mux.2-uc011dhs.1, ENSP00000378086-uc001xip.2-uc001xis.2	0.999380959817	E
1	0.000618721356035	1.00062	ENSP00000246505-uc010tjw.1-uc001vtf.2, ENSP00000322343-uc004apr.2-uc004apu.2, ENSP00000396861-uc010jaf.1-uc003kga.2, ENSP00000453969-uc001zlh.3-uc010ucn.1	0.999381470013	E
1	0.000617751652085	1.00062	ENSP00000260453-uc002adr.2-uc010bfo.2, ENSP00000349174-uc003hwc.2-uc003hwa.1, ENSP00000358635-uc003pla.2-uc003pkz.2, ENSP00000428982-uc003pqe.2-uc003pqd.2	0.999382439117	E
1	0.000617144332413	1.00062	ENSP00000234256-uc010yqa.1-uc010ypz.1, ENSP00000343002-uc010aaz.2-uc001uto.3, ENSP00000434552, ENSP00000443442-uc001ria.2-uc001rif.1	0.999383046062	E
1	0.000612721782784	1.00061	ENSP00000346532-uc002orx.2-uc002ose.2, ENSP00000361178-uc004eof.1-uc004eog.1, ENSP00000407642-uc004fhc.2-uc004fhd.2, ENSP00000414558-uc001wgm.2-uc010tnb.1	0.999387465893	E
1	0.00061133304459	1.00061	ENSP00000341097, ENSP00000362884-uc001brw.2-uc001brx.2, ENSP00000386935-uc010ncb.2-uc004cla.3, ENSP00000449960-uc001sef.2-uc001see.2	0.999388853781	E
1	0.000609367787852	1.00061	ENSP00000264963-uc002swu.2-uc010yuw.1, ENSP00000278193-uc001mrl.2-uc009yii.2, ENSP00000317902-uc001pfp.1-uc001pfr.1, ENSP00000365637-uc001iru.3-uc001isa.1	0.999390817839	E
1	0.000608954036736	1.00061	ENSP00000253247-uc002jgd.1-uc010deu.1, ENSP00000267836-uc001zwj.3-uc001zwh.3, ENSP00000295802-uc002spd.2-uc010fgf.2, ENSP00000323591-uc002gst.2-uc010vxq.1	0.999391231338	E
1	0.000598667380023	1.0006	ENSP00000184956-uc002iyk.1-uc010ddk.1, ENSP00000256496-uc003bqg.2-uc011asy.1, ENSP00000261173-uc001tbh.2-uc009zsr.2, ENSP00000374359-uc003eiv.2-uc003eix.2	0.999401511786	E
1	0.000597030344163	1.0006	ENSP00000347427-uc010vsl.1-uc010vsp.1, ENSP00000352510-uc001ylw.1-uc010txx.1, ENSP00000360187, ENSP00000366460-uc001iqg.1-uc009xkc.1	0.999403147843	E
1	0.000593956355857	1.00059	ENSP00000256496-uc003bqg.2-uc011asy.1, ENSP00000360577-uc001cup.3-uc010onl.1, ENSP00000362824-uc004eaa.1-uc004ead.2, ENSP00000406571-uc003mds.3-uc003mdv.2	0.999406220001	E
1	0.000590695991588	1.00059	ENSP00000268489, ENSP00000356230-uc001gyo.1-uc001gym.1, ENSP00000387006-uc002unp.2-uc002uno.2, ENSP00000400175-uc003cwu.2-uc010hku.2	0.999409478435	E
1	0.000588817582277	1.00059	ENSP00000265870-uc001joi.2-uc010qiy.1, ENSP00000328023-uc001qdh.2-uc010sbm.1, ENSP00000342148-uc001dwn.2-uc009weu.2, ENSP00000419446-uc003xmr.2-uc003xms.2	0.999411355737	E
1	0.000582570134004	1.00058	ENSP00000344214-uc001vna.2-uc010tij.1, ENSP00000355929-uc001hjz.2-uc010ptq.1, ENSP00000360112-uc001dbs.1-uc010opb.1, ENSP00000409493	0.999417599527	E
1	0.000581770572759	1.00058	ENSP00000263960-uc002uuh.1-uc010fsl.1, ENSP00000365048-uc001vqr.2-uc010agj.2, ENSP00000400113-uc001mpi.2-uc001mpj.2, ENSP00000409493	0.999418398623	E
1	0.000581078704882	1.00058	ENSP00000239223-uc003mbv.1-uc011dez.1, ENSP00000263816, ENSP00000271688-uc001evz.2-uc009wmh.2, ENSP00000314132-uc002wbq.2-uc002wbr.2	0.999419090089	E
1	0.000580697882097	1.00058	ENSP00000258733-uc003swb.2-uc011jyz.1, ENSP00000334153-uc003cay.2-uc010hes.2, ENSP00000353533-uc003eil.2-uc011bkh.1, ENSP00000399501	0.99941947069	E
1	0.000574138512372	1.00057	ENSP00000246505-uc010tjw.1-uc001vtf.2, ENSP00000264122-uc003dwc.2-uc003dwa.2, ENSP00000279804-uc002dzw.2-uc002dzx.2, ENSP00000307275-uc001fjs.2-uc001fjr.2	0.999426026274	E
1	0.000573428893291	1.00057	ENSP00000262982-uc002xty.2-uc010ghy.2, ENSP00000274000-uc003iaj.3-uc003iak.3, ENSP00000360151-uc001kmp.2-uc001kmo.2, ENSP00000395653-uc002hbf.1-uc002hbg.1	0.999426735486	E
1	0.00056890934961	1.00057	ENSP00000269554-uc002hqs.2-uc010cvp.2, ENSP00000329748-uc001rls.1-uc001rlr.1, ENSP00000335652, ENSP00000386626-uc002tzd.3-uc010zch.1	0.999431252449	E
1	0.000565490614902	1.00057	ENSP00000298317-uc001qde.2-uc010sbl.1, ENSP00000391524-uc011arv.1-uc011aru.1, ENSP00000396861-uc010jaf.1-uc003kga.2, ENSP00000419475-uc003exk.2-uc003exj.1	0.999434669245	E
1	0.000565163774803	1.00057	ENSP00000259021-uc002ipm.2-uc010wmg.1, ENSP00000316426-uc002hqi.3-uc010cvn.1, ENSP00000362656-uc004bpc.2-uc010mws.2, ENSP00000368799-uc001uxu.1-uc010ace.1	0.9994349959	E
1	0.000564850504959	1.00057	ENSP00000253490-uc003mdk.2-uc010jjy.1, ENSP00000264501, ENSP00000324882-uc003vko.2-uc011kny.1, ENSP00000378438-uc002azq.3-uc002azr.3	0.999435308993	E
1	0.000563098849838	1.00056	ENSP00000291560-uc002zdi.2-uc011aey.1, ENSP00000355897-uc001hlm.2-uc001hlo.2, ENSP00000360151-uc001kmp.2-uc001kmo.2, ENSP00000368020-uc003kxo.2-uc003kxm.2	0.999437059661	E
1	0.000556500363282	1.00056	ENSP00000227752-uc001prv.2-uc010rxn.1, ENSP00000274000-uc003iaj.3-uc003iak.3, ENSP00000339016-uc001kez.1-uc010qmr.1, ENSP00000360151-uc001kmp.2-uc001kmo.2	0.999443654454	E
1	0.00055313184894	1.00055	ENSP00000261632-uc001uni.2-uc010tcq.1, ENSP00000298229-uc001osf.2-uc001osg.2, ENSP00000365200-uc001vpo.2-uc001vpp.2, ENSP00000386609-uc002ftj.2-uc010vqq.1	0.9994470211	E
1	0.000547753510046	1.00055	ENSP00000264720-uc002rjw.1-uc010eyy.1, ENSP00000364218-uc004aym.2-uc004ayk.2, ENSP00000379737-uc003swy.2-uc010kur.2, ENSP00000472749-uc010noz.2-uc004elo.3	0.99945239648	E
1	0.000546647389305	1.00055	ENSP00000263563-uc001jrd.3-uc001jre.3, ENSP00000324960-uc001olo.2-uc001oln.2, ENSP00000335652, ENSP00000363482-uc001jcu.2-uc001jcw.2	0.999453501995	E
1	0.000543851746179	1.00054	ENSP00000271657-uc001exr.2-uc010pcw.1, ENSP00000274000-uc003iaj.3-uc003iak.3, ENSP00000340467-uc001wlj.2-uc001wlk.2, ENSP00000382213	0.999456296114	E
1	0.00054318311496	1.00054	ENSP00000248054-uc002nez.1-uc010eaj.1, ENSP00000376733-uc003etv.2-uc011bnb.1, ENSP00000400175-uc003cwu.2-uc010hku.2, ENSP00000402515	0.999456964382	E
1	0.000537521589575	1.00054	ENSP00000216129-uc003bdq.2-uc003bdp.2, ENSP00000239007-uc001kza.2-uc009xxu.2, ENSP00000387261-uc002lbp.3-uc002lbq.3, ENSP00000419098-uc004cdd.2-uc004cdc.2	0.999462622849	E
1	0.0005313921369	1.00053	ENSP00000265294-uc003mau.2-uc011dev.1, ENSP00000301924-uc003xfl.1-uc010lup.1, ENSP00000312066-uc002jqk.1-uc002jqj.1, ENSP00000452037-uc001xoq.3-uc010arv.2	0.999468749027	E
1	0.000525288934088	1.00053	ENSP00000265000-uc003isz.3-uc011ckb.1, ENSP00000308622-uc004bvj.2-uc010myd.2, ENSP00000363558-uc010qfc.1-uc010qfd.1, ENSP00000423228-uc003jlg.1-uc003jlb.1	0.999474849006	E
1	0.000524786730271	1.00052	ENSP00000264720-uc002rjw.1-uc010eyy.1, ENSP00000310447-uc001slj.2-uc009zot.2, ENSP00000313007-uc003yjs.1-uc011lhd.1, ENSP00000382213	0.999475350946	E
1	0.000522843429847	1.00052	ENSP00000216129-uc003bdq.2-uc003bdp.2, ENSP00000319726-uc001odu.3-uc009yqj.2, ENSP00000333667-uc001snf.1-uc010srj.1, ENSP00000445943	0.999477293229	E
1	0.000521151029354	1.00052	ENSP00000258796-uc003smp.2-uc010ksn.2, ENSP00000260453-uc002adr.2-uc010bfo.2, ENSP00000313953-uc002rom.2-uc002ron.2, ENSP00000362884-uc001brw.2-uc001brx.2	0.999478984746	E
1	0.000520340349307	1.00052	ENSP00000238823-uc002rpa.1-uc010ynd.1, ENSP00000362649-uc001bvb.1-uc010ohf.1, ENSP00000417601-uc003cfp.2-uc011axp.1, ENSP00000434359-uc003yzs.2-uc003yzr.2	0.999479795004	E
1	0.000511381452331	1.00051	ENSP00000255499-uc004eml.2-uc004emk.2, ENSP00000340766-uc001gqg.2-uc001gqf.2, ENSP00000379154-uc001jap.1-uc001jao.1, ENSP00000410051-uc010seh.1-uc010sei.1	0.999488749281	E
1	0.000507090054947	1.00051	ENSP00000046794-uc003man.1-uc011des.1, ENSP00000263563-uc001jrd.3-uc001jre.3, ENSP00000376799-uc001pkh.2-uc010rvx.1, ENSP00000461108-uc002qis.3-uc002qiw.2	0.999493038493	E
1	0.00050365016024	1.0005	ENSP00000272638-uc002tur.2-uc002tut.2, ENSP00000349708-uc001byh.2-uc010oht.1, ENSP00000364101-uc004duh.1-uc004dui.3, ENSP00000418754-uc011dve.1-uc010jyj.1	0.99949647665	E
1	0.000500684616733	1.0005	ENSP00000259608-uc003zxe.1-uc003zxf.1, ENSP00000301831-uc003ckv.3-uc003cku.3, ENSP00000329748-uc001rls.1-uc001rlr.1, ENSP00000338457-uc003acl.2-uc003ach.2	0.999499440705	E
1	0.000498735656543	1.0005	ENSP00000240651-uc001rew.2-uc009zir.2, ENSP00000264963-uc002swu.2-uc010yuw.1, ENSP00000282003-uc001vkw.1-uc010afc.2, ENSP00000399501	0.999501388691	E
1	0.000497451464842	1.0005	ENSP00000230859-uc003jdx.1-uc010itl.1, ENSP00000308032-uc002opw.2-uc010xvx.1, ENSP00000340062, ENSP00000356940-uc003qdf.2-uc003qde.2	0.999502672244	E
1	0.000492213900382	1.00049	ENSP00000266481-uc001rlf.2-uc010ski.1, ENSP00000349428-uc002lpp.2-uc002lps.2, ENSP00000354966-uc002xuv.1-uc010gid.2, ENSP00000357047-uc003qcs.1-uc003qcr.1	0.999507907217	E
1	0.000487156920694	1.00049	ENSP00000265565-uc003crh.1-uc003crg.2, ENSP00000288988-uc002rnr.2-uc002rnq.2, ENSP00000313007-uc003yjs.1-uc011lhd.1, ENSP00000356607-uc001glz.2-uc010pnb.1	0.999512961721	E
1	0.00048199398803	1.00048	ENSP00000269217-uc002kus.3-uc002kut.3, ENSP00000303279-uc001hmc.2-uc001hmd.2, ENSP00000330470-uc003akk.2-uc003aki.2, ENSP00000362136-uc001cby.2-uc001cbz.2	0.999518122152	E
1	0.00048176999057	1.00048	ENSP00000352510-uc001ylw.1-uc010txx.1, ENSP00000358605-uc001kzc.3-uc001kzb.2, ENSP00000360199, ENSP00000360202	0.999518346042	E
1	0.000480810361428	1.00048	ENSP00000255759-uc002dec.1-uc002ded.1, ENSP00000282003-uc001vkw.1-uc010afc.2, ENSP00000313007-uc003yjs.1-uc011lhd.1, ENSP00000352798	0.999519305209	E
1	0.000477296182461	1.00048	ENSP00000264501, ENSP00000362082-uc003orn.2-uc011duk.1, ENSP00000370074-uc003mug.2-uc003muf.2, ENSP00000385839-uc001snt.2-uc009zpn.1	0.999522817705	E
1	0.000472654202966	1.00047	ENSP00000231338-uc003jin.2-uc003jio.2, ENSP00000284878-uc002yki.2-uc002ykj.1, ENSP00000355499-uc001hzw.2-uc001hzx.2, ENSP00000471888-uc010vhz.1-uc010vhw.1	0.99952745748	E
1	0.000472072781945	1.00047	ENSP00000253247-uc002jgd.1-uc010deu.1, ENSP00000307491-uc003cit.2-uc003ciu.2, ENSP00000357307-uc001fmg.2-uc010pgq.1, ENSP00000384338-uc002twh.2-uc010zbn.1	0.999528038627	E
1	0.000471657222104	1.00047	ENSP00000263960-uc002uuh.1-uc010fsl.1, ENSP00000296799-uc011csr.1-uc003kcz.3, ENSP00000299638-uc002aet.3-uc002aeu.3, ENSP00000351631-uc001pfn.2-uc001pfm.2	0.999528453991	E
1	0.000460367804178	1.00046	ENSP00000257548-uc010sxi.1-uc001tnw.3, ENSP00000270570-uc002gvy.1-uc010cqp.1, ENSP00000303153-uc003yvd.2-uc011ljo.1, ENSP00000362718-uc003onc.1-uc003ond.1	0.999539738149	E
1	0.000457536010699	1.00046	ENSP00000240651-uc001rew.2-uc009zir.2, ENSP00000262809-uc002njh.2-uc002njg.2, ENSP00000423228-uc003jlg.1-uc003jlb.1, ENSP00000470710-uc011myk.1-uc004fgx.2	0.999542568643	E
1	0.000456437753279	1.00046	ENSP00000223061-uc003uvo.2-uc003uvp.1, ENSP00000255499-uc004eml.2-uc004emk.2, ENSP00000373783-uc003xdh.1-uc010lty.1, ENSP00000378086-uc001xip.2-uc001xis.2	0.999543666399	E
1	0.00045511533221	1.00046	ENSP00000223357-uc003tkb.2-uc003tkd.2, ENSP00000271588, ENSP00000417601-uc003cfp.2-uc011axp.1, ENSP00000471656-uc001qsi.2-uc010sfw.1	0.999544988217	E
1	0.000453435780797	1.00045	ENSP00000207457-uc001bzr.2-uc001bzs.2, ENSP00000359819-uc004eyb.2-uc010nrv.2, ENSP00000386810-uc010ywk.1-uc010ywl.1, ENSP00000400065-uc003afi.2-uc011ako.1	0.999546667006	E
1	0.000452236449492	1.00045	ENSP00000281142-uc003igp.2-uc003igo.2, ENSP00000337358-uc002zmf.2-uc002zme.2, ENSP00000367263, ENSP00000470141-uc004dmb.3-uc004dmc.3	0.999547865794	E
1	0.000451112399159	1.00045	ENSP00000291560-uc002zdi.2-uc011aey.1, ENSP00000319726-uc001odu.3-uc009yqj.2, ENSP00000321853-uc002ftk.1-uc010vqr.1, ENSP00000386759	0.999548989337	E
1	0.00044914815798	1.00045	ENSP00000290810-uc002eqf.2-uc002eqg.2, ENSP00000346065-uc003oyj.2-uc010jze.2, ENSP00000369871-uc003znk.2-uc011lmz.1, ENSP00000414786-uc003yen.2-uc003yeo.2	0.999550952694	E
1	0.000443464328051	1.00044	ENSP00000261413-uc003kbz.3-uc011csd.1, ENSP00000328103-uc003ala.1-uc003akx.1, ENSP00000362580-uc010ohm.1-uc010ohn.1, ENSP00000472749-uc010noz.2-uc004elo.3	0.999556633988	E
1	0.000441627743919	1.00044	ENSP00000278903-uc001qca.2-uc010sbf.1, ENSP00000335560-uc009zpy.2-uc001spb.2, ENSP00000356713-uc003qho.2-uc011edm.1, ENSP00000368799-uc001uxu.1-uc010ace.1	0.999558469759	E
1	0.00044141868816	1.00044	ENSP00000202556-uc001yof.1-uc010awv.1, ENSP00000290810-uc002eqf.2-uc002eqg.2, ENSP00000302728-uc003tun.2-uc011kdt.1, ENSP00000359245	0.999558678723	E
1	0.000438741736762	1.00044	ENSP00000265000-uc003isz.3-uc011ckb.1, ENSP00000345789-uc002lrz.2-uc002lsd.2, ENSP00000429286-uc003xun.2-uc003xum.2, ENSP00000436901-uc001odm.2-uc010roe.1	0.999561354496	E
1	0.000438194641578	1.00044	ENSP00000305922-uc001czi.3-uc001czm.3, ENSP00000318115-uc002olu.1-uc002olt.1, ENSP00000336750-uc002rli.1-uc010ezh.1, ENSP00000380651-uc001vnn.1-uc001vnm.1	0.999561901352	E
1	0.000436668940296	1.00044	ENSP00000247178-uc001xbx.1-uc001xbw.1, ENSP00000296595-uc003kjc.2-uc011ctx.1, ENSP00000352208-uc001kin.2-uc009xue.2, ENSP00000360577-uc001cup.3-uc010onl.1	0.999563426386	E
1	0.000433864394134	1.00043	ENSP00000240651-uc001rew.2-uc009zir.2, ENSP00000307387-uc003cfx.2-uc011axw.1, ENSP00000357507-uc001fei.2-uc001fef.1, ENSP00000385575-uc003hly.3-uc003hlx.1	0.999566229711	E
1	0.00043334913663	1.00043	ENSP00000261733-uc001tst.2-uc010syi.1, ENSP00000354560-uc001ggv.2-uc010plx.1, ENSP00000360151-uc001kmp.2-uc001kmo.2, ENSP00000379621-uc003ycn.2-uc003yco.2	0.999566744746	E
1	0.00043334913663	1.00043	ENSP00000259021-uc002ipm.2-uc010wmg.1, ENSP00000265872-uc001joo.2-uc010qjb.1, ENSP00000328236-uc001ucv.2-uc010taf.1, ENSP00000330361-uc003zfc.3-uc003zfd.2	0.999566744746	E
1	0.0004304096418	1.00043	ENSP00000297044-uc003spt.2-uc011jws.1, ENSP00000361355-uc001kbl.2-uc001kbo.3, ENSP00000363506-uc002xcd.2-uc010zuz.1, ENSP00000367030-uc001iop.2-uc001ior.2	0.999569682971	E
1	0.000430119409269	1.00043	ENSP00000251582-uc003mjw.2-uc011dgm.1, ENSP00000395007-uc010lpi.2-uc003wfw.2, ENSP00000419879-uc002wls.2-uc010zqv.1, ENSP00000439628-uc002fuy.1-uc010ckc.1	0.999569973079	E
1	0.000429403319607	1.00043	ENSP00000358060-uc001euq.2-uc009wlt.2, ENSP00000359621-uc001dkp.2-uc001dko.2, ENSP00000362187-uc004bsx.1-uc004bsw.1, ENSP00000419231-uc003esl.2-uc011bmm.1	0.999570688861	E
1	0.000429403319607	1.00043	ENSP00000239906-uc003lcw.2-uc011cyr.1, ENSP00000326381-uc003fqs.2-uc003fqv.2, ENSP00000410051-uc010seh.1-uc010sei.1, ENSP00000419098-uc004cdd.2-uc004cdc.2	0.999570688861	E
1	0.000426823266571	1.00043	ENSP00000340507-uc003vuc.2-uc003vub.2, ENSP00000354897, ENSP00000366506-uc003mdc.3-uc003mdd.2, ENSP00000415057-uc010ukd.1-uc010bik.1	0.99957326781	E
1	0.000425850001606	1.00043	ENSP00000261798-uc003lqy.1-uc003lqu.2, ENSP00000279068-uc010gjy.1-uc010zzz.1, ENSP00000335321, ENSP00000384998-uc010zoj.1-uc002wan.1	0.99957424066	E
1	0.000425800153609	1.00043	ENSP00000266481-uc001rlf.2-uc010ski.1, ENSP00000316739-uc001bes.2-uc001ber.2, ENSP00000317382-uc001pdn.2-uc001pdm.2, ENSP00000439628-uc002fuy.1-uc010ckc.1	0.999574290486	E
1	0.000423104191931	1.00042	ENSP00000265846-uc003sjo.3-uc003sjm.3, ENSP00000290810-uc002eqf.2-uc002eqg.2, ENSP00000318884, ENSP00000339016-uc001kez.1-uc010qmr.1	0.999576985304	E
1	0.000422514793467	1.00042	ENSP00000310129-uc003fnn.1-uc011brk.1, ENSP00000339016-uc001kez.1-uc010qmr.1, ENSP00000376250-uc003fsv.2-uc003fsw.2, ENSP00000386722-uc009ytl.2-uc001oth.3	0.999577574453	E
1	0.000414771662947	1.00041	ENSP00000256339-uc001ybs.1-uc001ybv.1, ENSP00000352645-uc003tvn.2-uc011kef.1, ENSP00000441285-uc001gee.2-uc010plh.1, ENSP00000467437-uc002jwj.2-uc002jwl.2	0.999585314343	E
1	0.000414239063085	1.00041	ENSP00000279263-uc001oct.2-uc010rny.1, ENSP00000307432-uc003dna.3-uc010hob.2, ENSP00000313382-uc003pfs.2-uc010kap.2, ENSP00000376333-uc002joh.2-uc010wsd.1	0.999585846722	E
1	0.000411213072085	1.00041	ENSP00000257527-uc003lwz.2-uc003lwy.2, ENSP00000281924-uc002ttx.2-uc002tty.2, ENSP00000287295-uc004evg.2-uc004evi.2, ENSP00000315118-uc002oor.2-uc002ooq.1	0.999588871464	E
1	0.000411064905788	1.00041	ENSP00000256079-uc001rjd.2-uc001rje.1, ENSP00000263440-uc010oow.1-uc001daz.2, ENSP00000310447-uc001slj.2-uc009zot.2, ENSP00000330470-uc003akk.2-uc003aki.2	0.99958901957	E
1	0.000410060625118	1.00041	ENSP00000300738-uc001lyw.3-uc010qyd.1, ENSP00000304898-uc002vot.2-uc002vox.2, ENSP00000339314-uc002zxs.2-uc002zxr.1, ENSP00000351635-uc002abr.1-uc002abs.1	0.999590023438	E
1	0.000407432085145	1.00041	ENSP00000239007-uc001kza.2-uc009xxu.2, ENSP00000281142-uc003igp.2-uc003igo.2, ENSP00000336775-uc002bup.2-uc002buq.2, ENSP00000387261-uc002lbp.3-uc002lbq.3	0.999592650904	E
1	0.000406310194026	1.00041	ENSP00000260453-uc002adr.2-uc010bfo.2, ENSP00000343027-uc003uhb.1-uc011kgt.1, ENSP00000360151-uc001kmp.2-uc001kmo.2, ENSP00000361178-uc004eof.1-uc004eog.1	0.999593772339	E
1	0.000405000232648	1.00041	ENSP00000334490-uc002zrq.2-uc010gsa.2, ENSP00000370196-uc003blh.2-uc003blf.2, ENSP00000407843-uc001skp.3-uc001skq.3, ENSP00000469947-uc001qsl.2-uc009zfr.2	0.999595081769	E
1	0.00040488127049	1.0004	ENSP00000260600-uc002rfs.3-uc002rfr.3, ENSP00000345731-uc003fxn.3-uc011bud.1, ENSP00000355809-uc001hpc.1-uc001hpd.1, ENSP00000368503-uc003iqa.2-uc010iqp.1	0.999595200683	E
1	0.000401713839486	1.0004	ENSP00000327009-uc002rmv.2-uc002rmw.2, ENSP00000357336-uc001fkj.2-uc001fks.2, ENSP00000380025-uc002vhp.1-uc010zjz.1, ENSP00000423228-uc003jlg.1-uc003jlb.1	0.999598366837	E
1	0.000397189883224	1.0004	ENSP00000220751-uc003yee.2-uc003yef.2, ENSP00000233146-uc002rvy.1-uc010fbg.2, ENSP00000337008-uc001dnw.2-uc001dnx.2, ENSP00000432332-uc001oxx.2-uc001oya.2	0.999602888986	E
1	0.000396202799034	1.0004	ENSP00000303423-uc003xps.2-uc003xpu.2, ENSP00000357336-uc001fkj.2-uc001fks.2, ENSP00000385030-uc002rgu.2-uc010ykr.1, ENSP00000463536-uc001eum.3-uc010pca.1	0.999603875679	E
1	0.000393784291188	1.00039	ENSP00000202556-uc001yof.1-uc010awv.1, ENSP00000248248-uc002fez.2-uc010vng.1, ENSP00000362344-uc004bsg.1-uc004bsi.1, ENSP00000369695-uc003zoe.2-uc011lnf.1	0.999606293232	E
1	0.000393401609305	1.00039	ENSP00000222145-uc002pki.2-uc002pkh.2, ENSP00000260506-uc001dpw.2-uc010otl.1, ENSP00000288988-uc002rnr.2-uc002rnq.2, ENSP00000318318-uc002azc.1-uc010ulx.1	0.999606675763	E
1	0.000391794384448	1.00039	ENSP00000271663-uc001exi.2-uc010pcv.1, ENSP00000295119-uc002upf.2-uc010zfs.1, ENSP00000381693-uc001jve.2-uc009xrn.1, ENSP00000407843-uc001skp.3-uc001skq.3	0.999608282357	E
1	0.000389718448612	1.00039	ENSP00000244669-uc003opl.2-uc010jxf.2, ENSP00000261844-uc002acg.3-uc002acf.3, ENSP00000321636-uc002gsx.1-uc010cpz.1, ENSP00000340693-uc003dts.2-uc003dtu.2	0.999610357482	E
1	0.000382737663707	1.00038	ENSP00000351126-uc003kod.3-uc003kof.2, ENSP00000358335-uc003pnz.1-uc003pny.1, ENSP00000365851-uc001irh.2-uc009xkg.2, ENSP00000459424-uc003udy.2-uc003uea.2	0.999617335571	E
1	0.000379001905996	1.00038	ENSP00000223061-uc003uvo.2-uc003uvp.1, ENSP00000323811-uc003caf.2-uc010hep.2, ENSP00000362369-uc002xjo.1-uc010zwe.1, ENSP00000433388-uc003dcn.2-uc010hly.2	0.999621069906	E
1	0.00037526751864	1.00038	ENSP00000257527-uc003lwz.2-uc003lwy.2, ENSP00000269571-uc002hso.2-uc010wek.1, ENSP00000355623-uc001hub.2-uc009xfh.1, ENSP00000360186	0.999624802885	E
1	0.000371701742529	1.00037	ENSP00000238714-uc002sai.2-uc010fch.2, ENSP00000257829-uc001mvk.2-uc010ren.1, ENSP00000353533-uc003eil.2-uc011bkh.1, ENSP00000360187	0.99962836733	E
1	0.000370436504644	1.00037	ENSP00000244669-uc003opl.2-uc010jxf.2, ENSP00000354360-uc004caa.1-uc010mze.1, ENSP00000354560-uc001ggv.2-uc010plx.1, ENSP00000357110-uc003qch.2-uc003qcd.1	0.999629632098	E
1	0.000366011104172	1.00037	ENSP00000322532-uc001oic.3-uc001oid.3, ENSP00000345895-uc003bfr.2-uc011aqn.1, ENSP00000377954-uc003lnx.1-uc011dbq.1, ENSP00000387006-uc002unp.2-uc002uno.2	0.99963405587	E
1	0.000365743902637	1.00037	ENSP00000230901-uc003lcg.2-uc011cyl.1, ENSP00000288502-uc004bjd.3-uc004bjf.3, ENSP00000358813-uc003pjc.2-uc003pjb.3, ENSP00000406012-uc002cmb.2-uc002clz.2	0.999634322974	E
1	0.00036573933256	1.00037	ENSP00000225573-uc002imo.2-uc010wla.1, ENSP00000293677-uc002moa.2-uc002mnz.2, ENSP00000353458-uc001wsk.2-uc001wsl.2, ENSP00000396861-uc010jaf.1-uc003kga.2	0.999634327542	E
1	0.000364876830583	1.00036	ENSP00000273512-uc003fig.2-uc011bpy.1, ENSP00000284548, ENSP00000297029-uc003ssn.3-uc003sso.3, ENSP00000419475-uc003exk.2-uc003exj.1	0.999635189729	E
1	0.000363599221539	1.00036	ENSP00000299853-uc002dkk.2-uc010vbt.1, ENSP00000318921-uc002ueg.2-uc002uej.2, ENSP00000347005-uc003vux.2-uc011kqs.1, ENSP00000376534-uc002uao.2-uc002uap.2	0.999636466873	E
1	0.000361751367304	1.00036	ENSP00000207457-uc001bzr.2-uc001bzs.2, ENSP00000253247-uc002jgd.1-uc010deu.1, ENSP00000259569-uc003zjr.2-uc003zjs.2, ENSP00000386626-uc002tzd.3-uc010zch.1	0.999638314057	E
1	0.000357121888885	1.00036	ENSP00000239906-uc003lcw.2-uc011cyr.1, ENSP00000281471-uc001rkq.3-uc009zjs.2, ENSP00000329419-uc003etf.3-uc011bmv.1, ENSP00000336750-uc002rli.1-uc010ezh.1	0.999642941872	E
1	0.000347696240369	1.00035	ENSP00000254722-uc002ftl.2-uc010cjw.2, ENSP00000324882-uc003vko.2-uc011kny.1, ENSP00000363894-uc004bci.2-uc004bcj.1, ENSP00000413507-uc011kav.1-uc003tey.2	0.999652364199	E
1	0.000343869194207	1.00034	ENSP00000260570-uc002rku.2-uc010ezb.2, ENSP00000272638-uc002tur.2-uc002tut.2, ENSP00000328287-uc003cxh.2-uc003cxi.2, ENSP00000435299-uc001lrv.2-uc001lrw.2	0.999656189922	E
1	0.000342985815731	1.00034	ENSP00000316426-uc002hqi.3-uc010cvn.1, ENSP00000316578-uc002hgs.2-uc002hgt.2, ENSP00000370658-uc001riq.2-uc009zjl.2, ENSP00000461672-uc002kal.1-uc002kai.1	0.999657072997	E
1	0.000342302528981	1.00034	ENSP00000263816, ENSP00000330361-uc003zfc.3-uc003zfd.2, ENSP00000352567-uc003pwt.2-uc003pwu.2, ENSP00000361818-uc002xnu.2-uc010zws.1	0.99965775605	E
1	0.000342263705155	1.00034	ENSP00000261047-uc003dxj.2-uc003dxk.2, ENSP00000324842-uc001uhc.2-uc009zyh.2, ENSP00000345498-uc001dyb.1-uc001dye.1, ENSP00000369538-uc001iil.3-uc001iim.3	0.99965779486	E
1	0.000339182459811	1.00034	ENSP00000296595-uc003kjc.2-uc011ctx.1, ENSP00000320794, ENSP00000373206-uc003dnl.2-uc003dnj.2, ENSP00000397552-uc003fjw.2-uc003fjx.2	0.999660875056	E
1	0.000338243034603	1.00034	ENSP00000271227-uc001dqv.3-uc010ott.1, ENSP00000384582, ENSP00000407642-uc004fhc.2-uc004fhd.2, ENSP00000423485-uc010jgh.2-uc003lmh.3	0.999661814163	E
1	0.000337927222252	1.00034	ENSP00000284503-uc003wue.2-uc003wuf.2, ENSP00000287295-uc004evg.2-uc004evi.2, ENSP00000346643-uc001jpf.3-uc009xqb.2, ENSP00000364101-uc004duh.1-uc004dui.3	0.999662129869	E
1	0.000336299741647	1.00034	ENSP00000219689-uc002dll.2-uc002dlk.2, ENSP00000264346-uc011cdi.1-uc011cdl.1, ENSP00000303423-uc003xps.2-uc003xpu.2, ENSP00000384797	0.999663756801	E
1	0.00033379410021	1.00033	ENSP00000238823-uc002rpa.1-uc010ynd.1, ENSP00000317382-uc001pdn.2-uc001pdm.2, ENSP00000349629, ENSP00000457258-uc002ejb.2-uc002ejc.2	0.999666261603	E
1	0.000327344498675	1.00033	ENSP00000244020-uc010zwg.1-uc002xki.2, ENSP00000320485, ENSP00000326604-uc003wmw.3-uc003wmv.3, ENSP00000362608-uc003onk.2-uc011dtw.1	0.999672709073	E
1	0.0003270180678	1.00033	ENSP00000264094-uc002smp.1-uc002smo.1, ENSP00000318176-uc002umf.2-uc002umd.2, ENSP00000352567-uc003pwt.2-uc003pwu.2, ENSP00000380891	0.999673035397	E
1	0.000324378093543	1.00032	ENSP00000264350-uc003hrt.2-uc011cdm.1, ENSP00000369519-uc003zph.2-uc011lnl.1, ENSP00000387261-uc002lbp.3-uc002lbq.3, ENSP00000401980-uc002wjw.3-uc002wjy.3	0.999675674511	E
1	0.00031898247607	1.00032	ENSP00000263563-uc001jrd.3-uc001jre.3, ENSP00000311997, ENSP00000313007-uc003yjs.1-uc011lhd.1, ENSP00000434359-uc003yzs.2-uc003yzr.2	0.999681068393	E
1	0.000317279391214	1.00032	ENSP00000247956-uc002mku.2-uc002mkw.2, ENSP00000261475-uc001wss.2-uc001wst.2, ENSP00000389998-uc011lgk.1-uc011lgl.1, ENSP00000417509-uc003die.3-uc003dib.3	0.999682770937	E
1	0.000315032648239	1.00032	ENSP00000251582-uc003mjw.2-uc011dgm.1, ENSP00000260506-uc001dpw.2-uc010otl.1, ENSP00000331504-uc002bpv.2-uc002bpy.2, ENSP00000454657-uc001wsy.1-uc001wtc.1	0.999685016969	E
1	0.00031375323182	1.00031	ENSP00000358450-uc001ehg.2-uc001ehf.2, ENSP00000400717-uc002jfc.2-uc010wqh.1, ENSP00000420721, ENSP00000452037-uc001xoq.3-uc010arv.2	0.999686295984	E
1	0.000313706341049	1.00031	ENSP00000301475-uc010dwg.1-uc010xkh.1, ENSP00000361355-uc001kbl.2-uc001kbo.3, ENSP00000363558-uc010qfc.1-uc010qfd.1, ENSP00000407642-uc004fhc.2-uc004fhd.2	0.99968634286	E
1	0.000312627834119	1.00031	ENSP00000284503-uc003wue.2-uc003wuf.2, ENSP00000301831-uc003ckv.3-uc003cku.3, ENSP00000338258-uc002jjo.2-uc002jjp.1, ENSP00000412394	0.999687421029	E
1	0.000310971264271	1.00031	ENSP00000306920-uc003cfi.1-uc003cfj.1, ENSP00000368884-uc004czu.2-uc011mjk.1, ENSP00000375936-uc002vkw.1-uc002vky.2, ENSP00000410083-uc001tdz.2-uc009ztb.1	0.999689077082	E
1	0.000310954111993	1.00031	ENSP00000264963-uc002swu.2-uc010yuw.1, ENSP00000361625-uc004bxc.2-uc004bxf.2, ENSP00000458290-uc002klh.3-uc010dkj.2, ENSP00000467207-uc002lxy.2-uc010dtl.1	0.999689094229	E
1	0.000310708050077	1.00031	ENSP00000285518-uc003wqo.2-uc011kwm.1, ENSP00000290231-uc002xre.2-uc002xrc.2, ENSP00000363558-uc010qfc.1-uc010qfd.1, ENSP00000368800-uc010cdu.2-uc002ept.2	0.999689340215	E
1	0.000310642085642	1.00031	ENSP00000260803-uc003erv.2-uc003ert.2, ENSP00000265395-uc003szf.2-uc003szh.2, ENSP00000349174-uc003hwc.2-uc003hwa.1, ENSP00000367868-uc001imo.3-uc001imn.2	0.999689406159	E
1	0.000310361409441	1.00031	ENSP00000345895-uc003bfr.2-uc011aqn.1, ENSP00000363894-uc004bci.2-uc004bcj.1, ENSP00000368799-uc001uxu.1-uc010ace.1, ENSP00000417509-uc003die.3-uc003dib.3	0.999689686748	E
1	0.00030792538873	1.00031	ENSP00000336914-uc004asz.2-uc011luc.1, ENSP00000401514, ENSP00000415034-uc003cqp.2-uc010hjo.1, ENSP00000440045-uc001tqk.3-uc009zvn.2	0.999692122015	E
1	0.000307786994546	1.00031	ENSP00000354966-uc002xuv.1-uc010gid.2, ENSP00000356713-uc003qho.2-uc011edm.1, ENSP00000362082-uc003orn.2-uc011duk.1, ENSP00000411032-uc002oyg.1-uc010ejd.2	0.999692260367	E
1	0.000307033145657	1.00031	ENSP00000310170-uc001ogg.1-uc010ros.1, ENSP00000331879-uc001mqb.2-uc010rdn.1, ENSP00000353114, ENSP00000390121-uc002jbv.2-uc010wps.1	0.999693013984	E
1	0.00030554381536	1.00031	ENSP00000294179-uc001nvh.2-uc010rmi.1, ENSP00000295802-uc002spd.2-uc010fgf.2, ENSP00000303279-uc001hmc.2-uc001hmd.2, ENSP00000387006-uc002unp.2-uc002uno.2	0.999694502858	E
1	0.000303903058614	1.0003	ENSP00000259021-uc002ipm.2-uc010wmg.1, ENSP00000317382-uc001pdn.2-uc001pdm.2, ENSP00000327009-uc002rmv.2-uc002rmw.2, ENSP00000415057-uc010ukd.1-uc010bik.1	0.999696143115	E
1	0.000303874098831	1.0003	ENSP00000207457-uc001bzr.2-uc001bzs.2, ENSP00000261173-uc001tbh.2-uc009zsr.2, ENSP00000337358-uc002zmf.2-uc002zme.2, ENSP00000378736-uc003tus.2-uc003tuu.2	0.999696172066	E
1	0.000303674726402	1.0003	ENSP00000331879-uc001mqb.2-uc010rdn.1, ENSP00000366522-uc003zds.1-uc011llk.1, ENSP00000368102-uc001ilq.1-uc009xjb.1, ENSP00000381293-uc002iku.2-uc010wkf.1	0.999696371378	E
1	0.000302559805665	1.0003	ENSP00000282308-uc002qqu.2-uc010euj.2, ENSP00000383411-uc002yju.1-uc010gky.1, ENSP00000386722-uc009ytl.2-uc001oth.3, ENSP00000407193-uc002jhc.2-uc002jhb.1	0.999697485961	E
1	0.000300828716827	1.0003	ENSP00000174653-uc003xoo.2-uc010lxe.2, ENSP00000358262-uc001epm.3-uc009wji.2, ENSP00000369009-uc004czp.2-uc004czn.3, ENSP00000369274-uc004cyv.3-uc004cyu.3	0.999699216528	E
1	0.000298721274753	1.0003	ENSP00000310170-uc001ogg.1-uc010ros.1, ENSP00000341489-uc002nah.1-uc002nai.1, ENSP00000356591-uc001gml.2-uc010pnk.1, ENSP00000394902-uc001lei.1-uc010qtb.1	0.999701323338	E
1	0.000297744475544	1.0003	ENSP00000262207-uc003yan.2-uc011lfl.1, ENSP00000354560-uc001ggv.2-uc010plx.1, ENSP00000366084-uc001vmd.3-uc010afj.2, ENSP00000419879-uc002wls.2-uc010zqv.1	0.999702299846	E
1	0.000297303793954	1.0003	ENSP00000295373-uc002rrf.2-uc002rrd.3, ENSP00000323302-uc001tbc.2-uc009zsq.2, ENSP00000368079-uc003iyw.3-uc010ism.2, ENSP00000386181-uc002uln.2-uc010zfc.1	0.999702740396	E
1	0.000297303793954	1.0003	ENSP00000225573-uc002imo.2-uc010wla.1, ENSP00000285381-uc003ydj.2-uc011lfv.1, ENSP00000315768-uc001slc.2-uc001slb.2, ENSP00000361625-uc004bxc.2-uc004bxf.2	0.999702740396	E
1	0.000296378842757	1.0003	ENSP00000253247-uc002jgd.1-uc010deu.1, ENSP00000318557-uc002euz.2-uc010vkh.1, ENSP00000358450-uc001ehg.2-uc001ehf.2, ENSP00000407843-uc001skp.3-uc001skq.3	0.999703665073	E
1	0.000296378842757	1.0003	ENSP00000355330-uc002xhr.2-uc010zvx.1, ENSP00000355929-uc001hjz.2-uc010ptq.1, ENSP00000360187, ENSP00000382924-uc002knq.2-uc002knt.2	0.999703665073	E
1	0.000295962940452	1.0003	ENSP00000223061-uc003uvo.2-uc003uvp.1, ENSP00000358694-uc001kyp.1-uc001kyq.1, ENSP00000362344-uc004bsg.1-uc004bsi.1, ENSP00000379625-uc011ayi.1-uc011ayk.1	0.999704080852	E
1	0.000294717706292	1.00029	ENSP00000193322-uc003psd.2-uc003pse.1, ENSP00000339016-uc001kez.1-uc010qmr.1, ENSP00000381031-uc003aet.2-uc003aey.2, ENSP00000453969-uc001zlh.3-uc010ucn.1	0.999705325719	E
1	0.000292919197943	1.00029	ENSP00000261632-uc001uni.2-uc010tcq.1, ENSP00000308622-uc004bvj.2-uc010myd.2, ENSP00000368020-uc003kxo.2-uc003kxm.2, ENSP00000406571-uc003mds.3-uc003mdv.2	0.999707123699	E
1	0.000292850898535	1.00029	ENSP00000265140-uc003kkr.3-uc003kks.2, ENSP00000265870-uc001joi.2-uc010qiy.1, ENSP00000266481-uc001rlf.2-uc010ski.1, ENSP00000300935-uc002ndn.3-uc002ndo.3	0.999707191978	E
1	0.000292441464659	1.00029	ENSP00000264346-uc011cdi.1-uc011cdl.1, ENSP00000268603-uc002eoi.2-uc010cdn.2, ENSP00000315118-uc002oor.2-uc002ooq.1, ENSP00000355827-uc001hoh.2-uc010pvc.1	0.999707601292	E
1	0.000288322749668	1.00029	ENSP00000245787-uc002tlk.2-uc010yye.1, ENSP00000387261-uc002lbp.3-uc002lbq.3, ENSP00000391524-uc011arv.1-uc011aru.1, ENSP00000474435-uc002hjr.2-uc010wcj.1	0.999711718811	E
1	0.000287649575253	1.00029	ENSP00000315118-uc002oor.2-uc002ooq.1, ENSP00000355050-uc010zvw.1-uc002xhj.2, ENSP00000381204-uc001pha.2-uc009yxc.2, ENSP00000438341-uc001tnj.2-uc010sxf.1	0.999712391792	E
1	0.000286629788482	1.00029	ENSP00000245206-uc002eof.1-uc010vim.1, ENSP00000261173-uc001tbh.2-uc009zsr.2, ENSP00000371811-uc001uof.2-uc010tct.1, ENSP00000376250-uc003fsv.2-uc003fsw.2	0.999713411286	E
1	0.000286046149469	1.00029	ENSP00000245796-uc002tjc.2-uc002tjh.2, ENSP00000334143-uc002vxx.3-uc002vxy.2, ENSP00000355330-uc002xhr.2-uc010zvx.1, ENSP00000357551-uc001lmg.1-uc001lmf.1	0.999713994758	E
1	0.000285615105852	1.00029	ENSP00000258145-uc001ssg.3-uc001ssf.2, ENSP00000277458-uc004byf.1-uc011mbt.1, ENSP00000316578-uc002hgs.2-uc002hgt.2, ENSP00000375936-uc002vkw.1-uc002vky.2	0.999714425678	E
1	0.000284585224531	1.00028	ENSP00000265348-uc003otq.2-uc010jyh.2, ENSP00000308622-uc004bvj.2-uc010myd.2, ENSP00000322242-uc001typ.3-uc001tyq.3, ENSP00000363894-uc004bci.2-uc004bcj.1	0.999715455266	E
1	0.000282597020227	1.00028	ENSP00000271227-uc001dqv.3-uc010ott.1, ENSP00000335321, ENSP00000367893-uc001imk.2-uc010qbs.1, ENSP00000378130-uc003hzr.3-uc003hzq.2	0.999717442907	E
1	0.000281221848559	1.00028	ENSP00000301831-uc003ckv.3-uc003cku.3, ENSP00000354958-uc001fjm.2-uc009wql.2, ENSP00000439856-uc002nei.1-uc010xpg.1, ENSP00000472749-uc010noz.2-uc004elo.3	0.999718817691	E
1	0.000280943328933	1.00028	ENSP00000202556-uc001yof.1-uc010awv.1, ENSP00000256496-uc003bqg.2-uc011asy.1, ENSP00000318884, ENSP00000356940-uc003qdf.2-uc003qde.2	0.999719096132	E
1	0.000280926832877	1.00028	ENSP00000230640-uc003jpy.3-uc011cqi.1, ENSP00000341154-uc001yno.2-uc001yns.2, ENSP00000371811-uc001uof.2-uc010tct.1, ENSP00000419475-uc003exk.2-uc003exj.1	0.999719112623	E
1	0.000280872502717	1.00028	ENSP00000203407-uc003cub.1-uc003cua.1, ENSP00000387982-uc002bkw.2-uc002bkx.2, ENSP00000419279-uc003vus.2-uc011kqq.1, ENSP00000441285-uc001gee.2-uc010plh.1	0.999719166938	E
1	0.000279371937714	1.00028	ENSP00000301887-uc001ocf.1-uc001oce.1, ENSP00000316578-uc002hgs.2-uc002hgt.2, ENSP00000362824-uc004eaa.1-uc004ead.2, ENSP00000471677-uc004dkn.2-uc011mmg.1	0.999720667083	E
1	0.000277819463495	1.00028	ENSP00000307275-uc001fjs.2-uc001fjr.2, ENSP00000318557-uc002euz.2-uc010vkh.1, ENSP00000354958-uc001fjm.2-uc009wql.2, ENSP00000374035-uc002iga.2-uc010wiv.1	0.999722219125	E
1	0.000277697822177	1.00028	ENSP00000265565-uc003crh.1-uc003crg.2, ENSP00000265651-uc001muz.2-uc010rej.1, ENSP00000393762-uc003psu.2-uc003pst.3, ENSP00000423228-uc003jlg.1-uc003jlb.1	0.999722340732	E
1	0.00027539997323	1.00028	ENSP00000258145-uc001ssg.3-uc001ssf.2, ENSP00000343273-uc003svs.3-uc011jyv.1, ENSP00000360199, ENSP00000386609-uc002ftj.2-uc010vqq.1	0.999724637946	E
1	0.000274590460833	1.00027	ENSP00000274000-uc003iaj.3-uc003iak.3, ENSP00000355330-uc002xhr.2-uc010zvx.1, ENSP00000358262-uc001epm.3-uc009wji.2, ENSP00000386722-uc009ytl.2-uc001oth.3	0.999725447236	E
1	0.000274382582209	1.00027	ENSP00000280700-uc003cdl.2-uc003cdk.2, ENSP00000295148-uc002rep.2-uc010eya.2, ENSP00000357307-uc001fmg.2-uc010pgq.1, ENSP00000401470-uc003azu.2-uc003azr.2	0.999725655057	E
1	0.000272245884067	1.00027	ENSP00000324842-uc001uhc.2-uc009zyh.2, ENSP00000382809-uc002yng.2-uc010glp.2, ENSP00000408342-uc002mkd.2-uc002mkc.2, ENSP00000436958-uc001pbl.2-uc001pbk.2	0.999727791171	E
1	0.000272020878796	1.00027	ENSP00000320485, ENSP00000326381-uc003fqs.2-uc003fqv.2, ENSP00000413851-uc002kud.2-uc002kub.2, ENSP00000441285-uc001gee.2-uc010plh.1	0.999728016116	E
1	0.000271435013675	1.00027	ENSP00000261798-uc003lqy.1-uc003lqu.2, ENSP00000262207-uc003yan.2-uc011lfl.1, ENSP00000329002-uc001fes.2-uc009wov.2, ENSP00000382034-uc003obw.2-uc010juc.1	0.999728601821	E
1	0.000270640896758	1.00027	ENSP00000219689-uc002dll.2-uc002dlk.2, ENSP00000291358-uc001bum.2-uc010ogz.1, ENSP00000308032-uc002opw.2-uc010xvx.1, ENSP00000410051-uc010seh.1-uc010sei.1	0.999729395723	E
1	0.000270544749627	1.00027	ENSP00000293677-uc002moa.2-uc002mnz.2, ENSP00000340507-uc003vuc.2-uc003vub.2, ENSP00000352510-uc001ylw.1-uc010txx.1, ENSP00000461672-uc002kal.1-uc002kai.1	0.999729491844	E
1	0.000264882888121	1.00026	ENSP00000046794-uc003man.1-uc011des.1, ENSP00000222145-uc002pki.2-uc002pkh.2, ENSP00000322242-uc001typ.3-uc001tyq.3, ENSP00000458290-uc002klh.3-uc010dkj.2	0.99973515219	E
1	0.00026366441582	1.00026	ENSP00000352288-uc003bkv.3-uc003bkt.1, ENSP00000371811-uc001uof.2-uc010tct.1, ENSP00000374359-uc003eiv.2-uc003eix.2, ENSP00000402301-uc003yia.2-uc010mbg.2	0.999736370341	E
1	0.000259503899152	1.00026	ENSP00000355499-uc001hzw.2-uc001hzx.2, ENSP00000362590-uc003onn.2-uc003onp.2, ENSP00000392775-uc003vbd.2-uc011klj.1, ENSP00000420780-uc003drf.2-uc010hop.2	0.999740529769	E
1	0.000258991847429	1.00026	ENSP00000318884, ENSP00000351631-uc001pfn.2-uc001pfm.2, ENSP00000367893-uc001imk.2-uc010qbs.1, ENSP00000471186-uc004fli.3-uc004flj.2	0.999741041688	E
1	0.000258345066839	1.00026	ENSP00000358918-uc001kvy.1-uc009xxe.1, ENSP00000364101-uc004duh.1-uc004dui.3, ENSP00000376178-uc001uio.2-uc001uip.2, ENSP00000380234-uc002fxc.1-uc010ckn.1	0.999741688301	E
1	0.000258325045006	1.00026	ENSP00000184956-uc002iyk.1-uc010ddk.1, ENSP00000255121-uc001coj.1-uc001coi.1, ENSP00000261191-uc001rhk.3-uc001rhj.3, ENSP00000299638-uc002aet.3-uc002aeu.3	0.999741708318	E
1	0.00025414670269	1.00025	ENSP00000285381-uc003ydj.2-uc011lfv.1, ENSP00000347416-uc002lva.2-uc010dsv.2, ENSP00000421552, ENSP00000436604-uc001tbd.2-uc001tbe.2	0.99974588559	E
1	0.000248504635116	1.00025	ENSP00000265140-uc003kkr.3-uc003kks.2, ENSP00000347665, ENSP00000362580-uc010ohm.1-uc010ohn.1, ENSP00000393835-uc010eci.2-uc002nog.2	0.99975152624	E
1	0.000247720095809	1.00025	ENSP00000160298-uc002mgv.3-uc002mgw.2, ENSP00000259021-uc002ipm.2-uc010wmg.1, ENSP00000361245-uc009vxk.2-uc001cmx.3, ENSP00000367815-uc002fhl.3-uc010vnw.1	0.999752310584	E
1	0.000246554324855	1.00025	ENSP00000216129-uc003bdq.2-uc003bdp.2, ENSP00000310841-uc002fjw.2-uc010vot.1, ENSP00000365757-uc001irl.3-uc010qcu.1, ENSP00000387982-uc002bkw.2-uc002bkx.2	0.999753476067	E
1	0.000245831723304	1.00025	ENSP00000256689-uc001rpg.2-uc010sli.1, ENSP00000265077, ENSP00000303696-uc002lwr.2-uc010xha.1, ENSP00000347532-uc009xyw.2-uc001lcy.3	0.999754198491	E
1	0.000244003793457	1.00024	ENSP00000262593-uc002xwy.2-uc010gin.2, ENSP00000264669-uc003jeb.2-uc003jec.2, ENSP00000351627-uc002ozp.3-uc002ozo.3, ENSP00000352447-uc001hfd.2-uc009xcb.1	0.999756025973	E
1	0.000243051264904	1.00024	ENSP00000284690-uc001ljg.1-uc001lje.1, ENSP00000290810-uc002eqf.2-uc002eqg.2, ENSP00000366299-uc002ign.2-uc010czu.2, ENSP00000417185-uc001afs.2-uc001afr.2	0.99975697827	E
1	0.000238919491149	1.00024	ENSP00000323811-uc003caf.2-uc010hep.2, ENSP00000324960-uc001olo.2-uc001oln.2, ENSP00000386626-uc002tzd.3-uc010zch.1, ENSP00000420793-uc002scl.2-uc010ypx.1	0.999761109048	E
1	0.000237724608346	1.00024	ENSP00000240651-uc001rew.2-uc009zir.2, ENSP00000332979-uc002yyw.2-uc010goo.2, ENSP00000335652, ENSP00000392775-uc003vbd.2-uc011klj.1	0.999762303646	E
1	0.00023612750125	1.00024	ENSP00000257287-uc003hbi.2-uc003hbj.2, ENSP00000300738-uc001lyw.3-uc010qyd.1, ENSP00000355050-uc010zvw.1-uc002xhj.2, ENSP00000373347-uc003brf.1-uc003brg.1	0.999763900375	E
1	0.000234641437732	1.00023	ENSP00000245787-uc002tlk.2-uc010yye.1, ENSP00000272638-uc002tur.2-uc002tut.2, ENSP00000393762-uc003psu.2-uc003pst.3, ENSP00000443442-uc001ria.2-uc001rif.1	0.999765386088	E
1	0.000234229825631	1.00023	ENSP00000219689-uc002dll.2-uc002dlk.2, ENSP00000296529-uc003ipx.2-uc010iqi.2, ENSP00000367893-uc001imk.2-uc010qbs.1, ENSP00000416799-uc002xuw.2-uc010zyn.1	0.999765797604	E
1	0.000229774336589	1.00023	ENSP00000260506-uc001dpw.2-uc010otl.1, ENSP00000261632-uc001uni.2-uc010tcq.1, ENSP00000262304, ENSP00000345444-uc001qfp.2-uc009zcv.2	0.99977025206	E
1	0.000225476036319	1.00023	ENSP00000316739-uc001bes.2-uc001ber.2, ENSP00000340507-uc003vuc.2-uc003vub.2, ENSP00000379006-uc002ape.3-uc010ujb.1, ENSP00000454657-uc001wsy.1-uc001wtc.1	0.999774549381	E
1	0.000225167935974	1.00023	ENSP00000300584-uc002bcy.3-uc010bla.2, ENSP00000326514-uc003hbf.1-uc003hbg.1, ENSP00000375809-uc002pbj.2-uc002pbi.2, ENSP00000377643-uc002hun.1-uc002huk.1	0.999774857412	E
1	0.000224054824132	1.00022	ENSP00000265993-uc001klb.3-uc001kla.3, ENSP00000305483-uc001ifc.1-uc001ifd.1, ENSP00000355330-uc002xhr.2-uc010zvx.1, ENSP00000415793	0.999775970274	E
1	0.000220073151894	1.00022	ENSP00000233146-uc002rvy.1-uc010fbg.2, ENSP00000280377-uc001src.1-uc001srb.1, ENSP00000311579-uc003wss.2-uc011kww.1, ENSP00000381008	0.999779951062	E
1	0.000218791822748	1.00022	ENSP00000303153-uc003yvd.2-uc011ljo.1, ENSP00000314499-uc003gbm.3-uc003gbk.3, ENSP00000322343-uc004apr.2-uc004apu.2, ENSP00000345308-uc009wot.2-uc010pen.1	0.99978123211	E
1	0.000217911253896	1.00022	ENSP00000352208-uc001kin.2-uc009xue.2, ENSP00000354995-uc002zaq.2-uc002zao.2, ENSP00000357047-uc003qcs.1-uc003qcr.1, ENSP00000458302-uc003uae.1-uc003uaf.1	0.999782112487	E
1	0.000217257160957	1.00022	ENSP00000184956-uc002iyk.1-uc010ddk.1, ENSP00000376799-uc001pkh.2-uc010rvx.1, ENSP00000411471-uc003fmz.2-uc003fnb.2, ENSP00000458302-uc003uae.1-uc003uaf.1	0.999782766438	E
1	0.000214434849234	1.00021	ENSP00000329419-uc003etf.3-uc011bmv.1, ENSP00000344772-uc001apy.2-uc001apz.2, ENSP00000356210-uc003qph.2-uc003qpg.2, ENSP00000379625-uc011ayi.1-uc011ayk.1	0.99978558814	E
1	0.000212029554646	1.00021	ENSP00000315768-uc001slc.2-uc001slb.2, ENSP00000367030-uc001iop.2-uc001ior.2, ENSP00000390222-uc001vla.2-uc001vkx.2, ENSP00000416097-uc011maw.1-uc010mxw.2	0.999787992922	E
1	0.000210720044721	1.00021	ENSP00000317272, ENSP00000331504-uc002bpv.2-uc002bpy.2, ENSP00000356591-uc001gml.2-uc010pnk.1, ENSP00000369274-uc004cyv.3-uc004cyu.3	0.999789302155	E
1	0.000210540591184	1.00021	ENSP00000263578-uc001qdi.2-uc010sbn.1, ENSP00000373347-uc003brf.1-uc003brg.1, ENSP00000373783-uc003xdh.1-uc010lty.1, ENSP00000376250-uc003fsv.2-uc003fsw.2	0.999789481571	E
1	0.000210269291539	1.00021	ENSP00000245441-uc001wyi.2-uc001wyj.2, ENSP00000266544-uc001qnc.2-uc010ses.1, ENSP00000326514-uc003hbf.1-uc003hbg.1, ENSP00000402515	0.999789752813	E
1	0.00020974659354	1.00021	ENSP00000347444-uc004axj.2-uc011luy.1, ENSP00000407642-uc004fhc.2-uc004fhd.2, ENSP00000429286-uc003xun.2-uc003xum.2, ENSP00000471074-uc002xfh.2-uc002xfg.2	0.999790275402	E
1	0.000209525530542	1.00021	ENSP00000261643-uc002gof.3-uc010vvt.1, ENSP00000264350-uc003hrt.2-uc011cdm.1, ENSP00000354040-uc001ift.2-uc010qad.1, ENSP00000392264-uc010rre.1-uc009yth.2	0.999790496418	E
1	0.000207265492379	1.00021	ENSP00000309330-uc003tta.2-uc010kzr.2, ENSP00000338457-uc003acl.2-uc003ach.2, ENSP00000354571-uc001ora.2-uc001orb.2, ENSP00000448012-uc001tar.2-uc001taq.2	0.999792755986	E
1	0.000207166613529	1.00021	ENSP00000217909-uc004erd.2-uc011mtt.1, ENSP00000299853-uc002dkk.2-uc010vbt.1, ENSP00000326534-uc001zpc.2-uc001zpb.2, ENSP00000378130-uc003hzr.3-uc003hzq.2	0.999792854844	E
1	0.00020595676332	1.00021	ENSP00000252699-uc002oja.1-uc002ojb.1, ENSP00000259608-uc003zxe.1-uc003zxf.1, ENSP00000369695-uc003zoe.2-uc011lnf.1, ENSP00000417601-uc003cfp.2-uc011axp.1	0.999794064444	E
1	0.00020511772048	1.00021	ENSP00000289407-uc003vop.1-uc003voq.1, ENSP00000381785-uc004bga.1-uc011lwv.1, ENSP00000417132-uc003ddx.2-uc010hmh.2, ENSP00000445725-uc003xpm.2-uc010lxp.2	0.999794903315	E
1	0.000203174014294	1.0002	ENSP00000303423-uc003xps.2-uc003xpu.2, ENSP00000305483-uc001ifc.1-uc001ifd.1, ENSP00000318373-uc002rkk.2-uc002rkj.2, ENSP00000437271-uc001njs.2-uc001njp.2	0.999796846624	E
1	0.00020074401117	1.0002	ENSP00000265742-uc003ulw.2-uc010lew.1, ENSP00000311427-uc002bau.2-uc002bav.2, ENSP00000312734-uc002alz.2-uc010uih.1, ENSP00000399501	0.999799276137	E
1	0.000199488699803	1.0002	ENSP00000283195, ENSP00000327009-uc002rmv.2-uc002rmw.2, ENSP00000362590-uc003onn.2-uc003onp.2, ENSP00000364902-uc002wxp.2-uc010ztu.1	0.999800531197	E
1	0.000198361654192	1.0002	ENSP00000261881-uc002apr.2-uc010ujn.1, ENSP00000296595-uc003kjc.2-uc011ctx.1, ENSP00000368102-uc001ilq.1-uc009xjb.1, ENSP00000440495-uc010xim.1-uc002mbr.3	0.999801658018	E
1	0.000197651192273	1.0002	ENSP00000248846-uc003bkb.1-uc010has.1, ENSP00000332595-uc003ttz.2-uc003tub.2, ENSP00000339486-uc001xxj.2-uc010atj.2, ENSP00000370658-uc001riq.2-uc009zjl.2	0.999802368339	E
1	0.000197542999081	1.0002	ENSP00000260453-uc002adr.2-uc010bfo.2, ENSP00000299952-uc002fau.2-uc010cge.2, ENSP00000326514-uc003hbf.1-uc003hbg.1, ENSP00000362187-uc004bsx.1-uc004bsw.1	0.999802476511	E
1	0.000196421877082	1.0002	ENSP00000262144-uc002fdh.1-uc002fdf.1, ENSP00000281924-uc002ttx.2-uc002tty.2, ENSP00000361818-uc002xnu.2-uc010zws.1, ENSP00000386626-uc002tzd.3-uc010zch.1	0.999803597412	E
1	0.000194328857635	1.00019	ENSP00000254260-uc002nuf.2-uc010xro.1, ENSP00000377643-uc002hun.1-uc002huk.1, ENSP00000380869-uc010tlt.1-uc010ain.2, ENSP00000413272-uc003epr.2-uc003epq.2	0.999805690023	E
1	0.000192373664191	1.00019	ENSP00000263209-uc002zri.2-uc002zrj.2, ENSP00000271588, ENSP00000313869-uc003ciw.1-uc003ciz.1, ENSP00000394966-uc001cbh.1-uc001cbf.1	0.999807644838	E
1	0.000191990408758	1.00019	ENSP00000256496-uc003bqg.2-uc011asy.1, ENSP00000258796-uc003smp.2-uc010ksn.2, ENSP00000366522-uc003zds.1-uc011llk.1, ENSP00000373390	0.99980802802	E
1	0.000191170447449	1.00019	ENSP00000268057-uc002avb.2-uc002avc.2, ENSP00000268489, ENSP00000295797-uc003fgs.2-uc003fgt.2, ENSP00000308315-uc001cuv.2-uc010ons.1	0.999808847824	E
1	0.000191120441594	1.00019	ENSP00000301475-uc010dwg.1-uc010xkh.1, ENSP00000358548-uc009wgu.2-uc001efh.3, ENSP00000383411-uc002yju.1-uc010gky.1, ENSP00000414558-uc001wgm.2-uc010tnb.1	0.999808897821	E
1	0.000191120441594	1.00019	ENSP00000296595-uc003kjc.2-uc011ctx.1, ENSP00000316649-uc002yck.1-uc002ycl.1, ENSP00000338777-uc002boq.3-uc002bos.3, ENSP00000363753-uc004bdn.2-uc010mtr.2	0.999808897821	E
1	0.000191110793347	1.00019	ENSP00000217909-uc004erd.2-uc011mtt.1, ENSP00000349708-uc001byh.2-uc010oht.1, ENSP00000351627-uc002ozp.3-uc002ozo.3, ENSP00000402717-uc002rvk.2-uc002rvl.2	0.999808907467	E
1	0.000190936128762	1.00019	ENSP00000255759-uc002dec.1-uc002ded.1, ENSP00000260803-uc003erv.2-uc003ert.2, ENSP00000341097, ENSP00000393860-uc003xmi.3-uc011lce.1	0.999809082098	E
1	0.000190738959735	1.00019	ENSP00000219070-uc002ehz.3-uc002eia.3, ENSP00000307275-uc001fjs.2-uc001fjr.2, ENSP00000351635-uc002abr.1-uc002abs.1, ENSP00000369519-uc003zph.2-uc011lnl.1	0.99980927923	E
1	0.000189700825378	1.00019	ENSP00000305483-uc001ifc.1-uc001ifd.1, ENSP00000362298-uc001jrm.2-uc009xqk.2, ENSP00000384998-uc010zoj.1-uc002wan.1, ENSP00000445725-uc003xpm.2-uc010lxp.2	0.999810317167	E
1	0.000189276623366	1.00019	ENSP00000256854-uc002lgs.2-uc010xea.1, ENSP00000334800-uc003url.1-uc010lgf.1, ENSP00000338629, ENSP00000377374-uc003mbw.3-uc011dfa.1	0.999810741288	E
1	0.000189205794114	1.00019	ENSP00000245796-uc002tjc.2-uc002tjh.2, ENSP00000281038-uc001ozi.2-uc010rsq.1, ENSP00000326604-uc003wmw.3-uc003wmv.3, ENSP00000445943	0.999810812104	E
1	0.000188770419644	1.00019	ENSP00000228280-uc001tav.2-uc009zsn.2, ENSP00000301924-uc003xfl.1-uc010lup.1, ENSP00000317904-uc002plp.2-uc010xzy.1, ENSP00000399501	0.999811247396	E
1	0.00018827626345	1.00019	ENSP00000331879-uc001mqb.2-uc010rdn.1, ENSP00000378857-uc003cvj.2-uc011bby.1, ENSP00000379625-uc011ayi.1-uc011ayk.1, ENSP00000410545	0.999811741459	E
1	0.000186199964574	1.00019	ENSP00000318884, ENSP00000377617-uc002skk.2-uc010yrp.1, ENSP00000379621-uc003ycn.2-uc003yco.2, ENSP00000382924-uc002knq.2-uc002knt.2	0.99981381737	E
1	0.000184538849598	1.00018	ENSP00000273371-uc003ecu.2-uc011bjc.1, ENSP00000362804-uc001jnh.3-uc009xpq.2, ENSP00000379737-uc003swy.2-uc010kur.2, ENSP00000386181-uc002uln.2-uc010zfc.1	0.999815478177	E
1	0.000184415276307	1.00018	ENSP00000307491-uc003cit.2-uc003ciu.2, ENSP00000330237-uc001awn.2-uc001awo.2, ENSP00000395653-uc002hbf.1-uc002hbg.1, ENSP00000429168-uc001vag.2-uc001vah.2	0.999815601727	E
1	0.000182418249748	1.00018	ENSP00000291565-uc002zdm.3-uc002zdq.3, ENSP00000317232-uc002hxv.2-uc002hxw.1, ENSP00000370467-uc004crv.2-uc010ndl.2, ENSP00000386725-uc002uny.2-uc002unw.2	0.999817598387	E
1	0.00018227341553	1.00018	ENSP00000338629, ENSP00000366395-uc001odb.2-uc009yqc.2, ENSP00000370761-uc001rgn.2-uc001rgo.2, ENSP00000430548-uc003yht.1-uc003yhu.1	0.999817743195	E
1	0.000181276951099	1.00018	ENSP00000292616-uc003uzn.2-uc003uzo.2, ENSP00000297440-uc010krz.1-uc003sjb.2, ENSP00000362285-uc001jrr.3-uc001jru.3, ENSP00000395653-uc002hbf.1-uc002hbg.1	0.999818739479	E
1	0.000181088820448	1.00018	ENSP00000019103-uc002tma.2-uc002tlz.2, ENSP00000264720-uc002rjw.1-uc010eyy.1, ENSP00000326381-uc003fqs.2-uc003fqv.2, ENSP00000387006-uc002unp.2-uc002uno.2	0.999818927575	E
1	0.000178565469619	1.00018	ENSP00000281142-uc003igp.2-uc003igo.2, ENSP00000328412-uc002kay.3-uc002kaz.3, ENSP00000353292-uc001qnw.2-uc001qnv.2, ENSP00000419879-uc002wls.2-uc010zqv.1	0.999821450472	E
1	0.000177924080065	1.00018	ENSP00000242067-uc003tdn.1-uc003tdt.2, ENSP00000264670-uc003jdu.2-uc003jds.2, ENSP00000284548, ENSP00000368884-uc004czu.2-uc011mjk.1	0.999822091747	E
1	0.000176875371089	1.00018	ENSP00000351042-uc002nqi.2-uc002nqh.2, ENSP00000363558-uc010qfc.1-uc010qfd.1, ENSP00000385812-uc003apr.2-uc011amr.1, ENSP00000439966-uc001suc.2-uc010sti.1	0.99982314027	E
1	0.000176411253992	1.00018	ENSP00000256689-uc001rpg.2-uc010sli.1, ENSP00000361892-uc002xnb.2-uc010ggy.2, ENSP00000457354-uc002fhe.2-uc002fhd.2, ENSP00000461108-uc002qis.3-uc002qiw.2	0.999823604306	E
1	0.000174784702372	1.00017	ENSP00000312618-uc003ela.3-uc003ele.2, ENSP00000359245, ENSP00000393978-uc002pfj.2-uc002pfd.2, ENSP00000413937-uc002fsr.2-uc010vql.1	0.999825230572	E
1	0.00017391242179	1.00017	ENSP00000308315-uc001cuv.2-uc010ons.1, ENSP00000354897, ENSP00000363506-uc002xcd.2-uc010zuz.1, ENSP00000470141-uc004dmb.3-uc004dmc.3	0.9998261027	E
1	0.000173770894037	1.00017	ENSP00000264555-uc001lqe.2-uc009yca.1, ENSP00000281471-uc001rkq.3-uc009zjs.2, ENSP00000316426-uc002hqi.3-uc010cvn.1, ENSP00000342148-uc001dwn.2-uc009weu.2	0.999826244203	E
1	0.000173597680506	1.00017	ENSP00000268057-uc002avb.2-uc002avc.2, ENSP00000295119-uc002upf.2-uc010zfs.1, ENSP00000355299-uc001gqt.3-uc001gqu.3, ENSP00000402537-uc001zfh.1-uc010ubk.1	0.999826417387	E
1	0.000172944877605	1.00017	ENSP00000321498-uc003vvo.2-uc003vvn.2, ENSP00000350249-uc003vlm.2-uc003vlo.2, ENSP00000360202, ENSP00000439856-uc002nei.1-uc010xpg.1	0.999827070076	E
1	0.00017275972821	1.00017	ENSP00000352645-uc003tvn.2-uc011kef.1, ENSP00000356272-uc003qoi.2-uc011eeq.1, ENSP00000360202, ENSP00000419098-uc004cdd.2-uc004cdc.2	0.999827255194	E
1	0.000172572411088	1.00017	ENSP00000279804-uc002dzw.2-uc002dzx.2, ENSP00000312066-uc002jqk.1-uc002jqj.1, ENSP00000368079-uc003iyw.3-uc010ism.2, ENSP00000369081-uc003mxv.2-uc010jnz.2	0.999827442479	E
1	0.000170156506426	1.00017	ENSP00000341154-uc001yno.2-uc001yns.2, ENSP00000345731-uc003fxn.3-uc011bud.1, ENSP00000351126-uc003kod.3-uc003kof.2, ENSP00000381693-uc001jve.2-uc009xrn.1	0.999829857969	E
1	0.000168490302214	1.00017	ENSP00000328023-uc001qdh.2-uc010sbm.1, ENSP00000336914-uc004asz.2-uc011luc.1, ENSP00000360577-uc001cup.3-uc010onl.1, ENSP00000366502-uc010oag.1-uc001aqf.2	0.999831523891	E
1	0.000167870244574	1.00017	ENSP00000286186-uc002uxj.1-uc010ftb.1, ENSP00000310657-uc001jvk.2-uc010qks.1, ENSP00000440495-uc010xim.1-uc002mbr.3, ENSP00000452037-uc001xoq.3-uc010arv.2	0.999832143845	E
1	0.00016760348777	1.00017	ENSP00000242067-uc003tdn.1-uc003tdt.2, ENSP00000262304, ENSP00000348407-uc003bfk.2-uc003bfl.2, ENSP00000376930-uc003emz.3-uc011blc.1	0.999832410557	E
1	0.000167425083564	1.00017	ENSP00000261413-uc003kbz.3-uc011csd.1, ENSP00000277458-uc004byf.1-uc011mbt.1, ENSP00000381970-uc003koa.1-uc003kob.1, ENSP00000403476-uc010oia.1-uc010oib.1	0.999832588931	E
1	0.000166562471072	1.00017	ENSP00000296350-uc003fxk.3-uc003fxl.3, ENSP00000296595-uc003kjc.2-uc011ctx.1, ENSP00000364218-uc004aym.2-uc004ayk.2, ENSP00000415436-uc001rrx.2-uc001rru.2	0.9998334514	E
1	0.000166265131913	1.00017	ENSP00000341154-uc001yno.2-uc001yns.2, ENSP00000355180-uc002zhu.1-uc002zhw.1, ENSP00000361474-uc004eng.2-uc004enf.2, ENSP00000375051-uc001chn.2-uc001chp.2	0.999833748689	E
1	0.000165581661909	1.00017	ENSP00000344214-uc001vna.2-uc010tij.1, ENSP00000347942-uc001jal.2-uc010qez.1, ENSP00000360065-uc001dcx.2-uc009waw.2, ENSP00000439628-uc002fuy.1-uc010ckc.1	0.999834432046	E
1	0.000164831591577	1.00016	ENSP00000289968-uc002dnb.2-uc002dmw.2, ENSP00000352447-uc001hfd.2-uc009xcb.1, ENSP00000352567-uc003pwt.2-uc003pwu.2, ENSP00000465500-uc002lin.2-uc010dpv.2	0.999835181992	E
1	0.000163865474861	1.00016	ENSP00000251119-uc001xka.2-uc010tsz.1, ENSP00000296350-uc003fxk.3-uc003fxl.3, ENSP00000360186, ENSP00000390121-uc002jbv.2-uc010wps.1	0.99983614795	E
1	0.000161143345189	1.00016	ENSP00000265594-uc003fle.2-uc003flf.2, ENSP00000336888-uc002mpf.2-uc002mpi.2, ENSP00000386722-uc009ytl.2-uc001oth.3, ENSP00000407642-uc004fhc.2-uc004fhd.2	0.999838869638	E
1	0.000160805635826	1.00016	ENSP00000256649-uc001egz.2-uc001eha.2, ENSP00000369081-uc003mxv.2-uc010jnz.2, ENSP00000415057-uc010ukd.1-uc010bik.1, ENSP00000429286-uc003xun.2-uc003xum.2	0.999839207293	E
1	0.000160768999698	1.00016	ENSP00000264832-uc002mnq.2-uc010xle.1, ENSP00000294066-uc001obh.2-uc001obg.2, ENSP00000432787-uc003pzz.1-uc003pzw.1, ENSP00000471656-uc001qsi.2-uc010sfw.1	0.999839243923	E
1	0.000158853812996	1.00016	ENSP00000221200-uc003xeo.2-uc011lad.1, ENSP00000326514-uc003hbf.1-uc003hbg.1, ENSP00000346065-uc003oyj.2-uc010jze.2, ENSP00000357904-uc001ewy.2-uc010pcr.1	0.999841158804	E
1	0.000157855683158	1.00016	ENSP00000259021-uc002ipm.2-uc010wmg.1, ENSP00000308344-uc002jbc.2-uc010wpn.1, ENSP00000367227-uc003zyo.2-uc003zyn.2, ENSP00000370761-uc001rgn.2-uc001rgo.2	0.999842156775	E
1	0.000157074587841	1.00016	ENSP00000354995-uc002zaq.2-uc002zao.2, ENSP00000366460-uc001iqg.1-uc009xkc.1, ENSP00000411032-uc002oyg.1-uc010ejd.2, ENSP00000441285-uc001gee.2-uc010plh.1	0.999842937748	E
1	0.000156876224295	1.00016	ENSP00000261531-uc001xuf.2-uc010asu.2, ENSP00000262189, ENSP00000367893-uc001imk.2-uc010qbs.1, ENSP00000473196-uc004fip.2-uc004fio.2	0.99984313608	E
1	0.000155982452453	1.00016	ENSP00000261413-uc003kbz.3-uc011csd.1, ENSP00000278193-uc001mrl.2-uc009yii.2, ENSP00000308018-uc003ziz.1-uc003zja.1, ENSP00000365200-uc001vpo.2-uc001vpp.2	0.999844029712	E
1	0.000154169154562	1.00015	ENSP00000265870-uc001joi.2-uc010qiy.1, ENSP00000266481-uc001rlf.2-uc010ski.1, ENSP00000312158-uc003nib.1-uc003nic.1, ENSP00000360112-uc001dbs.1-uc010opb.1	0.999845842729	E
1	0.000154025307404	1.00015	ENSP00000246032-uc002wfw.3-uc010zpu.1, ENSP00000318115-uc002olu.1-uc002olt.1, ENSP00000341874-uc002kui.3-uc010xat.1, ENSP00000360199	0.999845986554	E
1	0.000154025307404	1.00015	ENSP00000267859-uc010uhc.1-uc002agi.3, ENSP00000344666, ENSP00000366522-uc003zds.1-uc011llk.1, ENSP00000461108-uc002qis.3-uc002qiw.2	0.999845986554	E
1	0.000153639088918	1.00015	ENSP00000264832-uc002mnq.2-uc010xle.1, ENSP00000318557-uc002euz.2-uc010vkh.1, ENSP00000365851-uc001irh.2-uc009xkg.2, ENSP00000376362-uc001tui.1-uc001tuh.2	0.999846372713	E
1	0.000150472314335	1.00015	ENSP00000160298-uc002mgv.3-uc002mgw.2, ENSP00000320076-uc002jme.1-uc010wro.1, ENSP00000338235-uc003yhz.2-uc010mbf.2, ENSP00000376930-uc003emz.3-uc011blc.1	0.999849539006	E
1	0.000150334497763	1.00015	ENSP00000240651-uc001rew.2-uc009zir.2, ENSP00000317902-uc001pfp.1-uc001pfr.1, ENSP00000361178-uc004eof.1-uc004eog.1, ENSP00000367872-uc001aif.2-uc009vky.2	0.999849676802	E
1	0.000149979234719	1.00015	ENSP00000263736-uc002rus.2-uc010yoc.1, ENSP00000303279-uc001hmc.2-uc001hmd.2, ENSP00000327214-uc001baa.2-uc001azz.1, ENSP00000330470-uc003akk.2-uc003aki.2	0.999850032012	E
1	0.000147191236892	1.00015	ENSP00000238146-uc001ufi.2-uc001ufl.2, ENSP00000264346-uc011cdi.1-uc011cdl.1, ENSP00000282308-uc002qqu.2-uc010euj.2, ENSP00000368102-uc001ilq.1-uc009xjb.1	0.999852819595	E
1	0.000142620192697	1.00014	ENSP00000301011-uc002fky.2-uc002fkz.2, ENSP00000393860-uc003xmi.3-uc011lce.1, ENSP00000399828-uc003gfr.2-uc003gfn.2, ENSP00000442421-uc002juf.2-uc002jud.2	0.999857389977	E
1	0.000140823456225	1.00014	ENSP00000259608-uc003zxe.1-uc003zxf.1, ENSP00000350331-uc001iig.2-uc001iii.2, ENSP00000355050-uc010zvw.1-uc002xhj.2, ENSP00000355897-uc001hlm.2-uc001hlo.2	0.999859186459	E
1	0.00014051051767	1.00014	ENSP00000262207-uc003yan.2-uc011lfl.1, ENSP00000308018-uc003ziz.1-uc003zja.1, ENSP00000308344-uc002jbc.2-uc010wpn.1, ENSP00000328412-uc002kay.3-uc002kaz.3	0.999859499353	E
1	0.000139097367449	1.00014	ENSP00000019103-uc002tma.2-uc002tlz.2, ENSP00000245206-uc002eof.1-uc010vim.1, ENSP00000363482-uc001jcu.2-uc001jcw.2, ENSP00000472749-uc010noz.2-uc004elo.3	0.999860912306	E
1	0.000138761110261	1.00014	ENSP00000325017-uc001qoo.2-uc010sfd.1, ENSP00000326534-uc001zpc.2-uc001zpb.2, ENSP00000337746-uc002njd.1-uc002njf.1, ENSP00000380891	0.999861248517	E
1	0.000138673604162	1.00014	ENSP00000322242-uc001typ.3-uc001tyq.3, ENSP00000378056-uc002blh.2-uc002bll.2, ENSP00000410545, ENSP00000458290-uc002klh.3-uc010dkj.2	0.999861336011	E
1	0.000138458211902	1.00014	ENSP00000260382-uc002asw.2-uc002asz.2, ENSP00000376799-uc001pkh.2-uc010rvx.1, ENSP00000400717-uc002jfc.2-uc010wqh.1, ENSP00000428924-uc003xsk.3-uc003xsl.3	0.999861551373	E
1	0.000138331549027	1.00014	ENSP00000295797-uc003fgs.2-uc003fgt.2, ENSP00000356272-uc003qoi.2-uc011eeq.1, ENSP00000379931-uc003ccg.2-uc010hfc.2, ENSP00000380860	0.999861678018	E
1	0.000138072106426	1.00014	ENSP00000347532-uc009xyw.2-uc001lcy.3, ENSP00000353533-uc003eil.2-uc011bkh.1, ENSP00000355050-uc010zvw.1-uc002xhj.2, ENSP00000419126-uc001lgw.2-uc001lgx.2	0.999861937425	E
1	0.000137969423021	1.00014	ENSP00000219070-uc002ehz.3-uc002eia.3, ENSP00000365757-uc001irl.3-uc010qcu.1, ENSP00000369677-uc002rii.3-uc002rik.3, ENSP00000398401-uc003umc.2-uc003umd.2	0.999862040094	E
1	0.000136920302635	1.00014	ENSP00000256079-uc001rjd.2-uc001rje.1, ENSP00000257700-uc003vda.1-uc010ljj.1, ENSP00000264266-uc003fcl.1-uc011box.1, ENSP00000318883-uc002zmw.2-uc002zna.2	0.999863089071	E
1	0.000136688220961	1.00014	ENSP00000301924-uc003xfl.1-uc010lup.1, ENSP00000353533-uc003eil.2-uc011bkh.1, ENSP00000355299-uc001gqt.3-uc001gqu.3, ENSP00000362656-uc004bpc.2-uc010mws.2	0.99986332112	E
1	0.000136076399635	1.00014	ENSP00000220751-uc003yee.2-uc003yef.2, ENSP00000261413-uc003kbz.3-uc011csd.1, ENSP00000315873, ENSP00000329419-uc003etf.3-uc011bmv.1	0.999863932858	E
1	0.000135060161835	1.00014	ENSP00000281471-uc001rkq.3-uc009zjs.2, ENSP00000342263-uc003cbm.2-uc003cbl.3, ENSP00000360112-uc001dbs.1-uc010opb.1, ENSP00000473196-uc004fip.2-uc004fio.2	0.999864948958	E
1	0.000134177756081	1.00013	ENSP00000256398-uc003xgo.3-uc011lat.1, ENSP00000355809-uc001hpc.1-uc001hpd.1, ENSP00000361474-uc004eng.2-uc004enf.2, ENSP00000454552-uc002fec.2-uc002fed.1	0.999865831245	E
1	0.000134048909963	1.00013	ENSP00000252015-uc002xbk.2-uc010zuq.1, ENSP00000280377-uc001src.1-uc001srb.1, ENSP00000316042-uc003lbt.2-uc010jeo.2, ENSP00000381970-uc003koa.1-uc003kob.1	0.999865960074	E
1	0.000133747928756	1.00013	ENSP00000248846-uc003bkb.1-uc010has.1, ENSP00000261798-uc003lqy.1-uc003lqu.2, ENSP00000294066-uc001obh.2-uc001obg.2, ENSP00000454657-uc001wsy.1-uc001wtc.1	0.999866261015	E
1	0.000133256920134	1.00013	ENSP00000245441-uc001wyi.2-uc001wyj.2, ENSP00000295550, ENSP00000387982-uc002bkw.2-uc002bkx.2, ENSP00000399584-uc004csx.3-uc010ndt.2	0.999866751958	E
1	0.000133147953798	1.00013	ENSP00000226067-uc002iug.1-uc010dce.1, ENSP00000343027-uc003uhb.1-uc011kgt.1, ENSP00000346246-uc002ppo.2-uc010enk.2, ENSP00000417509-uc003die.3-uc003dib.3	0.99986686091	E
1	0.000132987651983	1.00013	ENSP00000316578-uc002hgs.2-uc002hgt.2, ENSP00000377954-uc003lnx.1-uc011dbq.1, ENSP00000410051-uc010seh.1-uc010sei.1, ENSP00000420780-uc003drf.2-uc010hop.2	0.99986702119	E
1	0.00013119270181	1.00013	ENSP00000327197-uc003fwz.3-uc011bty.1, ENSP00000338235-uc003yhz.2-uc010mbf.2, ENSP00000357438-uc001ffx.2-uc001ffu.2, ENSP00000410545	0.999868815904	E
1	0.000130898996911	1.00013	ENSP00000233146-uc002rvy.1-uc010fbg.2, ENSP00000356641-uc001gku.1-uc009wwv.2, ENSP00000367263, ENSP00000419279-uc003vus.2-uc011kqq.1	0.99986910957	E
1	0.00013083449341	1.00013	ENSP00000310841-uc002fjw.2-uc010vot.1, ENSP00000325269-uc003vfc.2-uc003vez.2, ENSP00000349708-uc001byh.2-uc010oht.1, ENSP00000377374-uc003mbw.3-uc011dfa.1	0.999869174065	E
1	0.000130163537229	1.00013	ENSP00000219070-uc002ehz.3-uc002eia.3, ENSP00000280700-uc003cdl.2-uc003cdk.2, ENSP00000301475-uc010dwg.1-uc010xkh.1, ENSP00000313953-uc002rom.2-uc002ron.2	0.999869844934	E
1	0.000129217490835	1.00013	ENSP00000219478-uc002cxp.1-uc002cxo.1, ENSP00000239007-uc001kza.2-uc009xxu.2, ENSP00000340467-uc001wlj.2-uc001wlk.2, ENSP00000396861-uc010jaf.1-uc003kga.2	0.999870790857	E
1	0.000129078630444	1.00013	ENSP00000261844-uc002acg.3-uc002acf.3, ENSP00000404602-uc003soy.1-uc011jwj.1, ENSP00000413520-uc002jmj.3-uc002jmi.2, ENSP00000435697-uc003yyv.2-uc011lki.1	0.9998709297	E
1	0.00012778231199	1.00013	ENSP00000285039-uc002leb.2-uc002ldz.2, ENSP00000312244-uc004cuw.2-uc004cux.2, ENSP00000349629, ENSP00000379006-uc002ape.3-uc010ujb.1	0.999872225852	E
1	0.000126674246932	1.00013	ENSP00000072644-uc001cvu.2-uc001cvy.2, ENSP00000267859-uc010uhc.1-uc002agi.3, ENSP00000364899-uc004arb.2-uc011ltr.1, ENSP00000367196-uc003zyz.2-uc003zyy.1	0.999873333776	E
1	0.000126299213734	1.00013	ENSP00000245787-uc002tlk.2-uc010yye.1, ENSP00000317902-uc001pfp.1-uc001pfr.1, ENSP00000330361-uc003zfc.3-uc003zfd.2, ENSP00000379411-uc002dhg.3-uc002dhh.3	0.999873708762	E
1	0.000126139328981	1.00013	ENSP00000331879-uc001mqb.2-uc010rdn.1, ENSP00000355428-uc001iew.1-uc010pzq.1, ENSP00000396861-uc010jaf.1-uc003kga.2, ENSP00000398401-uc003umc.2-uc003umd.2	0.999873868626	E
1	0.000125947558916	1.00013	ENSP00000261739-uc001tpx.2-uc001tqa.2, ENSP00000265963-uc001moh.2-uc001moj.2, ENSP00000309330-uc003tta.2-uc010kzr.2, ENSP00000328412-uc002kay.3-uc002kaz.3	0.999874060372	E
1	0.000125269321452	1.00013	ENSP00000256496-uc003bqg.2-uc011asy.1, ENSP00000267101-uc001sjh.2-uc001sjl.2, ENSP00000281038-uc001ozi.2-uc010rsq.1, ENSP00000317128-uc003emx.2-uc003emw.2	0.999874738524	E
1	0.000124936216346	1.00012	ENSP00000224949-uc001igt.1-uc001igs.1, ENSP00000297837-uc004ayu.2-uc004ayv.1, ENSP00000362136-uc001cby.2-uc001cbz.2, ENSP00000467075-uc010xdd.1-uc002lcy.2	0.999875071588	E
1	0.000124853699643	1.00012	ENSP00000253363-uc002xeb.2-uc002xea.2, ENSP00000323302-uc001tbc.2-uc009zsq.2, ENSP00000334229-uc001rfq.2-uc010sir.1, ENSP00000379621-uc003ycn.2-uc003yco.2	0.999875154094	E
1	0.000124583712715	1.00012	ENSP00000216129-uc003bdq.2-uc003bdp.2, ENSP00000230640-uc003jpy.3-uc011cqi.1, ENSP00000284503-uc003wue.2-uc003wuf.2, ENSP00000311165-uc003tbv.1-uc010kwf.1	0.999875424048	E
1	0.00012452343802	1.00012	ENSP00000219070-uc002ehz.3-uc002eia.3, ENSP00000256079-uc001rjd.2-uc001rje.1, ENSP00000307023-uc002raf.1-uc010yjc.1, ENSP00000334229-uc001rfq.2-uc010sir.1	0.999875484315	E
1	0.000124443371005	1.00012	ENSP00000256854-uc002lgs.2-uc010xea.1, ENSP00000284878-uc002yki.2-uc002ykj.1, ENSP00000417548-uc001msx.2-uc009yjn.1, ENSP00000421741-uc003gde.3-uc010ibv.2	0.999875564372	E
1	0.000124312323117	1.00012	ENSP00000261739-uc001tpx.2-uc001tqa.2, ENSP00000294066-uc001obh.2-uc001obg.2, ENSP00000382034-uc003obw.2-uc010juc.1, ENSP00000414558-uc001wgm.2-uc010tnb.1	0.999875695403	E
1	0.000123043158017	1.00012	ENSP00000273371-uc003ecu.2-uc011bjc.1, ENSP00000354671-uc001cov.2-uc001cpa.2, ENSP00000356210-uc003qph.2-uc003qpg.2, ENSP00000470141-uc004dmb.3-uc004dmc.3	0.999876964411	E
1	0.000123025343695	1.00012	ENSP00000356210-uc003qph.2-uc003qpg.2, ENSP00000362369-uc002xjo.1-uc010zwe.1, ENSP00000419851-uc003faq.2-uc011bom.1, ENSP00000453969-uc001zlh.3-uc010ucn.1	0.999876982224	E
1	0.000122918158101	1.00012	ENSP00000265651-uc001muz.2-uc010rej.1, ENSP00000342581-uc011mbe.1-uc004bvh.2, ENSP00000374455-uc003mkw.3-uc003mkv.3, ENSP00000401980-uc002wjw.3-uc002wjy.3	0.999877089396	E
1	0.0001221672249	1.00012	ENSP00000226067-uc002iug.1-uc010dce.1, ENSP00000271227-uc001dqv.3-uc010ott.1, ENSP00000359998-uc003pbf.2-uc003pbe.2, ENSP00000386996-uc002vtb.1-uc002vta.2	0.999877840237	E
1	0.000121934698333	1.00012	ENSP00000300935-uc002ndn.3-uc002ndo.3, ENSP00000355929-uc001hjz.2-uc010ptq.1, ENSP00000379006-uc002ape.3-uc010ujb.1, ENSP00000385478-uc010ktx.2-uc010kty.2	0.999878072735	E
1	0.000121934698333	1.00012	ENSP00000263563-uc001jrd.3-uc001jre.3, ENSP00000305721-uc003pjl.1-uc011dyu.1, ENSP00000335652, ENSP00000373783-uc003xdh.1-uc010lty.1	0.999878072735	E
1	0.000121808246358	1.00012	ENSP00000262809-uc002njh.2-uc002njg.2, ENSP00000348359-uc001ptt.2-uc009zai.1, ENSP00000386810-uc010ywk.1-uc010ywl.1, ENSP00000419879-uc002wls.2-uc010zqv.1	0.999878199172	E
1	0.000121004289939	1.00012	ENSP00000299575-uc002ffz.1-uc010vnn.1, ENSP00000369695-uc003zoe.2-uc011lnf.1, ENSP00000386181-uc002uln.2-uc010zfc.1, ENSP00000421202-uc003jrh.3-uc003jrk.3	0.999879003031	E
1	0.000120950415942	1.00012	ENSP00000219439-uc002fhk.2-uc010vnv.1, ENSP00000255977-uc003vvt.2-uc011krd.1, ENSP00000340467-uc001wlj.2-uc001wlk.2, ENSP00000429168-uc001vag.2-uc001vah.2	0.999879056898	E
1	0.000120908938317	1.00012	ENSP00000273359-uc003dyk.3-uc011bhq.1, ENSP00000305922-uc001czi.3-uc001czm.3, ENSP00000367064, ENSP00000369009-uc004czp.2-uc004czn.3	0.999879098371	E
1	0.000120803273642	1.00012	ENSP00000258733-uc003swb.2-uc011jyz.1, ENSP00000350967-uc002kzk.1-uc002kzo.1, ENSP00000458302-uc003uae.1-uc003uaf.1, ENSP00000470965-uc002tmb.2-uc010yyq.1	0.999879204023	E
1	0.00012015863444	1.00012	ENSP00000347665, ENSP00000357307-uc001fmg.2-uc010pgq.1, ENSP00000420793-uc002scl.2-uc010ypx.1, ENSP00000457258-uc002ejb.2-uc002ejc.2	0.999879848584	E
1	0.000120005524022	1.00012	ENSP00000256339-uc001ybs.1-uc001ybv.1, ENSP00000299952-uc002fau.2-uc010cge.2, ENSP00000300935-uc002ndn.3-uc002ndo.3, ENSP00000419475-uc003exk.2-uc003exj.1	0.999880001676	E
1	0.000119995461568	1.00012	ENSP00000296051-uc003ewu.1-uc011bnq.1, ENSP00000321330-uc002qys.2-uc002qyt.2, ENSP00000386810-uc010ywk.1-uc010ywl.1, ENSP00000404602-uc003soy.1-uc011jwj.1	0.999880011738	E
1	0.000119410706572	1.00012	ENSP00000252999, ENSP00000296529-uc003ipx.2-uc010iqi.2, ENSP00000330361-uc003zfc.3-uc003zfd.2, ENSP00000354086-uc001cxa.3-uc001cxc.3	0.999880596423	E
1	0.000119255145913	1.00012	ENSP00000261819-uc001uag.2-uc010szv.1, ENSP00000362580-uc010ohm.1-uc010ohn.1, ENSP00000371811-uc001uof.2-uc010tct.1, ENSP00000398401-uc003umc.2-uc003umd.2	0.999880751965	E
1	0.000118840899223	1.00012	ENSP00000318557-uc002euz.2-uc010vkh.1, ENSP00000324944-uc003ncx.1-uc011dji.1, ENSP00000354995-uc002zaq.2-uc002zao.2, ENSP00000377954-uc003lnx.1-uc011dbq.1	0.999881166162	E
1	0.000118246866034	1.00012	ENSP00000358335-uc003pnz.1-uc003pny.1, ENSP00000385575-uc003hly.3-uc003hlx.1, ENSP00000458302-uc003uae.1-uc003uaf.1, ENSP00000471771-uc004eay.3-uc010nll.2	0.999881760125	E
1	0.000117763038242	1.00012	ENSP00000253490-uc003mdk.2-uc010jjy.1, ENSP00000303147-uc002spr.2-uc010fgk.2, ENSP00000379737-uc003swy.2-uc010kur.2, ENSP00000386725-uc002uny.2-uc002unw.2	0.999882243896	E
1	0.000117712852171	1.00012	ENSP00000322242-uc001typ.3-uc001tyq.3, ENSP00000367263, ENSP00000369274-uc004cyv.3-uc004cyu.3, ENSP00000379625-uc011ayi.1-uc011ayk.1	0.999882294076	E
1	0.000116778838699	1.00012	ENSP00000327179-uc002ews.3-uc010cfi.2, ENSP00000378086-uc001xip.2-uc001xis.2, ENSP00000378394-uc001jsm.2-uc001jsl.2, ENSP00000439966-uc001suc.2-uc010sti.1	0.99988322798	E
1	0.00011547392246	1.00012	ENSP00000266481-uc001rlf.2-uc010ski.1, ENSP00000335652, ENSP00000343129-uc001pwz.2-uc001pwy.2, ENSP00000422464-uc003iph.1-uc011cir.1	0.999884532744	E
1	0.000114608980394	1.00011	ENSP00000174653-uc003xoo.2-uc010lxe.2, ENSP00000223061-uc003uvo.2-uc003uvp.1, ENSP00000256079-uc001rjd.2-uc001rje.1, ENSP00000286096-uc002doh.2-uc010bxw.2	0.999885397587	E
1	0.000114578443336	1.00011	ENSP00000265077, ENSP00000314499-uc003gbm.3-uc003gbk.3, ENSP00000367196-uc003zyz.2-uc003zyy.1, ENSP00000402717-uc002rvk.2-uc002rvl.2	0.999885428121	E
1	0.000114035160362	1.00011	ENSP00000238714-uc002sai.2-uc010fch.2, ENSP00000299952-uc002fau.2-uc010cge.2, ENSP00000307023-uc002raf.1-uc010yjc.1, ENSP00000356210-uc003qph.2-uc003qpg.2	0.999885971341	E
1	0.000113678971922	1.00011	ENSP00000296473-uc003cxz.2-uc003cya.2, ENSP00000368799-uc001uxu.1-uc010ace.1, ENSP00000385575-uc003hly.3-uc003hlx.1, ENSP00000399584-uc004csx.3-uc010ndt.2	0.999886327489	E
1	0.00011318975483	1.00011	ENSP00000335321, ENSP00000352645-uc003tvn.2-uc011kef.1, ENSP00000354671-uc001cov.2-uc001cpa.2, ENSP00000380651-uc001vnn.1-uc001vnm.1	0.999886816651	E
1	0.000113079157875	1.00011	ENSP00000267484-uc001xen.1-uc001xek.1, ENSP00000354837-uc001fmt.2-uc001fmq.2, ENSP00000374185-uc010ydh.1-uc002pyl.1, ENSP00000453969-uc001zlh.3-uc010ucn.1	0.999886927235	E
1	0.00011282935338	1.00011	ENSP00000369431-uc003zqc.2-uc003zqb.2, ENSP00000379006-uc002ape.3-uc010ujb.1, ENSP00000386609-uc002ftj.2-uc010vqq.1, ENSP00000463536-uc001eum.3-uc010pca.1	0.999887177012	E
1	0.000112280896074	1.00011	ENSP00000269217-uc002kus.3-uc002kut.3, ENSP00000296350-uc003fxk.3-uc003fxl.3, ENSP00000360187, ENSP00000404684-uc003cui.2-uc003cuk.2	0.999887725407	E
1	0.000111993168723	1.00011	ENSP00000279068-uc010gjy.1-uc010zzz.1, ENSP00000282308-uc002qqu.2-uc010euj.2, ENSP00000326534-uc001zpc.2-uc001zpb.2, ENSP00000423228-uc003jlg.1-uc003jlb.1	0.999888013102	E
1	0.000111608105948	1.00011	ENSP00000288078-uc002eyy.2-uc002eyz.2, ENSP00000356230-uc001gyo.1-uc001gym.1, ENSP00000370839-uc003gzj.2-uc011bzp.1, ENSP00000416799-uc002xuw.2-uc010zyn.1	0.999888398122	E
1	0.000110991400291	1.00011	ENSP00000258796-uc003smp.2-uc010ksn.2, ENSP00000262144-uc002fdh.1-uc002fdf.1, ENSP00000344772-uc001apy.2-uc001apz.2, ENSP00000381693-uc001jve.2-uc009xrn.1	0.999889014759	E
1	0.000110824775429	1.00011	ENSP00000262207-uc003yan.2-uc011lfl.1, ENSP00000330060-uc003cfc.1-uc010hfw.1, ENSP00000338235-uc003yhz.2-uc010mbf.2, ENSP00000431883-uc001qhb.1-uc009zcz.1	0.999889181365	E
1	0.000110725379152	1.00011	ENSP00000261191-uc001rhk.3-uc001rhj.3, ENSP00000262304, ENSP00000266022-uc003cyc.2-uc011bdi.1, ENSP00000357835-uc001lhs.1-uc009yaj.1	0.999889280751	E
1	0.000110038154765	1.00011	ENSP00000344666, ENSP00000369773-uc003mux.2-uc011dhs.1, ENSP00000382924-uc002knq.2-uc002knt.2, ENSP00000457258-uc002ejb.2-uc002ejc.2	0.999889967899	E
1	0.000109258584831	1.00011	ENSP00000267484-uc001xen.1-uc001xek.1, ENSP00000311997, ENSP00000440495-uc010xim.1-uc002mbr.3, ENSP00000454657-uc001wsy.1-uc001wtc.1	0.999890747384	E
1	0.000108892164719	1.00011	ENSP00000228280-uc001tav.2-uc009zsn.2, ENSP00000291565-uc002zdm.3-uc002zdq.3, ENSP00000299638-uc002aet.3-uc002aeu.3, ENSP00000381031-uc003aet.2-uc003aey.2	0.999891113764	E
1	0.000108638606706	1.00011	ENSP00000273359-uc003dyk.3-uc011bhq.1, ENSP00000296051-uc003ewu.1-uc011bnq.1, ENSP00000307432-uc003dna.3-uc010hob.2, ENSP00000399402-uc003jnq.3-uc003jnp.3	0.999891367294	E
1	0.000108475415092	1.00011	ENSP00000218089, ENSP00000238714-uc002sai.2-uc010fch.2, ENSP00000318176-uc002umf.2-uc002umd.2, ENSP00000419231-uc003esl.2-uc011bmm.1	0.999891530468	E
1	0.000108408969022	1.00011	ENSP00000258796-uc003smp.2-uc010ksn.2, ENSP00000284878-uc002yki.2-uc002ykj.1, ENSP00000303423-uc003xps.2-uc003xpu.2, ENSP00000345772-uc003oku.3-uc010jvx.2	0.999891596907	E
1	0.00010816422698	1.00011	ENSP00000252015-uc002xbk.2-uc010zuq.1, ENSP00000312244-uc004cuw.2-uc004cux.2, ENSP00000327214-uc001baa.2-uc001azz.1, ENSP00000364218-uc004aym.2-uc004ayk.2	0.999891841623	E
1	0.000108116826358	1.00011	ENSP00000264400-uc003hmi.1-uc010ijq.1, ENSP00000337746-uc002njd.1-uc002njf.1, ENSP00000365048-uc001vqr.2-uc010agj.2, ENSP00000395653-uc002hbf.1-uc002hbg.1	0.999891889018	E
1	0.000108053164286	1.00011	ENSP00000252999, ENSP00000292140-uc002own.3-uc010eit.2, ENSP00000371531-uc003zhl.1-uc003zhn.1, ENSP00000460334-uc002qdo.2-uc002qdn.2	0.999891952673	E
1	0.000106991371055	1.00011	ENSP00000300584-uc002bcy.3-uc010bla.2, ENSP00000323973-uc003emn.2-uc003ems.2, ENSP00000334143-uc002vxx.3-uc002vxy.2, ENSP00000385839-uc001snt.2-uc009zpn.1	0.999893014352	E
1	0.000106422816259	1.00011	ENSP00000268099-uc002azb.1-uc002aza.1, ENSP00000318883-uc002zmw.2-uc002zna.2, ENSP00000354850-uc001ktv.2-uc001ktu.2, ENSP00000381693-uc001jve.2-uc009xrn.1	0.999893582846	E
1	0.000105174783015	1.00011	ENSP00000203407-uc003cub.1-uc003cua.1, ENSP00000261798-uc003lqy.1-uc003lqu.2, ENSP00000322532-uc001oic.3-uc001oid.3, ENSP00000403476-uc010oia.1-uc010oib.1	0.999894830748	E
1	0.00010395980817	1.0001	ENSP00000253024-uc002qtg.1-uc002qth.1, ENSP00000312734-uc002alz.2-uc010uih.1, ENSP00000367893-uc001imk.2-uc010qbs.1, ENSP00000435697-uc003yyv.2-uc011lki.1	0.999896045595	E
1	0.000103605165902	1.0001	ENSP00000196482-uc002qsw.1-uc002qsx.1, ENSP00000260382-uc002asw.2-uc002asz.2, ENSP00000314499-uc003gbm.3-uc003gbk.3, ENSP00000355183	0.999896400201	E
1	0.000102987525842	1.0001	ENSP00000307023-uc002raf.1-uc010yjc.1, ENSP00000356554-uc003qjr.3-uc010khh.2, ENSP00000370467-uc004crv.2-uc010ndl.2, ENSP00000386722-uc009ytl.2-uc001oth.3	0.999897017777	E
1	0.00010268827818	1.0001	ENSP00000298229-uc001osf.2-uc001osg.2, ENSP00000315118-uc002oor.2-uc002ooq.1, ENSP00000329748-uc001rls.1-uc001rlr.1, ENSP00000363283-uc001bmr.1-uc010ofe.1	0.999897316994	E
1	0.000102080925822	1.0001	ENSP00000259021-uc002ipm.2-uc010wmg.1, ENSP00000356591-uc001gml.2-uc010pnk.1, ENSP00000373390, ENSP00000383191-uc002zhg.2-uc002zhk.2	0.999897924284	E
1	0.000100370214667	1.0001	ENSP00000256398-uc003xgo.3-uc011lat.1, ENSP00000382213, ENSP00000415034-uc003cqp.2-uc010hjo.1, ENSP00000417132-uc003ddx.2-uc010hmh.2	0.999899634822	E
1	0.000100175195367	1.0001	ENSP00000247956-uc002mku.2-uc002mkw.2, ENSP00000362344-uc004bsg.1-uc004bsi.1, ENSP00000413507-uc011kav.1-uc003tey.2, ENSP00000413937-uc002fsr.2-uc010vql.1	0.999899829822	E
1	9.89468968148e-05	1.0001	ENSP00000251582-uc003mjw.2-uc011dgm.1, ENSP00000365200-uc001vpo.2-uc001vpp.2, ENSP00000380651-uc001vnn.1-uc001vnm.1, ENSP00000382924-uc002knq.2-uc002knt.2	0.999901057998	E
1	9.83442752002e-05	1.0001	ENSP00000261819-uc001uag.2-uc010szv.1, ENSP00000300249-uc002kyg.2-uc010xcd.1, ENSP00000355897-uc001hlm.2-uc001hlo.2, ENSP00000469583-uc010rye.1-uc001pti.2	0.99990166056	E
1	9.73225305234e-05	1.0001	ENSP00000345772-uc003oku.3-uc010jvx.2, ENSP00000377880-uc003dof.2-uc003doe.2, ENSP00000398401-uc003umc.2-uc003umd.2, ENSP00000433388-uc003dcn.2-uc010hly.2	0.999902682205	E
1	9.6366457109e-05	1.0001	ENSP00000256398-uc003xgo.3-uc011lat.1, ENSP00000357307-uc001fmg.2-uc010pgq.1, ENSP00000419446-uc003xmr.2-uc003xms.2, ENSP00000453969-uc001zlh.3-uc010ucn.1	0.999903638186	E
1	9.57988111941e-05	1.0001	ENSP00000264122-uc003dwc.2-uc003dwa.2, ENSP00000356272-uc003qoi.2-uc011eeq.1, ENSP00000367064, ENSP00000375810-uc002pbf.1-uc010ejy.1	0.999904205777	E
1	9.54839128967e-05	1.0001	ENSP00000324960-uc001olo.2-uc001oln.2, ENSP00000358918-uc001kvy.1-uc009xxe.1, ENSP00000366475-uc001obx.2-uc001obw.2, ENSP00000379931-uc003ccg.2-uc010hfc.2	0.999904520646	E
1	9.42560148725e-05	1.00009	ENSP00000313854-uc003jch.2-uc003jcg.2, ENSP00000355299-uc001gqt.3-uc001gqu.3, ENSP00000377389-uc001onw.2-uc001onz.2, ENSP00000377864-uc001ses.2-uc001sev.2	0.999905748427	E
1	9.35688611137e-05	1.00009	ENSP00000223061-uc003uvo.2-uc003uvp.1, ENSP00000258962-uc002ivi.2-uc002ivj.2, ENSP00000324944-uc003ncx.1-uc011dji.1, ENSP00000386996-uc002vtb.1-uc002vta.2	0.999906435516	E
1	9.33502591336e-05	1.00009	ENSP00000245787-uc002tlk.2-uc010yye.1, ENSP00000258796-uc003smp.2-uc010ksn.2, ENSP00000312734-uc002alz.2-uc010uih.1, ENSP00000420793-uc002scl.2-uc010ypx.1	0.999906654098	E
1	9.19299021258e-05	1.00009	ENSP00000252826-uc002pmw.2-uc002pmy.2, ENSP00000288078-uc002eyy.2-uc002eyz.2, ENSP00000321330-uc002qys.2-uc002qyt.2, ENSP00000363753-uc004bdn.2-uc010mtr.2	0.999908074323	E
1	9.19114546235e-05	1.00009	ENSP00000263634-uc002rxg.1-uc002rxf.1, ENSP00000271588, ENSP00000343273-uc003svs.3-uc011jyv.1, ENSP00000345731-uc003fxn.3-uc011bud.1	0.999908092769	E
1	9.02980579727e-05	1.00009	ENSP00000255759-uc002dec.1-uc002ded.1, ENSP00000300249-uc002kyg.2-uc010xcd.1, ENSP00000362187-uc004bsx.1-uc004bsw.1, ENSP00000369681-uc002amf.2-uc010uik.1	0.999909706019	E
1	8.95698471021e-05	1.00009	ENSP00000264720-uc002rjw.1-uc010eyy.1, ENSP00000321330-uc002qys.2-uc002qyt.2, ENSP00000355428-uc001iew.1-uc010pzq.1, ENSP00000400717-uc002jfc.2-uc010wqh.1	0.999910434164	E
1	8.90903663779e-05	1.00009	ENSP00000335321, ENSP00000359050-uc009xwy.1-uc009xwx.1, ENSP00000361245-uc009vxk.2-uc001cmx.3, ENSP00000414224-uc002tmk.2-uc010yys.1	0.999910913602	E
1	8.73806124167e-05	1.00009	ENSP00000301831-uc003ckv.3-uc003cku.3, ENSP00000348359-uc001ptt.2-uc009zai.1, ENSP00000391524-uc011arv.1-uc011aru.1, ENSP00000465500-uc002lin.2-uc010dpv.2	0.999912623205	E
1	8.69167984461e-05	1.00009	ENSP00000262207-uc003yan.2-uc011lfl.1, ENSP00000292616-uc003uzn.2-uc003uzo.2, ENSP00000314193-uc002uql.1-uc002uqo.1, ENSP00000378322-uc003hvu.2-uc010ilk.2	0.999913086979	E
1	8.65911513047e-05	1.00009	ENSP00000265963-uc001moh.2-uc001moj.2, ENSP00000290341-uc002iom.2-uc010dbj.2, ENSP00000319255-uc001pdg.2-uc009yvz.2, ENSP00000408576-uc003cop.1-uc010hit.1	0.999913412598	E
1	8.64148456757e-05	1.00009	ENSP00000247956-uc002mku.2-uc002mkw.2, ENSP00000261047-uc003dxj.2-uc003dxk.2, ENSP00000359050-uc009xwy.1-uc009xwx.1, ENSP00000366522-uc003zds.1-uc011llk.1	0.999913588888	E
1	8.57333155149e-05	1.00009	ENSP00000239906-uc003lcw.2-uc011cyr.1, ENSP00000271688-uc001evz.2-uc009wmh.2, ENSP00000326804-uc003wey.2-uc003wez.2, ENSP00000336923-uc003ilf.2-uc003ili.2	0.999914270359	E
1	8.48053675205e-05	1.00008	ENSP00000255499-uc004eml.2-uc004emk.2, ENSP00000361009-uc002xtw.1-uc002xtv.1, ENSP00000382213, ENSP00000439628-uc002fuy.1-uc010ckc.1	0.999915198228	E
1	8.45012861331e-05	1.00008	ENSP00000345895-uc003bfr.2-uc011aqn.1, ENSP00000356210-uc003qph.2-uc003qpg.2, ENSP00000356940-uc003qdf.2-uc003qde.2, ENSP00000413520-uc002jmj.3-uc002jmi.2	0.999915502284	E
1	8.37211203946e-05	1.00008	ENSP00000280700-uc003cdl.2-uc003cdk.2, ENSP00000296595-uc003kjc.2-uc011ctx.1, ENSP00000308018-uc003ziz.1-uc003zja.1, ENSP00000324842-uc001uhc.2-uc009zyh.2	0.999916282384	E
1	8.30844771173e-05	1.00008	ENSP00000264350-uc003hrt.2-uc011cdm.1, ENSP00000316042-uc003lbt.2-uc010jeo.2, ENSP00000386626-uc002tzd.3-uc010zch.1, ENSP00000442050-uc002kch.1-uc010wva.1	0.999916918974	E
1	8.30399367688e-05	1.00008	ENSP00000261881-uc002apr.2-uc010ujn.1, ENSP00000364001-uc001iwx.3-uc001iwv.3, ENSP00000378130-uc003hzr.3-uc003hzq.2, ENSP00000378857-uc003cvj.2-uc011bby.1	0.999916963511	E
1	8.29948937436e-05	1.00008	ENSP00000289407-uc003vop.1-uc003voq.1, ENSP00000301011-uc002fky.2-uc002fkz.2, ENSP00000304669-uc003ldh.2-uc003ldl.2, ENSP00000321330-uc002qys.2-uc002qyt.2	0.99991700855	E
1	8.27420784178e-05	1.00008	ENSP00000276893-uc003zjy.2-uc003zkb.2, ENSP00000317232-uc002hxv.2-uc002hxw.1, ENSP00000328023-uc001qdh.2-uc010sbm.1, ENSP00000435697-uc003yyv.2-uc011lki.1	0.999917261345	E
1	8.26351191015e-05	1.00008	ENSP00000272638-uc002tur.2-uc002tut.2, ENSP00000307491-uc003cit.2-uc003ciu.2, ENSP00000326804-uc003wey.2-uc003wez.2, ENSP00000358635-uc003pla.2-uc003pkz.2	0.999917368295	E
1	8.25893628438e-05	1.00008	ENSP00000326674-uc002chn.2-uc002chp.2, ENSP00000367893-uc001imk.2-uc010qbs.1, ENSP00000369677-uc002rii.3-uc002rik.3, ENSP00000377374-uc003mbw.3-uc011dfa.1	0.999917414048	E
1	8.18394808427e-05	1.00008	ENSP00000290810-uc002eqf.2-uc002eqg.2, ENSP00000337358-uc002zmf.2-uc002zme.2, ENSP00000360158, ENSP00000430548-uc003yht.1-uc003yhu.1	0.999918163868	E
1	8.18394808427e-05	1.00008	ENSP00000265963-uc001moh.2-uc001moj.2, ENSP00000280377-uc001src.1-uc001srb.1, ENSP00000357841-uc001eym.2-uc010pdg.1, ENSP00000386935-uc010ncb.2-uc004cla.3	0.999918163868	E
1	8.06576117759e-05	1.00008	ENSP00000005587-uc003syc.2-uc011jzj.1, ENSP00000342581-uc011mbe.1-uc004bvh.2, ENSP00000373206-uc003dnl.2-uc003dnj.2, ENSP00000457354-uc002fhe.2-uc002fhd.2	0.999919345641	E
1	8.02532273335e-05	1.00008	ENSP00000295802-uc002spd.2-uc010fgf.2, ENSP00000323302-uc001tbc.2-uc009zsq.2, ENSP00000358450-uc001ehg.2-uc001ehf.2, ENSP00000390121-uc002jbv.2-uc010wps.1	0.999919749993	E
1	7.97670680003e-05	1.00008	ENSP00000349428-uc002lpp.2-uc002lps.2, ENSP00000354671-uc001cov.2-uc001cpa.2, ENSP00000386935-uc010ncb.2-uc004cla.3, ENSP00000419126-uc001lgw.2-uc001lgx.2	0.999920236113	E
1	7.96653331297e-05	1.00008	ENSP00000268099-uc002azb.1-uc002aza.1, ENSP00000313953-uc002rom.2-uc002ron.2, ENSP00000354897, ENSP00000436619-uc004aiq.2-uc004air.2	0.99992033784	E
1	7.87706298697e-05	1.00008	ENSP00000261405-uc001qnn.1-uc010set.1, ENSP00000318884, ENSP00000352567-uc003pwt.2-uc003pwu.2, ENSP00000430548-uc003yht.1-uc003yhu.1	0.999921232472	E
1	7.86721967467e-05	1.00008	ENSP00000238714-uc002sai.2-uc010fch.2, ENSP00000341154-uc001yno.2-uc001yns.2, ENSP00000348564-uc001zql.2-uc001zqj.2, ENSP00000375051-uc001chn.2-uc001chp.2	0.999921330898	E
1	7.74591335572e-05	1.00008	ENSP00000019103-uc002tma.2-uc002tlz.2, ENSP00000300456-uc004but.2-uc004buu.2, ENSP00000305924-uc001ycs.1-uc001ycr.2, ENSP00000314499-uc003gbm.3-uc003gbk.3	0.999922543866	E
1	7.73456771887e-05	1.00008	ENSP00000314420-uc002gkd.2-uc010cns.2, ENSP00000354958-uc001fjm.2-uc009wql.2, ENSP00000386810-uc010ywk.1-uc010ywl.1, ENSP00000400065-uc003afi.2-uc011ako.1	0.999922657314	E
1	7.71140494238e-05	1.00008	ENSP00000246151-uc001bhq.2-uc010oeb.1, ENSP00000261643-uc002gof.3-uc010vvt.1, ENSP00000319255-uc001pdg.2-uc009yvz.2, ENSP00000336914-uc004asz.2-uc011luc.1	0.999922888924	E
1	7.71140494238e-05	1.00008	ENSP00000174653-uc003xoo.2-uc010lxe.2, ENSP00000262031-uc001sln.2-uc010sqp.1, ENSP00000319255-uc001pdg.2-uc009yvz.2, ENSP00000343027-uc003uhb.1-uc011kgt.1	0.999922888924	E
1	7.70511506101e-05	1.00008	ENSP00000238823-uc002rpa.1-uc010ynd.1, ENSP00000264638-uc002iay.2-uc010wgs.1, ENSP00000345444-uc001qfp.2-uc009zcv.2, ENSP00000363894-uc004bci.2-uc004bcj.1	0.999922951818	E
1	7.70076826155e-05	1.00008	ENSP00000268057-uc002avb.2-uc002avc.2, ENSP00000341097, ENSP00000351042-uc002nqi.2-uc002nqh.2, ENSP00000422464-uc003iph.1-uc011cir.1	0.999922995282	E
1	7.69886618577e-05	1.00008	ENSP00000254322-uc002myz.1-uc010xnr.1, ENSP00000369677-uc002rii.3-uc002rik.3, ENSP00000381204-uc001pha.2-uc009yxc.2, ENSP00000381785-uc004bga.1-uc011lwv.1	0.999923014302	E
1	7.63449688531e-05	1.00008	ENSP00000264963-uc002swu.2-uc010yuw.1, ENSP00000360577-uc001cup.3-uc010onl.1, ENSP00000364902-uc002wxp.2-uc010ztu.1, ENSP00000379350-uc001iwt.3-uc001iwr.3	0.999923657945	E
1	7.62815642633e-05	1.00008	ENSP00000308344-uc002jbc.2-uc010wpn.1, ENSP00000336630-uc003aab.2-uc011ajs.1, ENSP00000354571-uc001ora.2-uc001orb.2, ENSP00000405424-uc011lht.1-uc003yml.2	0.999923721345	E
1	7.58718060058e-05	1.00008	ENSP00000225388-uc002hdy.3-uc002hdx.3, ENSP00000339314-uc002zxs.2-uc002zxr.1, ENSP00000356966-uc001fze.2-uc009wue.2, ENSP00000368800-uc010cdu.2-uc002ept.2	0.999924131072	E
1	7.56071421575e-05	1.00008	ENSP00000006015-uc003syx.2-uc003syy.2, ENSP00000259021-uc002ipm.2-uc010wmg.1, ENSP00000283195, ENSP00000344223-uc002fhi.2-uc002fhh.2	0.999924395716	E
1	7.53097561694e-05	1.00008	ENSP00000329748-uc001rls.1-uc001rlr.1, ENSP00000364028-uc001bek.2-uc001bei.2, ENSP00000439303-uc010ymi.1-uc002rma.2, ENSP00000470710-uc011myk.1-uc004fgx.2	0.99992469308	E
1	7.52552872277e-05	1.00008	ENSP00000261173-uc001tbh.2-uc009zsr.2, ENSP00000297837-uc004ayu.2-uc004ayv.1, ENSP00000358335-uc003pnz.1-uc003pny.1, ENSP00000462311-uc002llm.1-uc010dqs.2	0.999924747544	E
1	7.52344658102e-05	1.00008	ENSP00000298229-uc001osf.2-uc001osg.2, ENSP00000318884, ENSP00000330060-uc003cfc.1-uc010hfw.1, ENSP00000350967-uc002kzk.1-uc002kzo.1	0.999924768364	E
1	7.52310233072e-05	1.00008	ENSP00000281924-uc002ttx.2-uc002tty.2, ENSP00000288988-uc002rnr.2-uc002rnq.2, ENSP00000354995-uc002zaq.2-uc002zao.2, ENSP00000412173-uc001bvh.3-uc010ohi.1	0.999924771806	E
1	7.49496011526e-05	1.00007	ENSP00000261632-uc001uni.2-uc010tcq.1, ENSP00000271588, ENSP00000271688-uc001evz.2-uc009wmh.2, ENSP00000361355-uc001kbl.2-uc001kbo.3	0.999925053207	E
1	7.44562869235e-05	1.00007	ENSP00000264670-uc003jdu.2-uc003jds.2, ENSP00000285518-uc003wqo.2-uc011kwm.1, ENSP00000349490-uc003ass.1-uc003asr.1, ENSP00000419475-uc003exk.2-uc003exj.1	0.999925546485	E
1	7.44287229762e-05	1.00007	ENSP00000316426-uc002hqi.3-uc010cvn.1, ENSP00000336630-uc003aab.2-uc011ajs.1, ENSP00000394902-uc001lei.1-uc010qtb.1, ENSP00000406571-uc003mds.3-uc003mdv.2	0.999925574047	E
1	7.41710717904e-05	1.00007	ENSP00000253270-uc004awc.2-uc004awd.2, ENSP00000256649-uc001egz.2-uc001eha.2, ENSP00000288502-uc004bjd.3-uc004bjf.3, ENSP00000358635-uc003pla.2-uc003pkz.2	0.999925831679	E
1	7.40434508793e-05	1.00007	ENSP00000268489, ENSP00000341154-uc001yno.2-uc001yns.2, ENSP00000345895-uc003bfr.2-uc011aqn.1, ENSP00000419879-uc002wls.2-uc010zqv.1	0.99992595929	E
1	7.39141093677e-05	1.00007	ENSP00000267101-uc001sjh.2-uc001sjl.2, ENSP00000307432-uc003dna.3-uc010hob.2, ENSP00000318883-uc002zmw.2-uc002zna.2, ENSP00000329748-uc001rls.1-uc001rlr.1	0.999926088622	E
1	7.29719015461e-05	1.00007	ENSP00000297029-uc003ssn.3-uc003sso.3, ENSP00000362656-uc004bpc.2-uc010mws.2, ENSP00000367030-uc001iop.2-uc001ior.2, ENSP00000470710-uc011myk.1-uc004fgx.2	0.999927030761	E
1	7.22034701337e-05	1.00007	ENSP00000322242-uc001typ.3-uc001tyq.3, ENSP00000338777-uc002boq.3-uc002bos.3, ENSP00000394902-uc001lei.1-uc010qtb.1, ENSP00000451763-uc001xoz.1-uc010tuj.1	0.999927799136	E
1	7.20493418661e-05	1.00007	ENSP00000260803-uc003erv.2-uc003ert.2, ENSP00000287675-uc003cih.2-uc011ayq.1, ENSP00000406571-uc003mds.3-uc003mdv.2, ENSP00000441045-uc003gkw.3-uc003gky.2	0.999927953254	E
1	7.19470610466e-05	1.00007	ENSP00000264832-uc002mnq.2-uc010xle.1, ENSP00000328103-uc003ala.1-uc003akx.1, ENSP00000332979-uc002yyw.2-uc010goo.2, ENSP00000364101-uc004duh.1-uc004dui.3	0.999928055527	E
1	7.19430398782e-05	1.00007	ENSP00000274000-uc003iaj.3-uc003iak.3, ENSP00000295802-uc002spd.2-uc010fgf.2, ENSP00000350967-uc002kzk.1-uc002kzo.1, ENSP00000395007-uc010lpi.2-uc003wfw.2	0.999928059548	E
1	7.18498220858e-05	1.00007	ENSP00000276893-uc003zjy.2-uc003zkb.2, ENSP00000293350-uc002pnt.2-uc010yat.1, ENSP00000355180-uc002zhu.1-uc002zhw.1, ENSP00000361178-uc004eof.1-uc004eog.1	0.999928152759	E
1	7.16595500023e-05	1.00007	ENSP00000268482-uc002fcb.2-uc010vmp.1, ENSP00000343129-uc001pwz.2-uc001pwy.2, ENSP00000359094-uc002yfq.1-uc002yfo.1, ENSP00000374455-uc003mkw.3-uc003mkv.3	0.999928343017	E
1	7.06379176226e-05	1.00007	ENSP00000310841-uc002fjw.2-uc010vot.1, ENSP00000339314-uc002zxs.2-uc002zxr.1, ENSP00000357047-uc003qcs.1-uc003qcr.1, ENSP00000370196-uc003blh.2-uc003blf.2	0.999929364577	E
1	7.02286981733e-05	1.00007	ENSP00000261191-uc001rhk.3-uc001rhj.3, ENSP00000291565-uc002zdm.3-uc002zdq.3, ENSP00000307387-uc003cfx.2-uc011axw.1, ENSP00000354571-uc001ora.2-uc001orb.2	0.999929773768	E
1	7.00443210755e-05	1.00007	ENSP00000334229-uc001rfq.2-uc010sir.1, ENSP00000362082-uc003orn.2-uc011duk.1, ENSP00000364493-uc004aur.2-uc011luh.1, ENSP00000441285-uc001gee.2-uc010plh.1	0.999929958132	E
1	6.88327559202e-05	1.00007	ENSP00000253669-uc002nfe.2-uc002nff.2, ENSP00000261173-uc001tbh.2-uc009zsr.2, ENSP00000265872-uc001joo.2-uc010qjb.1, ENSP00000295119-uc002upf.2-uc010zfs.1	0.999931169613	E
1	6.88022475587e-05	1.00007	ENSP00000219689-uc002dll.2-uc002dlk.2, ENSP00000265077, ENSP00000337746-uc002njd.1-uc002njf.1, ENSP00000356713-uc003qho.2-uc011edm.1	0.999931200119	E
1	6.87837898311e-05	1.00007	ENSP00000318921-uc002ueg.2-uc002uej.2, ENSP00000336750-uc002rli.1-uc010ezh.1, ENSP00000352208-uc001kin.2-uc009xue.2, ENSP00000418754-uc011dve.1-uc010jyj.1	0.999931218576	E
1	6.71366755009e-05	1.00007	ENSP00000218089, ENSP00000319726-uc001odu.3-uc009yqj.2, ENSP00000374455-uc003mkw.3-uc003mkv.3, ENSP00000439628-uc002fuy.1-uc010ckc.1	0.999932865578	E
1	6.71111208859e-05	1.00007	ENSP00000262394-uc002gzd.1-uc002gze.1, ENSP00000355330-uc002xhr.2-uc010zvx.1, ENSP00000386844, ENSP00000402717-uc002rvk.2-uc002rvl.2	0.999932891131	E
1	6.69067524989e-05	1.00007	ENSP00000230901-uc003lcg.2-uc011cyl.1, ENSP00000233146-uc002rvy.1-uc010fbg.2, ENSP00000317214-uc004epc.1-uc011msu.1, ENSP00000367868-uc001imo.3-uc001imn.2	0.999933095486	E
1	6.68083984697e-05	1.00007	ENSP00000273371-uc003ecu.2-uc011bjc.1, ENSP00000305483-uc001ifc.1-uc001ifd.1, ENSP00000339435-uc002fue.1-uc002fui.1, ENSP00000471186-uc004fli.3-uc004flj.2	0.999933193833	E
1	6.67151406236e-05	1.00007	ENSP00000292616-uc003uzn.2-uc003uzo.2, ENSP00000303423-uc003xps.2-uc003xpu.2, ENSP00000349636-uc002itb.2-uc002ita.2, ENSP00000377864-uc001ses.2-uc001sev.2	0.999933287085	E
1	6.62215864871e-05	1.00007	ENSP00000251143-uc002dgn.1-uc002dgp.1, ENSP00000320663-uc002rsi.2-uc010ynv.1, ENSP00000381008, ENSP00000438341-uc001tnj.2-uc010sxf.1	0.999933780606	E
1	6.57972572425e-05	1.00007	ENSP00000287675-uc003cih.2-uc011ayq.1, ENSP00000357507-uc001fei.2-uc001fef.1, ENSP00000386935-uc010ncb.2-uc004cla.3, ENSP00000428205-uc003yqr.2-uc003yqq.2	0.999934204907	E
1	6.52581536873e-05	1.00007	ENSP00000262809-uc002njh.2-uc002njg.2, ENSP00000264501, ENSP00000357551-uc001lmg.1-uc001lmf.1, ENSP00000464306-uc001eoc.1-uc001eod.1	0.999934743976	E
1	6.49432130352e-05	1.00006	ENSP00000217909-uc004erd.2-uc011mtt.1, ENSP00000319726-uc001odu.3-uc009yqj.2, ENSP00000358335-uc003pnz.1-uc003pny.1, ENSP00000359233-uc001dqn.3-uc009wdr.2	0.999935058896	E
1	6.43942572013e-05	1.00006	ENSP00000219478-uc002cxp.1-uc002cxo.1, ENSP00000264381-uc003fem.3-uc003fen.3, ENSP00000349636-uc002itb.2-uc002ita.2, ENSP00000360158	0.999935607816	E
1	6.41377418156e-05	1.00006	ENSP00000245796-uc002tjc.2-uc002tjh.2, ENSP00000337358-uc002zmf.2-uc002zme.2, ENSP00000367030-uc001iop.2-uc001ior.2, ENSP00000462521-uc001enn.3-uc001enm.1	0.999935864315	E
1	6.32575547096e-05	1.00006	ENSP00000344666, ENSP00000354995-uc002zaq.2-uc002zao.2, ENSP00000358862-uc001kwt.2-uc001kwu.2, ENSP00000371535-uc003grg.2-uc003grh.2	0.999936744446	E
1	6.28790640242e-05	1.00006	ENSP00000271588, ENSP00000345444-uc001qfp.2-uc009zcv.2, ENSP00000378130-uc003hzr.3-uc003hzq.2, ENSP00000461672-uc002kal.1-uc002kai.1	0.999937122913	E
1	6.27302524635e-05	1.00006	ENSP00000233146-uc002rvy.1-uc010fbg.2, ENSP00000265395-uc003szf.2-uc003szh.2, ENSP00000324944-uc003ncx.1-uc011dji.1, ENSP00000328236-uc001ucv.2-uc010taf.1	0.999937271715	E
1	6.27060959168e-05	1.00006	ENSP00000265395-uc003szf.2-uc003szh.2, ENSP00000298281, ENSP00000343405-uc001jux.2-uc010qkq.1, ENSP00000386722-uc009ytl.2-uc001oth.3	0.99993729587	E
1	6.23114719413e-05	1.00006	ENSP00000261308-uc003jtv.3-uc011cqw.1, ENSP00000296595-uc003kjc.2-uc011ctx.1, ENSP00000419475-uc003exk.2-uc003exj.1, ENSP00000470203-uc004fjs.1-uc010nur.2	0.999937690469	E
1	6.20143215539e-05	1.00006	ENSP00000219689-uc002dll.2-uc002dlk.2, ENSP00000256496-uc003bqg.2-uc011asy.1, ENSP00000262593-uc002xwy.2-uc010gin.2, ENSP00000324944-uc003ncx.1-uc011dji.1	0.999937987601	E
1	6.19784729379e-05	1.00006	ENSP00000281142-uc003igp.2-uc003igo.2, ENSP00000301475-uc010dwg.1-uc010xkh.1, ENSP00000361625-uc004bxc.2-uc004bxf.2, ENSP00000469947-uc001qsl.2-uc009zfr.2	0.999938023448	E
1	6.15945939836e-05	1.00006	ENSP00000291565-uc002zdm.3-uc002zdq.3, ENSP00000316578-uc002hgs.2-uc002hgt.2, ENSP00000337313-uc001ucn.2-uc001ucl.2, ENSP00000357841-uc001eym.2-uc010pdg.1	0.999938407303	E
1	6.15236206963e-05	1.00006	ENSP00000260453-uc002adr.2-uc010bfo.2, ENSP00000298317-uc001qde.2-uc010sbl.1, ENSP00000349824-uc004cxv.1-uc004cxw.1, ENSP00000362285-uc001jrr.3-uc001jru.3	0.999938478272	E
1	6.14996673236e-05	1.00006	ENSP00000323591-uc002gst.2-uc010vxq.1, ENSP00000360158, ENSP00000417401-uc002yfm.2-uc002yfl.1, ENSP00000471888-uc010vhz.1-uc010vhw.1	0.999938502224	E
1	6.1350732178e-05	1.00006	ENSP00000264424-uc003ipc.2-uc003ipd.2, ENSP00000333657-uc002yzf.1-uc010gop.1, ENSP00000356607-uc001glz.2-uc010pnb.1, ENSP00000359665-uc001kog.1-uc009xvw.1	0.99993865115	E
1	6.12081372762e-05	1.00006	ENSP00000223061-uc003uvo.2-uc003uvp.1, ENSP00000321636-uc002gsx.1-uc010cpz.1, ENSP00000357835-uc001lhs.1-uc009yaj.1, ENSP00000362824-uc004eaa.1-uc004ead.2	0.999938793736	E
1	6.11670156351e-05	1.00006	ENSP00000260408-uc002afd.1-uc010ugz.1, ENSP00000320043-uc003xry.2-uc011ldx.1, ENSP00000336750-uc002rli.1-uc010ezh.1, ENSP00000463916-uc001etp.2-uc001etq.2	0.999938834855	E
1	6.09907114134e-05	1.00006	ENSP00000299638-uc002aet.3-uc002aeu.3, ENSP00000328236-uc001ucv.2-uc010taf.1, ENSP00000343273-uc003svs.3-uc011jyv.1, ENSP00000393762-uc003psu.2-uc003pst.3	0.999939011148	E
1	6.09728742306e-05	1.00006	ENSP00000251582-uc003mjw.2-uc011dgm.1, ENSP00000261798-uc003lqy.1-uc003lqu.2, ENSP00000269919-uc002nis.1-uc010xqg.1, ENSP00000318373-uc002rkk.2-uc002rkj.2	0.999939028985	E
1	6.07521295384e-05	1.00006	ENSP00000264555-uc001lqe.2-uc009yca.1, ENSP00000362298-uc001jrm.2-uc009xqk.2, ENSP00000386810-uc010ywk.1-uc010ywl.1, ENSP00000405424-uc011lht.1-uc003yml.2	0.999939249716	E
1	6.06520985764e-05	1.00006	ENSP00000220751-uc003yee.2-uc003yef.2, ENSP00000284690-uc001ljg.1-uc001lje.1, ENSP00000346246-uc002ppo.2-uc010enk.2, ENSP00000370196-uc003blh.2-uc003blf.2	0.999939349741	E
1	6.02362729868e-05	1.00006	ENSP00000261413-uc003kbz.3-uc011csd.1, ENSP00000264555-uc001lqe.2-uc009yca.1, ENSP00000369887-uc002afp.2-uc002afn.2, ENSP00000377756-uc010hoy.2-uc003drw.2	0.999939765541	E
1	6.01429257875e-05	1.00006	ENSP00000337008-uc001dnw.2-uc001dnx.2, ENSP00000354671-uc001cov.2-uc001cpa.2, ENSP00000357551-uc001lmg.1-uc001lmf.1, ENSP00000365048-uc001vqr.2-uc010agj.2	0.999939858883	E
1	5.93703225669e-05	1.00006	ENSP00000259806-uc003mtm.2-uc003mtn.2, ENSP00000278903-uc001qca.2-uc010sbf.1, ENSP00000362580-uc010ohm.1-uc010ohn.1, ENSP00000381970-uc003koa.1-uc003kob.1	0.99994063144	E
1	5.91016390402e-05	1.00006	ENSP00000238561-uc001xui.2-uc001xuj.2, ENSP00000253247-uc002jgd.1-uc010deu.1, ENSP00000286627-uc001jxm.2-uc001jxs.3, ENSP00000358060-uc001euq.2-uc009wlt.2	0.999940900107	E
1	5.83095824028e-05	1.00006	ENSP00000351631-uc001pfn.2-uc001pfm.2, ENSP00000369695-uc003zoe.2-uc011lnf.1, ENSP00000381693-uc001jve.2-uc009xrn.1, ENSP00000462664-uc002lfj.3-uc010dpg.2	0.999941692118	E
1	5.78517979247e-05	1.00006	ENSP00000305721-uc003pjl.1-uc011dyu.1, ENSP00000325326-uc002xqw.2-uc002xqv.2, ENSP00000349748-uc001bys.2-uc001byr.2, ENSP00000406229	0.999942149875	E
1	5.68562465251e-05	1.00006	ENSP00000320794, ENSP00000326514-uc003hbf.1-uc003hbg.1, ENSP00000419231-uc003esl.2-uc011bmm.1, ENSP00000436901-uc001odm.2-uc010roe.1	0.99994314537	E
1	5.65917438769e-05	1.00006	ENSP00000305924-uc001ycs.1-uc001ycr.2, ENSP00000317214-uc004epc.1-uc011msu.1, ENSP00000320688-uc003etr.2-uc011bmz.1, ENSP00000368076-uc002fbm.1-uc010vml.1	0.999943409857	E
1	5.61973968374e-05	1.00006	ENSP00000288078-uc002eyy.2-uc002eyz.2, ENSP00000341097, ENSP00000346643-uc001jpf.3-uc009xqb.2, ENSP00000359830-uc001dhu.2-uc009wca.1	0.999943804182	E
1	5.58547688173e-05	1.00006	ENSP00000254722-uc002ftl.2-uc010cjw.2, ENSP00000269919-uc002nis.1-uc010xqg.1, ENSP00000367830-uc001aiq.2-uc009vla.2, ENSP00000442050-uc002kch.1-uc010wva.1	0.999944146791	E
1	5.58075502999e-05	1.00006	ENSP00000401980-uc002wjw.3-uc002wjy.3, ENSP00000407843-uc001skp.3-uc001skq.3, ENSP00000434359-uc003yzs.2-uc003yzr.2, ENSP00000436958-uc001pbl.2-uc001pbk.2	0.999944194007	E
1	5.57278181478e-05	1.00006	ENSP00000347427-uc010vsl.1-uc010vsp.1, ENSP00000382034-uc003obw.2-uc010juc.1, ENSP00000402717-uc002rvk.2-uc002rvl.2, ENSP00000460334-uc002qdo.2-uc002qdn.2	0.999944273735	E
1	5.56661653601e-05	1.00006	ENSP00000343002-uc010aaz.2-uc001uto.3, ENSP00000353458-uc001wsk.2-uc001wsl.2, ENSP00000355897-uc001hlm.2-uc001hlo.2, ENSP00000362298-uc001jrm.2-uc009xqk.2	0.999944335384	E
1	5.55950395693e-05	1.00006	ENSP00000262304, ENSP00000313885-uc002jnz.3-uc002job.3, ENSP00000360112-uc001dbs.1-uc010opb.1, ENSP00000418823-uc002ehr.2-uc002ehs.2	0.999944406506	E
1	5.46667768887e-05	1.00005	ENSP00000257548-uc010sxi.1-uc001tnw.3, ENSP00000263440-uc010oow.1-uc001daz.2, ENSP00000269554-uc002hqs.2-uc010cvp.2, ENSP00000402301-uc003yia.2-uc010mbg.2	0.999945334717	E
1	5.40578007233e-05	1.00005	ENSP00000321636-uc002gsx.1-uc010cpz.1, ENSP00000329748-uc001rls.1-uc001rlr.1, ENSP00000354958-uc001fjm.2-uc009wql.2, ENSP00000395653-uc002hbf.1-uc002hbg.1	0.99994594366	E
1	5.36548014481e-05	1.00005	ENSP00000257700-uc003vda.1-uc010ljj.1, ENSP00000301924-uc003xfl.1-uc010lup.1, ENSP00000326381-uc003fqs.2-uc003fqv.2, ENSP00000349824-uc004cxv.1-uc004cxw.1	0.999946346638	E
1	5.32093319386e-05	1.00005	ENSP00000316007-uc002luj.2-uc010dss.2, ENSP00000320043-uc003xry.2-uc011ldx.1, ENSP00000366502-uc010oag.1-uc001aqf.2, ENSP00000367030-uc001iop.2-uc001ior.2	0.999946792084	E
1	5.31416878302e-05	1.00005	ENSP00000255499-uc004eml.2-uc004emk.2, ENSP00000316007-uc002luj.2-uc010dss.2, ENSP00000327197-uc003fwz.3-uc011bty.1, ENSP00000377756-uc010hoy.2-uc003drw.2	0.999946859724	E
1	5.30588807373e-05	1.00005	ENSP00000257700-uc003vda.1-uc010ljj.1, ENSP00000352288-uc003bkv.3-uc003bkt.1, ENSP00000358450-uc001ehg.2-uc001ehf.2, ENSP00000392264-uc010rre.1-uc009yth.2	0.999946942527	E
1	5.30267587312e-05	1.00005	ENSP00000296595-uc003kjc.2-uc011ctx.1, ENSP00000303279-uc001hmc.2-uc001hmd.2, ENSP00000419126-uc001lgw.2-uc001lgx.2, ENSP00000428205-uc003yqr.2-uc003yqq.2	0.999946974647	E
1	5.29603538434e-05	1.00005	ENSP00000257527-uc003lwz.2-uc003lwy.2, ENSP00000329419-uc003etf.3-uc011bmv.1, ENSP00000417963-uc003oth.2-uc010jyd.2, ENSP00000467075-uc010xdd.1-uc002lcy.2	0.999947041049	E
1	5.28345433889e-05	1.00005	ENSP00000252999, ENSP00000369538-uc001iil.3-uc001iim.3, ENSP00000390222-uc001vla.2-uc001vkx.2, ENSP00000413507-uc011kav.1-uc003tey.2	0.999947166852	E
1	5.2825874582e-05	1.00005	ENSP00000264350-uc003hrt.2-uc011cdm.1, ENSP00000318921-uc002ueg.2-uc002uej.2, ENSP00000362804-uc001jnh.3-uc009xpq.2, ENSP00000369681-uc002amf.2-uc010uik.1	0.999947175521	E
1	5.2754665041e-05	1.00005	ENSP00000311165-uc003tbv.1-uc010kwf.1, ENSP00000345731-uc003fxn.3-uc011bud.1, ENSP00000351631-uc001pfn.2-uc001pfm.2, ENSP00000355428-uc001iew.1-uc010pzq.1	0.999947246726	E
1	5.25295957058e-05	1.00005	ENSP00000307275-uc001fjs.2-uc001fjr.2, ENSP00000346762-uc003vmi.2-uc010lle.2, ENSP00000368102-uc001ilq.1-uc009xjb.1, ENSP00000415332-uc002uni.3-uc002unh.3	0.999947471784	E
1	5.25252255513e-05	1.00005	ENSP00000257966-uc001spn.2-uc010srx.1, ENSP00000266022-uc003cyc.2-uc011bdi.1, ENSP00000296051-uc003ewu.1-uc011bnq.1, ENSP00000439966-uc001suc.2-uc010sti.1	0.999947476154	E
1	5.25042638066e-05	1.00005	ENSP00000237596-uc003hre.2-uc011cdg.1, ENSP00000313953-uc002rom.2-uc002ron.2, ENSP00000327197-uc003fwz.3-uc011bty.1, ENSP00000415793	0.999947497115	E
1	5.22043895566e-05	1.00005	ENSP00000300738-uc001lyw.3-uc010qyd.1, ENSP00000347924-uc001leb.2-uc001ldy.2, ENSP00000365048-uc001vqr.2-uc010agj.2, ENSP00000461108-uc002qis.3-uc002qiw.2	0.999947796973	E
1	5.20261099363e-05	1.00005	ENSP00000287295-uc004evg.2-uc004evi.2, ENSP00000295802-uc002spd.2-uc010fgf.2, ENSP00000376930-uc003emz.3-uc011blc.1, ENSP00000384582	0.999947975243	E
1	5.19955107989e-05	1.00005	ENSP00000290810-uc002eqf.2-uc002eqg.2, ENSP00000353533-uc003eil.2-uc011bkh.1, ENSP00000414558-uc001wgm.2-uc010tnb.1, ENSP00000469583-uc010rye.1-uc001pti.2	0.999948005841	E
1	5.19944813744e-05	1.00005	ENSP00000262304, ENSP00000317214-uc004epc.1-uc011msu.1, ENSP00000418754-uc011dve.1-uc010jyj.1, ENSP00000439628-uc002fuy.1-uc010ckc.1	0.99994800687	E
1	5.19454657715e-05	1.00005	ENSP00000338777-uc002boq.3-uc002bos.3, ENSP00000351126-uc003kod.3-uc003kof.2, ENSP00000370196-uc003blh.2-uc003blf.2, ENSP00000393978-uc002pfj.2-uc002pfd.2	0.999948055883	E
1	5.18232225779e-05	1.00005	ENSP00000280700-uc003cdl.2-uc003cdk.2, ENSP00000295148-uc002rep.2-uc010eya.2, ENSP00000354958-uc001fjm.2-uc009wql.2, ENSP00000369677-uc002rii.3-uc002rik.3	0.99994817812	E
1	5.17205363155e-05	1.00005	ENSP00000257548-uc010sxi.1-uc001tnw.3, ENSP00000282478, ENSP00000385839-uc001snt.2-uc009zpn.1, ENSP00000461672-uc002kal.1-uc002kai.1	0.999948280801	E
1	5.14991337466e-05	1.00005	ENSP00000281405-uc002rdj.2-uc002rdh.2, ENSP00000291560-uc002zdi.2-uc011aey.1, ENSP00000329748-uc001rls.1-uc001rlr.1, ENSP00000333657-uc002yzf.1-uc010gop.1	0.999948502192	E
1	5.11983534647e-05	1.00005	ENSP00000264638-uc002iay.2-uc010wgs.1, ENSP00000312618-uc003ela.3-uc003ele.2, ENSP00000386406-uc002sky.2-uc002skt.1, ENSP00000419279-uc003vus.2-uc011kqq.1	0.999948802957	E
1	5.11421790285e-05	1.00005	ENSP00000320076-uc002jme.1-uc010wro.1, ENSP00000400113-uc001mpi.2-uc001mpj.2, ENSP00000439856-uc002nei.1-uc010xpg.1, ENSP00000440926-uc003xfp.1-uc003xfq.1	0.999948859129	E
1	5.09193105552e-05	1.00005	ENSP00000257700-uc003vda.1-uc010ljj.1, ENSP00000279804-uc002dzw.2-uc002dzx.2, ENSP00000356849-uc001gdt.1-uc010plf.1, ENSP00000389998-uc011lgk.1-uc011lgl.1	0.999949081986	E
1	5.07502334266e-05	1.00005	ENSP00000262031-uc001sln.2-uc010sqp.1, ENSP00000308622-uc004bvj.2-uc010myd.2, ENSP00000317232-uc002hxv.2-uc002hxw.1, ENSP00000407642-uc004fhc.2-uc004fhd.2	0.999949251054	E
1	5.07502334266e-05	1.00005	ENSP00000228280-uc001tav.2-uc009zsn.2, ENSP00000353375-uc003csb.2-uc003crw.2, ENSP00000385575-uc003hly.3-uc003hlx.1, ENSP00000440495-uc010xim.1-uc002mbr.3	0.999949251054	E
1	5.04218725648e-05	1.00005	ENSP00000253270-uc004awc.2-uc004awd.2, ENSP00000263563-uc001jrd.3-uc001jre.3, ENSP00000316007-uc002luj.2-uc010dss.2, ENSP00000320043-uc003xry.2-uc011ldx.1	0.999949579399	E
1	4.95915407007e-05	1.00005	ENSP00000317232-uc002hxv.2-uc002hxw.1, ENSP00000333799-uc003ubr.2-uc010lca.2, ENSP00000370839-uc003gzj.2-uc011bzp.1, ENSP00000377880-uc003dof.2-uc003doe.2	0.999950409689	E
1	4.92921906862e-05	1.00005	ENSP00000265651-uc001muz.2-uc010rej.1, ENSP00000269701-uc002nav.2-uc010dzy.2, ENSP00000275954-uc004ddh.2-uc010ngs.2, ENSP00000338457-uc003acl.2-uc003ach.2	0.999950709024	E
1	4.92921906862e-05	1.00005	ENSP00000256496-uc003bqg.2-uc011asy.1, ENSP00000283195, ENSP00000358060-uc001euq.2-uc009wlt.2, ENSP00000368076-uc002fbm.1-uc010vml.1	0.999950709024	E
1	4.92921906862e-05	1.00005	ENSP00000329748-uc001rls.1-uc001rlr.1, ENSP00000357336-uc001fkj.2-uc001fks.2, ENSP00000362884-uc001brw.2-uc001brx.2, ENSP00000380651-uc001vnn.1-uc001vnm.1	0.999950709024	E
1	4.918440388e-05	1.00005	ENSP00000196482-uc002qsw.1-uc002qsx.1, ENSP00000282308-uc002qqu.2-uc010euj.2, ENSP00000299767-uc001tkb.1-uc010swg.1, ENSP00000317902-uc001pfp.1-uc001pfr.1	0.999950816806	E
1	4.85689916834e-05	1.00005	ENSP00000260453-uc002adr.2-uc010bfo.2, ENSP00000264424-uc003ipc.2-uc003ipd.2, ENSP00000358605-uc001kzc.3-uc001kzb.2, ENSP00000362243-uc001caa.2-uc001cad.2	0.999951432188	E
1	4.84430615129e-05	1.00005	ENSP00000261643-uc002gof.3-uc010vvt.1, ENSP00000265348-uc003otq.2-uc010jyh.2, ENSP00000362580-uc010ohm.1-uc010ohn.1, ENSP00000366506-uc003mdc.3-uc003mdd.2	0.999951558112	E
1	4.81089326648e-05	1.00005	ENSP00000264266-uc003fcl.1-uc011box.1, ENSP00000294066-uc001obh.2-uc001obg.2, ENSP00000367196-uc003zyz.2-uc003zyy.1, ENSP00000382924-uc002knq.2-uc002knt.2	0.999951892225	E
1	4.804629547e-05	1.00005	ENSP00000295148-uc002rep.2-uc010eya.2, ENSP00000362656-uc004bpc.2-uc010mws.2, ENSP00000385030-uc002rgu.2-uc010ykr.1, ENSP00000419879-uc002wls.2-uc010zqv.1	0.999951954859	E
1	4.79435948979e-05	1.00005	ENSP00000322242-uc001typ.3-uc001tyq.3, ENSP00000358060-uc001euq.2-uc009wlt.2, ENSP00000379621-uc003ycn.2-uc003yco.2, ENSP00000407193-uc002jhc.2-uc002jhb.1	0.999952057554	E
1	4.786810423e-05	1.00005	ENSP00000269701-uc002nav.2-uc010dzy.2, ENSP00000417401-uc002yfm.2-uc002yfl.1, ENSP00000419446-uc003xmr.2-uc003xms.2, ENSP00000458290-uc002klh.3-uc010dkj.2	0.999952133041	E
1	4.78151722998e-05	1.00005	ENSP00000263563-uc001jrd.3-uc001jre.3, ENSP00000267101-uc001sjh.2-uc001sjl.2, ENSP00000293677-uc002moa.2-uc002mnz.2, ENSP00000300935-uc002ndn.3-uc002ndo.3	0.999952185971	E
1	4.73598138303e-05	1.00005	ENSP00000310657-uc001jvk.2-uc010qks.1, ENSP00000352645-uc003tvn.2-uc011kef.1, ENSP00000361178-uc004eof.1-uc004eog.1, ENSP00000361245-uc009vxk.2-uc001cmx.3	0.999952641308	E
1	4.73598138303e-05	1.00005	ENSP00000256649-uc001egz.2-uc001eha.2, ENSP00000327179-uc002ews.3-uc010cfi.2, ENSP00000349959-uc003jlp.2-uc010ivf.2, ENSP00000352645-uc003tvn.2-uc011kef.1	0.999952641308	E
1	4.72257476088e-05	1.00005	ENSP00000263578-uc001qdi.2-uc010sbn.1, ENSP00000281038-uc001ozi.2-uc010rsq.1, ENSP00000343027-uc003uhb.1-uc011kgt.1, ENSP00000460334-uc002qdo.2-uc002qdn.2	0.999952775368	E
1	4.71067691463e-05	1.00005	ENSP00000255759-uc002dec.1-uc002ded.1, ENSP00000316042-uc003lbt.2-uc010jeo.2, ENSP00000355897-uc001hlm.2-uc001hlo.2, ENSP00000382809-uc002yng.2-uc010glp.2	0.99995289434	E
1	4.69815377046e-05	1.00005	ENSP00000273359-uc003dyk.3-uc011bhq.1, ENSP00000379353-uc001rfo.3-uc009zix.2, ENSP00000381293-uc002iku.2-uc010wkf.1, ENSP00000410051-uc010seh.1-uc010sei.1	0.999953019566	E
1	4.65978084888e-05	1.00005	ENSP00000246062-uc002wnu.1-uc010zrd.1, ENSP00000272462-uc002tfk.2-uc010fju.2, ENSP00000272638-uc002tur.2-uc002tut.2, ENSP00000470141-uc004dmb.3-uc004dmc.3	0.999953403277	E
1	4.65978084888e-05	1.00005	ENSP00000305721-uc003pjl.1-uc011dyu.1, ENSP00000414224-uc002tmk.2-uc010yys.1, ENSP00000417401-uc002yfm.2-uc002yfl.1, ENSP00000426968-uc010iqc.2-uc003ioz.2	0.999953403277	E
1	4.65632155064e-05	1.00005	ENSP00000255759-uc002dec.1-uc002ded.1, ENSP00000304898-uc002vot.2-uc002vox.2, ENSP00000362649-uc001bvb.1-uc010ohf.1, ENSP00000370196-uc003blh.2-uc003blf.2	0.999953437869	E
1	4.64907841533e-05	1.00005	ENSP00000317232-uc002hxv.2-uc002hxw.1, ENSP00000329748-uc001rls.1-uc001rlr.1, ENSP00000349748-uc001bys.2-uc001byr.2, ENSP00000471074-uc002xfh.2-uc002xfg.2	0.999953510297	E
1	4.55995681627e-05	1.00005	ENSP00000367196-uc003zyz.2-uc003zyy.1, ENSP00000380837-uc002zil.2-uc011afv.1, ENSP00000420793-uc002scl.2-uc010ypx.1, ENSP00000441045-uc003gkw.3-uc003gky.2	0.999954401471	E
1	4.53145413989e-05	1.00005	ENSP00000234420-uc002rwd.3-uc010yoi.1, ENSP00000316007-uc002luj.2-uc010dss.2, ENSP00000351635-uc002abr.1-uc002abs.1, ENSP00000360031-uc001knf.2-uc001kne.2	0.999954686485	E
1	4.53145413989e-05	1.00005	ENSP00000267484-uc001xen.1-uc001xek.1, ENSP00000284690-uc001ljg.1-uc001lje.1, ENSP00000316007-uc002luj.2-uc010dss.2, ENSP00000333667-uc001snf.1-uc010srj.1	0.999954686485	E
1	4.50292034136e-05	1.00005	ENSP00000260649-uc002ruc.3-uc002rue.3, ENSP00000262189, ENSP00000289407-uc003vop.1-uc003voq.1, ENSP00000296529-uc003ipx.2-uc010iqi.2	0.99995497181	E
1	4.46921529014e-05	1.00004	ENSP00000219070-uc002ehz.3-uc002eia.3, ENSP00000281924-uc002ttx.2-uc002tty.2, ENSP00000343002-uc010aaz.2-uc001uto.3, ENSP00000393978-uc002pfj.2-uc002pfd.2	0.999955308846	E
1	4.44987784121e-05	1.00004	ENSP00000267836-uc001zwj.3-uc001zwh.3, ENSP00000292616-uc003uzn.2-uc003uzo.2, ENSP00000340693-uc003dts.2-uc003dtu.2, ENSP00000360065-uc001dcx.2-uc009waw.2	0.999955502212	E
1	4.42030865364e-05	1.00004	ENSP00000160298-uc002mgv.3-uc002mgw.2, ENSP00000253270-uc004awc.2-uc004awd.2, ENSP00000281405-uc002rdj.2-uc002rdh.2, ENSP00000356210-uc003qph.2-uc003qpg.2	0.99995579789	E
1	4.41691063886e-05	1.00004	ENSP00000230859-uc003jdx.1-uc010itl.1, ENSP00000239906-uc003lcw.2-uc011cyr.1, ENSP00000367227-uc003zyo.2-uc003zyn.2, ENSP00000404602-uc003soy.1-uc011jwj.1	0.999955831869	E
1	4.41400503677e-05	1.00004	ENSP00000269919-uc002nis.1-uc010xqg.1, ENSP00000273371-uc003ecu.2-uc011bjc.1, ENSP00000377756-uc010hoy.2-uc003drw.2, ENSP00000408576-uc003cop.1-uc010hit.1	0.999955860924	E
1	4.36446561201e-05	1.00004	ENSP00000289968-uc002dnb.2-uc002dmw.2, ENSP00000335321, ENSP00000338258-uc002jjo.2-uc002jjp.1, ENSP00000363506-uc002xcd.2-uc010zuz.1	0.999956356296	E
1	4.36063754279e-05	1.00004	ENSP00000264381-uc003fem.3-uc003fen.3, ENSP00000359665-uc001kog.1-uc009xvw.1, ENSP00000364899-uc004arb.2-uc011ltr.1, ENSP00000383700	0.999956394575	E
1	4.34449241459e-05	1.00004	ENSP00000296529-uc003ipx.2-uc010iqi.2, ENSP00000357336-uc001fkj.2-uc001fks.2, ENSP00000364001-uc001iwx.3-uc001iwv.3, ENSP00000395653-uc002hbf.1-uc002hbg.1	0.99995655602	E
1	4.30646607641e-05	1.00004	ENSP00000253669-uc002nfe.2-uc002nff.2, ENSP00000278193-uc001mrl.2-uc009yii.2, ENSP00000314132-uc002wbq.2-uc002wbr.2, ENSP00000338777-uc002boq.3-uc002bos.3	0.999956936267	E
1	4.30289915065e-05	1.00004	ENSP00000282003-uc001vkw.1-uc010afc.2, ENSP00000314132-uc002wbq.2-uc002wbr.2, ENSP00000387133-uc010mda.1-uc010mdb.1, ENSP00000451763-uc001xoz.1-uc010tuj.1	0.999956971934	E
1	4.2875428124e-05	1.00004	ENSP00000251143-uc002dgn.1-uc002dgp.1, ENSP00000361818-uc002xnu.2-uc010zws.1, ENSP00000380651-uc001vnn.1-uc001vnm.1, ENSP00000383411-uc002yju.1-uc010gky.1	0.999957125491	E
1	4.28146378968e-05	1.00004	ENSP00000223061-uc003uvo.2-uc003uvp.1, ENSP00000334153-uc003cay.2-uc010hes.2, ENSP00000369373-uc001mbm.1-uc001mbn.2, ENSP00000418754-uc011dve.1-uc010jyj.1	0.999957186279	E
1	4.24994082892e-05	1.00004	ENSP00000246032-uc002wfw.3-uc010zpu.1, ENSP00000401133-uc010ujs.1-uc010ujt.1, ENSP00000438341-uc001tnj.2-uc010sxf.1, ENSP00000470965-uc002tmb.2-uc010yyq.1	0.999957501495	E
1	4.24261025922e-05	1.00004	ENSP00000247956-uc002mku.2-uc002mkw.2, ENSP00000333799-uc003ubr.2-uc010lca.2, ENSP00000369009-uc004czp.2-uc004czn.3, ENSP00000376333-uc002joh.2-uc010wsd.1	0.999957574797	E
1	4.2091119483e-05	1.00004	ENSP00000248594-uc003ugh.2-uc010lds.2, ENSP00000253669-uc002nfe.2-uc002nff.2, ENSP00000361818-uc002xnu.2-uc010zws.1, ENSP00000364899-uc004arb.2-uc011ltr.1	0.999957909766	E
1	4.18648896139e-05	1.00004	ENSP00000249075-uc003agz.2-uc011aks.1, ENSP00000253024-uc002qtg.1-uc002qth.1, ENSP00000315118-uc002oor.2-uc002ooq.1, ENSP00000355809-uc001hpc.1-uc001hpd.1	0.999958135987	E
1	4.15171739914e-05	1.00004	ENSP00000307387-uc003cfx.2-uc011axw.1, ENSP00000376333-uc002joh.2-uc010wsd.1, ENSP00000386626-uc002tzd.3-uc010zch.1, ENSP00000386725-uc002uny.2-uc002unw.2	0.999958483688	E
1	4.14725385795e-05	1.00004	ENSP00000346824-uc001wjm.2-uc010akk.2, ENSP00000357438-uc001ffx.2-uc001ffu.2, ENSP00000358548-uc009wgu.2-uc001efh.3, ENSP00000419126-uc001lgw.2-uc001lgx.2	0.999958528321	E
1	4.13431595443e-05	1.00004	ENSP00000299608-uc002lkf.2-uc010xez.1, ENSP00000317232-uc002hxv.2-uc002hxw.1, ENSP00000320043-uc003xry.2-uc011ldx.1, ENSP00000394897-uc001dvj.1-uc010ouv.1	0.999958657695	E
1	4.10032834382e-05	1.00004	ENSP00000256339-uc001ybs.1-uc001ybv.1, ENSP00000279263-uc001oct.2-uc010rny.1, ENSP00000307491-uc003cit.2-uc003ciu.2, ENSP00000366502-uc010oag.1-uc001aqf.2	0.999958997557	E
1	4.06898496523e-05	1.00004	ENSP00000293261-uc002pix.1-uc010xzo.1, ENSP00000313490-uc002gkr.2-uc002gks.2, ENSP00000340626, ENSP00000385478-uc010ktx.2-uc010kty.2	0.999959310978	E
1	3.99487380344e-05	1.00004	ENSP00000226578-uc003hwg.2-uc011ces.1, ENSP00000298317-uc001qde.2-uc010sbl.1, ENSP00000351042-uc002nqi.2-uc002nqh.2, ENSP00000356554-uc003qjr.3-uc010khh.2	0.99996005206	E
1	3.97323646211e-05	1.00004	ENSP00000174653-uc003xoo.2-uc010lxe.2, ENSP00000249883-uc003eqg.1-uc003eqe.1, ENSP00000347416-uc002lva.2-uc010dsv.2, ENSP00000394902-uc001lei.1-uc010qtb.1	0.999960268425	E
1	3.94159392403e-05	1.00004	ENSP00000351635-uc002abr.1-uc002abs.1, ENSP00000386935-uc010ncb.2-uc004cla.3, ENSP00000410083-uc001tdz.2-uc009ztb.1, ENSP00000413851-uc002kud.2-uc002kub.2	0.999960584838	E
1	3.92896512291e-05	1.00004	ENSP00000275227-uc003qdw.1-uc010kgd.1, ENSP00000339486-uc001xxj.2-uc010atj.2, ENSP00000347427-uc010vsl.1-uc010vsp.1, ENSP00000365048-uc001vqr.2-uc010agj.2	0.999960711121	E
1	3.92499115029e-05	1.00004	ENSP00000307432-uc003dna.3-uc010hob.2, ENSP00000359998-uc003pbf.2-uc003pbe.2, ENSP00000360065-uc001dcx.2-uc009waw.2, ENSP00000418285	0.999960750859	E
1	3.88926820356e-05	1.00004	ENSP00000263209-uc002zri.2-uc002zrj.2, ENSP00000326514-uc003hbf.1-uc003hbg.1, ENSP00000392775-uc003vbd.2-uc011klj.1, ENSP00000442421-uc002juf.2-uc002jud.2	0.999961108074	E
1	3.87541865605e-05	1.00004	ENSP00000233146-uc002rvy.1-uc010fbg.2, ENSP00000246062-uc002wnu.1-uc010zrd.1, ENSP00000264381-uc003fem.3-uc003fen.3, ENSP00000301924-uc003xfl.1-uc010lup.1	0.999961246564	E
1	3.86996321712e-05	1.00004	ENSP00000239007-uc001kza.2-uc009xxu.2, ENSP00000313007-uc003yjs.1-uc011lhd.1, ENSP00000358060-uc001euq.2-uc009wlt.2, ENSP00000432332-uc001oxx.2-uc001oya.2	0.999961301117	E
1	3.86955635066e-05	1.00004	ENSP00000262031-uc001sln.2-uc010sqp.1, ENSP00000289968-uc002dnb.2-uc002dmw.2, ENSP00000307491-uc003cit.2-uc003ciu.2, ENSP00000326674-uc002chn.2-uc002chp.2	0.999961305185	E
1	3.7750852851e-05	1.00004	ENSP00000358262-uc001epm.3-uc009wji.2, ENSP00000368799-uc001uxu.1-uc010ace.1, ENSP00000416097-uc011maw.1-uc010mxw.2, ENSP00000463536-uc001eum.3-uc010pca.1	0.99996224986	E
1	3.75624114039e-05	1.00004	ENSP00000339486-uc001xxj.2-uc010atj.2, ENSP00000362824-uc004eaa.1-uc004ead.2, ENSP00000378857-uc003cvj.2-uc011bby.1, ENSP00000413272-uc003epr.2-uc003epq.2	0.999962438294	E
1	3.75619067538e-05	1.00004	ENSP00000264832-uc002mnq.2-uc010xle.1, ENSP00000297440-uc010krz.1-uc003sjb.2, ENSP00000373783-uc003xdh.1-uc010lty.1, ENSP00000406229	0.999962438799	E
1	3.74181590103e-05	1.00004	ENSP00000256079-uc001rjd.2-uc001rje.1, ENSP00000279281-uc001ocr.1-uc001ocs.1, ENSP00000428205-uc003yqr.2-uc003yqq.2, ENSP00000452296-uc001vwc.3-uc001vwb.3	0.999962582541	E
1	3.72642483905e-05	1.00004	ENSP00000261047-uc003dxj.2-uc003dxk.2, ENSP00000273512-uc003fig.2-uc011bpy.1, ENSP00000295148-uc002rep.2-uc010eya.2, ENSP00000430548-uc003yht.1-uc003yhu.1	0.999962736446	E
1	3.70751326545e-05	1.00004	ENSP00000290341-uc002iom.2-uc010dbj.2, ENSP00000315768-uc001slc.2-uc001slb.2, ENSP00000359727-uc003pdr.2-uc011dxo.1, ENSP00000366460-uc001iqg.1-uc009xkc.1	0.999962925555	E
1	3.6774617435e-05	1.00004	ENSP00000226578-uc003hwg.2-uc011ces.1, ENSP00000253270-uc004awc.2-uc004awd.2, ENSP00000261658-uc002dco.2-uc010uzh.1, ENSP00000328551-uc003gmu.2-uc003gmv.2	0.999963226059	E
1	3.65468466597e-05	1.00004	ENSP00000296051-uc003ewu.1-uc011bnq.1, ENSP00000359830-uc001dhu.2-uc009wca.1, ENSP00000407487-uc002bqg.2-uc002bqi.2, ENSP00000419475-uc003exk.2-uc003exj.1	0.999963453821	E
1	3.65019633121e-05	1.00004	ENSP00000326804-uc003wey.2-uc003wez.2, ENSP00000368884-uc004czu.2-uc011mjk.1, ENSP00000373783-uc003xdh.1-uc010lty.1, ENSP00000386996-uc002vtb.1-uc002vta.2	0.999963498703	E
1	3.62030596934e-05	1.00004	ENSP00000310841-uc002fjw.2-uc010vot.1, ENSP00000317904-uc002plp.2-uc010xzy.1, ENSP00000349629, ENSP00000359819-uc004eyb.2-uc010nrv.2	0.999963797596	E
1	3.61548425741e-05	1.00004	ENSP00000253270-uc004awc.2-uc004awd.2, ENSP00000374029-uc003ltj.2-uc011dcn.1, ENSP00000411409-uc002cof.1-uc002coe.1, ENSP00000445725-uc003xpm.2-uc010lxp.2	0.999963845811	E
1	3.6038773209e-05	1.00004	ENSP00000193322-uc003psd.2-uc003pse.1, ENSP00000265565-uc003crh.1-uc003crg.2, ENSP00000280700-uc003cdl.2-uc003cdk.2, ENSP00000361474-uc004eng.2-uc004enf.2	0.999963961876	E
1	3.55944574477e-05	1.00004	ENSP00000361818-uc002xnu.2-uc010zws.1, ENSP00000364218-uc004aym.2-uc004ayk.2, ENSP00000370761-uc001rgn.2-uc001rgo.2, ENSP00000381970-uc003koa.1-uc003kob.1	0.999964406176	E
1	3.55207731898e-05	1.00004	ENSP00000266022-uc003cyc.2-uc011bdi.1, ENSP00000369213-uc003zra.2-uc010mjj.2, ENSP00000377389-uc001onw.2-uc001onz.2, ENSP00000407487-uc002bqg.2-uc002bqi.2	0.999964479858	E
1	3.49857328795e-05	1.00003	ENSP00000271588, ENSP00000273371-uc003ecu.2-uc011bjc.1, ENSP00000320885-uc002roc.2-uc002rod.2, ENSP00000336914-uc004asz.2-uc011luc.1	0.999965014879	E
1	3.49730161777e-05	1.00003	ENSP00000238823-uc002rpa.1-uc010ynd.1, ENSP00000334153-uc003cay.2-uc010hes.2, ENSP00000380651-uc001vnn.1-uc001vnm.1, ENSP00000441285-uc001gee.2-uc010plh.1	0.999965027595	E
1	3.48537453731e-05	1.00003	ENSP00000259021-uc002ipm.2-uc010wmg.1, ENSP00000281038-uc001ozi.2-uc010rsq.1, ENSP00000349824-uc004cxv.1-uc004cxw.1, ENSP00000360112-uc001dbs.1-uc010opb.1	0.999965146862	E
1	3.42898165706e-05	1.00003	ENSP00000260570-uc002rku.2-uc010ezb.2, ENSP00000282478, ENSP00000300935-uc002ndn.3-uc002ndo.3, ENSP00000324944-uc003ncx.1-uc011dji.1	0.999965710771	E
1	3.34863372627e-05	1.00003	ENSP00000340693-uc003dts.2-uc003dtu.2, ENSP00000352447-uc001hfd.2-uc009xcb.1, ENSP00000353533-uc003eil.2-uc011bkh.1, ENSP00000381204-uc001pha.2-uc009yxc.2	0.999966514223	E
1	3.33797520492e-05	1.00003	ENSP00000261798-uc003lqy.1-uc003lqu.2, ENSP00000265870-uc001joi.2-uc010qiy.1, ENSP00000318373-uc002rkk.2-uc002rkj.2, ENSP00000364218-uc004aym.2-uc004ayk.2	0.999966620805	E
1	3.32619626049e-05	1.00003	ENSP00000219473-uc002fii.2-uc010vof.1, ENSP00000308018-uc003ziz.1-uc003zja.1, ENSP00000345731-uc003fxn.3-uc011bud.1, ENSP00000358060-uc001euq.2-uc009wlt.2	0.999966738591	E
1	3.28134760175e-05	1.00003	ENSP00000261405-uc001qnn.1-uc010set.1, ENSP00000301924-uc003xfl.1-uc010lup.1, ENSP00000399828-uc003gfr.2-uc003gfn.2, ENSP00000434552	0.999967187062	E
1	3.26661628359e-05	1.00003	ENSP00000255977-uc003vvt.2-uc011krd.1, ENSP00000349428-uc002lpp.2-uc002lps.2, ENSP00000378130-uc003hzr.3-uc003hzq.2, ENSP00000439628-uc002fuy.1-uc010ckc.1	0.999967334371	E
1	3.24202763112e-05	1.00003	ENSP00000253925-uc001opo.2-uc001opr.2, ENSP00000261632-uc001uni.2-uc010tcq.1, ENSP00000269701-uc002nav.2-uc010dzy.2, ENSP00000421202-uc003jrh.3-uc003jrk.3	0.999967580249	E
1	3.21555584395e-05	1.00003	ENSP00000264670-uc003jdu.2-uc003jds.2, ENSP00000349490-uc003ass.1-uc003asr.1, ENSP00000362590-uc003onn.2-uc003onp.2, ENSP00000363506-uc002xcd.2-uc010zuz.1	0.999967844959	E
1	3.21140060168e-05	1.00003	ENSP00000312244-uc004cuw.2-uc004cux.2, ENSP00000346532-uc002orx.2-uc002ose.2, ENSP00000363283-uc001bmr.1-uc010ofe.1, ENSP00000387261-uc002lbp.3-uc002lbq.3	0.99996788651	E
1	3.20679571862e-05	1.00003	ENSP00000284548, ENSP00000301887-uc001ocf.1-uc001oce.1, ENSP00000345810-uc002wze.1-uc002wzj.1, ENSP00000454657-uc001wsy.1-uc001wtc.1	0.999967932557	E
1	3.18162096564e-05	1.00003	ENSP00000301475-uc010dwg.1-uc010xkh.1, ENSP00000355499-uc001hzw.2-uc001hzx.2, ENSP00000371531-uc003zhl.1-uc003zhn.1, ENSP00000374185-uc010ydh.1-uc002pyl.1	0.999968184296	E
1	3.15199086051e-05	1.00003	ENSP00000227752-uc001prv.2-uc010rxn.1, ENSP00000310244-uc001zke.3-uc010bbg.2, ENSP00000451763-uc001xoz.1-uc010tuj.1, ENSP00000462664-uc002lfj.3-uc010dpg.2	0.999968480588	E
1	3.12905718457e-05	1.00003	ENSP00000332595-uc003ttz.2-uc003tub.2, ENSP00000364509-uc004auf.1-uc010mrj.1, ENSP00000384943-uc002hzm.1-uc010wgh.1, ENSP00000406229	0.999968709918	E
1	3.12376033294e-05	1.00003	ENSP00000255121-uc001coj.1-uc001coi.1, ENSP00000260649-uc002ruc.3-uc002rue.3, ENSP00000336775-uc002bup.2-uc002buq.2, ENSP00000469022-uc002nbc.2-uc002nba.3	0.999968762885	E
1	3.11512797581e-05	1.00003	ENSP00000256398-uc003xgo.3-uc011lat.1, ENSP00000370658-uc001riq.2-uc009zjl.2, ENSP00000405424-uc011lht.1-uc003yml.2, ENSP00000458302-uc003uae.1-uc003uaf.1	0.999968849205	E
1	3.10112698205e-05	1.00003	ENSP00000255977-uc003vvt.2-uc011krd.1, ENSP00000256339-uc001ybs.1-uc001ybv.1, ENSP00000262177-uc003wnk.2-uc011kvz.1, ENSP00000377374-uc003mbw.3-uc011dfa.1	0.999968989211	E
1	3.06607443439e-05	1.00003	ENSP00000315768-uc001slc.2-uc001slb.2, ENSP00000327214-uc001baa.2-uc001azz.1, ENSP00000395653-uc002hbf.1-uc002hbg.1, ENSP00000441285-uc001gee.2-uc010plh.1	0.999969339726	E
1	3.05752565589e-05	1.00003	ENSP00000315768-uc001slc.2-uc001slb.2, ENSP00000347532-uc009xyw.2-uc001lcy.3, ENSP00000420793-uc002scl.2-uc010ypx.1, ENSP00000442050-uc002kch.1-uc010wva.1	0.999969425211	E
1	3.04886044152e-05	1.00003	ENSP00000221200-uc003xeo.2-uc011lad.1, ENSP00000266022-uc003cyc.2-uc011bdi.1, ENSP00000346532-uc002orx.2-uc002ose.2, ENSP00000405424-uc011lht.1-uc003yml.2	0.99996951186	E
1	3.04085350032e-05	1.00003	ENSP00000309330-uc003tta.2-uc010kzr.2, ENSP00000354086-uc001cxa.3-uc001cxc.3, ENSP00000360202, ENSP00000452037-uc001xoq.3-uc010arv.2	0.999969591927	E
1	3.04085350032e-05	1.00003	ENSP00000203001-uc002wmh.1-uc010zra.1, ENSP00000221347, ENSP00000245206-uc002eof.1-uc010vim.1, ENSP00000261405-uc001qnn.1-uc010set.1	0.999969591927	E
1	3.03625738566e-05	1.00003	ENSP00000261047-uc003dxj.2-uc003dxk.2, ENSP00000318687-uc001utj.2-uc010tds.1, ENSP00000381204-uc001pha.2-uc009yxc.2, ENSP00000439856-uc002nei.1-uc010xpg.1	0.999969637887	E
1	3.03479967078e-05	1.00003	ENSP00000352447-uc001hfd.2-uc009xcb.1, ENSP00000370658-uc001riq.2-uc009zjl.2, ENSP00000380234-uc002fxc.1-uc010ckn.1, ENSP00000386722-uc009ytl.2-uc001oth.3	0.999969652464	E
1	3.00839776416e-05	1.00003	ENSP00000299608-uc002lkf.2-uc010xez.1, ENSP00000304669-uc003ldh.2-uc003ldl.2, ENSP00000346824-uc001wjm.2-uc010akk.2, ENSP00000349824-uc004cxv.1-uc004cxw.1	0.999969916475	E
1	2.99916582515e-05	1.00003	ENSP00000300935-uc002ndn.3-uc002ndo.3, ENSP00000325269-uc003vfc.2-uc003vez.2, ENSP00000358605-uc001kzc.3-uc001kzb.2, ENSP00000383700	0.999970008791	E
1	2.98529585523e-05	1.00003	ENSP00000257287-uc003hbi.2-uc003hbj.2, ENSP00000345308-uc009wot.2-uc010pen.1, ENSP00000351138-uc004bxa.2-uc004bxb.2, ENSP00000363283-uc001bmr.1-uc010ofe.1	0.999970147487	E
1	2.97881244978e-05	1.00003	ENSP00000307275-uc001fjs.2-uc001fjr.2, ENSP00000323811-uc003caf.2-uc010hep.2, ENSP00000329419-uc003etf.3-uc011bmv.1, ENSP00000361625-uc004bxc.2-uc004bxf.2	0.999970212319	E
1	2.95114952262e-05	1.00003	ENSP00000281416-uc002urz.2-uc010zge.1, ENSP00000349708-uc001byh.2-uc010oht.1, ENSP00000360065-uc001dcx.2-uc009waw.2, ENSP00000409493	0.99997048894	E
1	2.95043977005e-05	1.00003	ENSP00000258733-uc003swb.2-uc011jyz.1, ENSP00000374029-uc003ltj.2-uc011dcn.1, ENSP00000375810-uc002pbf.1-uc010ejy.1, ENSP00000385746-uc004dag.2-uc010nfs.2	0.999970496038	E
1	2.94591105021e-05	1.00003	ENSP00000253669-uc002nfe.2-uc002nff.2, ENSP00000324944-uc003ncx.1-uc011dji.1, ENSP00000361818-uc002xnu.2-uc010zws.1, ENSP00000418823-uc002ehr.2-uc002ehs.2	0.999970541323	E
1	2.93981890404e-05	1.00003	ENSP00000229854-uc003pan.1-uc011dwu.1, ENSP00000257548-uc010sxi.1-uc001tnw.3, ENSP00000265294-uc003mau.2-uc011dev.1, ENSP00000311997	0.999970602243	E
1	2.9391459276e-05	1.00003	ENSP00000264266-uc003fcl.1-uc011box.1, ENSP00000284878-uc002yki.2-uc002ykj.1, ENSP00000303696-uc002lwr.2-uc010xha.1, ENSP00000460334-uc002qdo.2-uc002qdn.2	0.999970608973	E
1	2.93383326609e-05	1.00003	ENSP00000219439-uc002fhk.2-uc010vnv.1, ENSP00000229854-uc003pan.1-uc011dwu.1, ENSP00000264977-uc003eqv.1-uc011blz.1, ENSP00000304898-uc002vot.2-uc002vox.2	0.999970662098	E
1	2.93222596748e-05	1.00003	ENSP00000362884-uc001brw.2-uc001brx.2, ENSP00000379350-uc001iwt.3-uc001iwr.3, ENSP00000386996-uc002vtb.1-uc002vta.2, ENSP00000415889-uc003wut.1-uc011kxl.1	0.99997067817	E
1	2.91496111929e-05	1.00003	ENSP00000226578-uc003hwg.2-uc011ces.1, ENSP00000303147-uc002spr.2-uc010fgk.2, ENSP00000383411-uc002yju.1-uc010gky.1, ENSP00000393596	0.999970850814	E
1	2.90785077723e-05	1.00003	ENSP00000223061-uc003uvo.2-uc003uvp.1, ENSP00000369009-uc004czp.2-uc004czn.3, ENSP00000369681-uc002amf.2-uc010uik.1, ENSP00000415057-uc010ukd.1-uc010bik.1	0.999970921915	E
1	2.90771912749e-05	1.00003	ENSP00000238714-uc002sai.2-uc010fch.2, ENSP00000331682-uc002zsl.1-uc011ahr.1, ENSP00000359245, ENSP00000362608-uc003onk.2-uc011dtw.1	0.999970923231	E
1	2.87099465553e-05	1.00003	ENSP00000260803-uc003erv.2-uc003ert.2, ENSP00000362344-uc004bsg.1-uc004bsi.1, ENSP00000415034-uc003cqp.2-uc010hjo.1, ENSP00000446289-uc003kdc.3-uc011css.1	0.999971290466	E
1	2.85908041124e-05	1.00003	ENSP00000263440-uc010oow.1-uc001daz.2, ENSP00000305721-uc003pjl.1-uc011dyu.1, ENSP00000308344-uc002jbc.2-uc010wpn.1, ENSP00000406229	0.999971409605	E
1	2.83324979998e-05	1.00003	ENSP00000261405-uc001qnn.1-uc010set.1, ENSP00000289407-uc003vop.1-uc003voq.1, ENSP00000342581-uc011mbe.1-uc004bvh.2, ENSP00000409493	0.999971667903	E
1	2.832865159e-05	1.00003	ENSP00000005178-uc003uoa.2-uc003unz.2, ENSP00000263634-uc002rxg.1-uc002rxf.1, ENSP00000337358-uc002zmf.2-uc002zme.2, ENSP00000413520-uc002jmj.3-uc002jmi.2	0.99997167175	E
1	2.82565848892e-05	1.00003	ENSP00000358635-uc003pla.2-uc003pkz.2, ENSP00000362187-uc004bsx.1-uc004bsw.1, ENSP00000438341-uc001tnj.2-uc010sxf.1, ENSP00000469022-uc002nbc.2-uc002nba.3	0.999971743814	E
1	2.81383490316e-05	1.00003	ENSP00000347924-uc001leb.2-uc001ldy.2, ENSP00000357438-uc001ffx.2-uc001ffu.2, ENSP00000358262-uc001epm.3-uc009wji.2, ENSP00000414786-uc003yen.2-uc003yeo.2	0.999971862047	E
1	2.78708515948e-05	1.00003	ENSP00000354571-uc001ora.2-uc001orb.2, ENSP00000359665-uc001kog.1-uc009xvw.1, ENSP00000383700, ENSP00000462521-uc001enn.3-uc001enm.1	0.999972129537	E
1	2.78186431172e-05	1.00003	ENSP00000260408-uc002afd.1-uc010ugz.1, ENSP00000314420-uc002gkd.2-uc010cns.2, ENSP00000354560-uc001ggv.2-uc010plx.1, ENSP00000358548-uc009wgu.2-uc001efh.3	0.999972181744	E
1	2.75635373683e-05	1.00003	ENSP00000005587-uc003syc.2-uc011jzj.1, ENSP00000261881-uc002apr.2-uc010ujn.1, ENSP00000321636-uc002gsx.1-uc010cpz.1, ENSP00000386935-uc010ncb.2-uc004cla.3	0.999972436843	E
1	2.75628291213e-05	1.00003	ENSP00000268603-uc002eoi.2-uc010cdn.2, ENSP00000297837-uc004ayu.2-uc004ayv.1, ENSP00000323811-uc003caf.2-uc010hep.2, ENSP00000339486-uc001xxj.2-uc010atj.2	0.999972437551	E
1	2.75259245577e-05	1.00003	ENSP00000340693-uc003dts.2-uc003dtu.2, ENSP00000374035-uc002iga.2-uc010wiv.1, ENSP00000389998-uc011lgk.1-uc011lgl.1, ENSP00000470710-uc011myk.1-uc004fgx.2	0.999972474454	E
1	2.74659864612e-05	1.00003	ENSP00000296799-uc011csr.1-uc003kcz.3, ENSP00000299638-uc002aet.3-uc002aeu.3, ENSP00000399402-uc003jnq.3-uc003jnp.3, ENSP00000425006-uc003iwu.1-uc003iws.1	0.999972534391	E
1	2.74328121402e-05	1.00003	ENSP00000299767-uc001tkb.1-uc010swg.1, ENSP00000310129-uc003fnn.1-uc011brk.1, ENSP00000327197-uc003fwz.3-uc011bty.1, ENSP00000352798	0.999972567564	E
1	2.71105105184e-05	1.00003	ENSP00000261643-uc002gof.3-uc010vvt.1, ENSP00000277458-uc004byf.1-uc011mbt.1, ENSP00000376333-uc002joh.2-uc010wsd.1, ENSP00000381693-uc001jve.2-uc009xrn.1	0.999972889857	E
1	2.67324826956e-05	1.00003	ENSP00000184956-uc002iyk.1-uc010ddk.1, ENSP00000315118-uc002oor.2-uc002ooq.1, ENSP00000380837-uc002zil.2-uc011afv.1, ENSP00000401470-uc003azu.2-uc003azr.2	0.999973267875	E
1	2.64549812176e-05	1.00003	ENSP00000268489, ENSP00000381693-uc001jve.2-uc009xrn.1, ENSP00000390121-uc002jbv.2-uc010wps.1, ENSP00000419851-uc003faq.2-uc011bom.1	0.999973545369	E
1	2.62454558522e-05	1.00003	ENSP00000378857-uc003cvj.2-uc011bby.1, ENSP00000394966-uc001cbh.1-uc001cbf.1, ENSP00000404684-uc003cui.2-uc003cuk.2, ENSP00000445725-uc003xpm.2-uc010lxp.2	0.999973754889	E
1	2.61894830093e-05	1.00003	ENSP00000246151-uc001bhq.2-uc010oeb.1, ENSP00000263980-uc001bnm.2-uc001bnl.2, ENSP00000355973-uc001hif.2-uc009xcz.2, ENSP00000406229	0.99997381086	E
1	2.60557228771e-05	1.00003	ENSP00000318884, ENSP00000420533-uc003gdq.3-uc003gds.3, ENSP00000443442-uc001ria.2-uc001rif.1, ENSP00000471888-uc010vhz.1-uc010vhw.1	0.999973944617	E
1	2.59642156187e-05	1.00003	ENSP00000320885-uc002roc.2-uc002rod.2, ENSP00000351042-uc002nqi.2-uc002nqh.2, ENSP00000359094-uc002yfq.1-uc002yfo.1, ENSP00000419475-uc003exk.2-uc003exj.1	0.999974036121	E
1	2.58070663093e-05	1.00003	ENSP00000261173-uc001tbh.2-uc009zsr.2, ENSP00000262982-uc002xty.2-uc010ghy.2, ENSP00000267484-uc001xen.1-uc001xek.1, ENSP00000386722-uc009ytl.2-uc001oth.3	0.999974193267	E
1	2.52845886971e-05	1.00003	ENSP00000248846-uc003bkb.1-uc010has.1, ENSP00000265294-uc003mau.2-uc011dev.1, ENSP00000285039-uc002leb.2-uc002ldz.2, ENSP00000340766-uc001gqg.2-uc001gqf.2	0.999974715731	E
1	2.51911890095e-05	1.00003	ENSP00000349959-uc003jlp.2-uc010ivf.2, ENSP00000359050-uc009xwy.1-uc009xwx.1, ENSP00000382213, ENSP00000386722-uc009ytl.2-uc001oth.3	0.999974809128	E
1	2.51460540468e-05	1.00003	ENSP00000281416-uc002urz.2-uc010zge.1, ENSP00000361818-uc002xnu.2-uc010zws.1, ENSP00000384338-uc002twh.2-uc010zbn.1, ENSP00000426968-uc010iqc.2-uc003ioz.2	0.999974854262	E
1	2.48899505281e-05	1.00002	ENSP00000269571-uc002hso.2-uc010wek.1, ENSP00000301011-uc002fky.2-uc002fkz.2, ENSP00000314499-uc003gbm.3-uc003gbk.3, ENSP00000470141-uc004dmb.3-uc004dmc.3	0.999975110359	E
1	2.48198125546e-05	1.00002	ENSP00000253925-uc001opo.2-uc001opr.2, ENSP00000338235-uc003yhz.2-uc010mbf.2, ENSP00000354966-uc002xuv.1-uc010gid.2, ENSP00000442421-uc002juf.2-uc002jud.2	0.999975180495	E
1	2.47343593527e-05	1.00002	ENSP00000279263-uc001oct.2-uc010rny.1, ENSP00000286627-uc001jxm.2-uc001jxs.3, ENSP00000354622-uc002ici.1-uc010whi.1, ENSP00000396205-uc011mad.1-uc010mxi.2	0.999975265947	E
1	2.44916577202e-05	1.00002	ENSP00000258145-uc001ssg.3-uc001ssf.2, ENSP00000269571-uc002hso.2-uc010wek.1, ENSP00000275954-uc004ddh.2-uc010ngs.2, ENSP00000386722-uc009ytl.2-uc001oth.3	0.999975508642	E
1	2.43328448564e-05	1.00002	ENSP00000254322-uc002myz.1-uc010xnr.1, ENSP00000287169-uc001nkx.1-uc001nky.1, ENSP00000360151-uc001kmp.2-uc001kmo.2, ENSP00000386181-uc002uln.2-uc010zfc.1	0.999975667451	E
1	2.42349603659e-05	1.00002	ENSP00000255977-uc003vvt.2-uc011krd.1, ENSP00000369009-uc004czp.2-uc004czn.3, ENSP00000375809-uc002pbj.2-uc002pbi.2, ENSP00000376197-uc003fwa.3-uc011btr.1	0.999975765333	E
1	2.41904073867e-05	1.00002	ENSP00000279804-uc002dzw.2-uc002dzx.2, ENSP00000376800-uc003vte.3-uc010lmv.2, ENSP00000406571-uc003mds.3-uc003mdv.2, ENSP00000410051-uc010seh.1-uc010sei.1	0.999975809885	E
1	2.36538550686e-05	1.00002	ENSP00000262213-uc003xyo.1-uc011lfc.1, ENSP00000268057-uc002avb.2-uc002avc.2, ENSP00000323927-uc002hrg.2-uc010cvr.1, ENSP00000406012-uc002cmb.2-uc002clz.2	0.999976346425	E
1	2.33311977125e-05	1.00002	ENSP00000343002-uc010aaz.2-uc001uto.3, ENSP00000349708-uc001byh.2-uc010oht.1, ENSP00000349824-uc004cxv.1-uc004cxw.1, ENSP00000354850-uc001ktv.2-uc001ktu.2	0.999976669074	E
1	2.30125526646e-05	1.00002	ENSP00000248248-uc002fez.2-uc010vng.1, ENSP00000269701-uc002nav.2-uc010dzy.2, ENSP00000348429-uc001kzu.2-uc010qrj.1, ENSP00000385030-uc002rgu.2-uc010ykr.1	0.999976987712	E
1	2.3011325836e-05	1.00002	ENSP00000291560-uc002zdi.2-uc011aey.1, ENSP00000295119-uc002upf.2-uc010zfs.1, ENSP00000357904-uc001ewy.2-uc010pcr.1, ENSP00000457258-uc002ejb.2-uc002ejc.2	0.999976988939	E
1	2.2939186811e-05	1.00002	ENSP00000282308-uc002qqu.2-uc010euj.2, ENSP00000282478, ENSP00000355428-uc001iew.1-uc010pzq.1, ENSP00000419279-uc003vus.2-uc011kqq.1	0.999977061076	E
1	2.28062026483e-05	1.00002	ENSP00000292538-uc003uyt.2-uc003uyz.2, ENSP00000313007-uc003yjs.1-uc011lhd.1, ENSP00000349748-uc001bys.2-uc001byr.2, ENSP00000432332-uc001oxx.2-uc001oya.2	0.999977194057	E
1	2.24870388899e-05	1.00002	ENSP00000261292-uc002ldv.2-uc010xdh.1, ENSP00000345498-uc001dyb.1-uc001dye.1, ENSP00000359621-uc001dkp.2-uc001dko.2, ENSP00000394966-uc001cbh.1-uc001cbf.1	0.999977513214	E
1	2.24076824264e-05	1.00002	ENSP00000303279-uc001hmc.2-uc001hmd.2, ENSP00000305922-uc001czi.3-uc001czm.3, ENSP00000367227-uc003zyo.2-uc003zyn.2, ENSP00000378394-uc001jsm.2-uc001jsl.2	0.999977592569	E
1	2.21383864708e-05	1.00002	ENSP00000269701-uc002nav.2-uc010dzy.2, ENSP00000340507-uc003vuc.2-uc003vub.2, ENSP00000367227-uc003zyo.2-uc003zyn.2, ENSP00000467075-uc010xdd.1-uc002lcy.2	0.999977861859	E
1	2.20018872211e-05	1.00002	ENSP00000367815-uc002fhl.3-uc010vnw.1, ENSP00000368884-uc004czu.2-uc011mjk.1, ENSP00000379350-uc001iwt.3-uc001iwr.3, ENSP00000419231-uc003esl.2-uc011bmm.1	0.999977998355	E
1	2.17341894118e-05	1.00002	ENSP00000203407-uc003cub.1-uc003cua.1, ENSP00000356966-uc001fze.2-uc009wue.2, ENSP00000392264-uc010rre.1-uc009yth.2, ENSP00000404602-uc003soy.1-uc011jwj.1	0.999978266047	E
1	2.14893852911e-05	1.00002	ENSP00000253363-uc002xeb.2-uc002xea.2, ENSP00000254722-uc002ftl.2-uc010cjw.2, ENSP00000275227-uc003qdw.1-uc010kgd.1, ENSP00000354571-uc001ora.2-uc001orb.2	0.999978510846	E
1	2.14558017407e-05	1.00002	ENSP00000269217-uc002kus.3-uc002kut.3, ENSP00000318883-uc002zmw.2-uc002zna.2, ENSP00000369887-uc002afp.2-uc002afn.2, ENSP00000385478-uc010ktx.2-uc010kty.2	0.999978544428	E
1	2.13280333527e-05	1.00002	ENSP00000260506-uc001dpw.2-uc010otl.1, ENSP00000337746-uc002njd.1-uc002njf.1, ENSP00000355428-uc001iew.1-uc010pzq.1, ENSP00000377864-uc001ses.2-uc001sev.2	0.999978672194	E
1	2.12854072984e-05	1.00002	ENSP00000174653-uc003xoo.2-uc010lxe.2, ENSP00000251241-uc002ixn.1-uc010wof.1, ENSP00000353114, ENSP00000357904-uc001ewy.2-uc010pcr.1	0.999978714819	E
1	2.11553408361e-05	1.00002	ENSP00000310244-uc001zke.3-uc010bbg.2, ENSP00000311579-uc003wss.2-uc011kww.1, ENSP00000358450-uc001ehg.2-uc001ehf.2, ENSP00000470141-uc004dmb.3-uc004dmc.3	0.999978844883	E
1	2.11202205618e-05	1.00002	ENSP00000261405-uc001qnn.1-uc010set.1, ENSP00000282308-uc002qqu.2-uc010euj.2, ENSP00000340507-uc003vuc.2-uc003vub.2, ENSP00000385478-uc010ktx.2-uc010kty.2	0.999978880002	E
1	2.11137884044e-05	1.00002	ENSP00000282003-uc001vkw.1-uc010afc.2, ENSP00000360199, ENSP00000365388-uc001isv.2-uc010qdf.1, ENSP00000462664-uc002lfj.3-uc010dpg.2	0.999978886434	E
1	2.11137884044e-05	1.00002	ENSP00000291560-uc002zdi.2-uc011aey.1, ENSP00000291565-uc002zdm.3-uc002zdq.3, ENSP00000312066-uc002jqk.1-uc002jqj.1, ENSP00000353292-uc001qnw.2-uc001qnv.2	0.999978886434	E
1	2.07144215962e-05	1.00002	ENSP00000251582-uc003mjw.2-uc011dgm.1, ENSP00000262394-uc002gzd.1-uc002gze.1, ENSP00000328287-uc003cxh.2-uc003cxi.2, ENSP00000381204-uc001pha.2-uc009yxc.2	0.999979285793	E
1	2.02212099776e-05	1.00002	ENSP00000347444-uc004axj.2-uc011luy.1, ENSP00000369373-uc001mbm.1-uc001mbn.2, ENSP00000380860, ENSP00000385575-uc003hly.3-uc003hlx.1	0.999979778994	E
1	2.01231282673e-05	1.00002	ENSP00000316054-uc003fms.2-uc003fmu.2, ENSP00000361892-uc002xnb.2-uc010ggy.2, ENSP00000364101-uc004duh.1-uc004dui.3, ENSP00000366460-uc001iqg.1-uc009xkc.1	0.999979877074	E
1	1.99992641653e-05	1.00002	ENSP00000222145-uc002pki.2-uc002pkh.2, ENSP00000307746-uc003ktq.1-uc003ktp.1, ENSP00000317902-uc001pfp.1-uc001pfr.1, ENSP00000436958-uc001pbl.2-uc001pbk.2	0.999980000936	E
1	1.99705609642e-05	1.00002	ENSP00000256339-uc001ybs.1-uc001ybv.1, ENSP00000327214-uc001baa.2-uc001azz.1, ENSP00000356230-uc001gyo.1-uc001gym.1, ENSP00000368799-uc001uxu.1-uc010ace.1	0.999980029638	E
1	1.99070622499e-05	1.00002	ENSP00000217159-uc002ydb.1-uc002yde.1, ENSP00000330470-uc003akk.2-uc003aki.2, ENSP00000354571-uc001ora.2-uc001orb.2, ENSP00000354671-uc001cov.2-uc001cpa.2	0.999980093136	E
1	1.96765755217e-05	1.00002	ENSP00000224949-uc001igt.1-uc001igs.1, ENSP00000287675-uc003cih.2-uc011ayq.1, ENSP00000360199, ENSP00000381031-uc003aet.2-uc003aey.2	0.999980323618	E
1	1.95803312853e-05	1.00002	ENSP00000334800-uc003url.1-uc010lgf.1, ENSP00000354622-uc002ici.1-uc010whi.1, ENSP00000370467-uc004crv.2-uc010ndl.2, ENSP00000377756-uc010hoy.2-uc003drw.2	0.99998041986	E
1	1.95638700778e-05	1.00002	ENSP00000221200-uc003xeo.2-uc011lad.1, ENSP00000357047-uc003qcs.1-uc003qcr.1, ENSP00000381204-uc001pha.2-uc009yxc.2, ENSP00000403476-uc010oia.1-uc010oib.1	0.999980436321	E
1	1.95108799238e-05	1.00002	ENSP00000256649-uc001egz.2-uc001eha.2, ENSP00000361892-uc002xnb.2-uc010ggy.2, ENSP00000434359-uc003yzs.2-uc003yzr.2, ENSP00000440495-uc010xim.1-uc002mbr.3	0.99998048931	E
1	1.9307675429e-05	1.00002	ENSP00000293350-uc002pnt.2-uc010yat.1, ENSP00000323302-uc001tbc.2-uc009zsq.2, ENSP00000365943-uc004ajz.2-uc004akb.2, ENSP00000382924-uc002knq.2-uc002knt.2	0.999980692511	E
1	1.9307675429e-05	1.00002	ENSP00000351042-uc002nqi.2-uc002nqh.2, ENSP00000352645-uc003tvn.2-uc011kef.1, ENSP00000369538-uc001iil.3-uc001iim.3, ENSP00000428924-uc003xsk.3-uc003xsl.3	0.999980692511	E
1	1.90061080535e-05	1.00002	ENSP00000256854-uc002lgs.2-uc010xea.1, ENSP00000299853-uc002dkk.2-uc010vbt.1, ENSP00000304592-uc002kdu.2-uc002kdv.1, ENSP00000351338-uc003csx.2-uc003cst.2	0.999980994073	E
1	1.88933489105e-05	1.00002	ENSP00000307275-uc001fjs.2-uc001fjr.2, ENSP00000384998-uc010zoj.1-uc002wan.1, ENSP00000420780-uc003drf.2-uc010hop.2, ENSP00000422464-uc003iph.1-uc011cir.1	0.99998110683	E
1	1.88535665855e-05	1.00002	ENSP00000226578-uc003hwg.2-uc011ces.1, ENSP00000251582-uc003mjw.2-uc011dgm.1, ENSP00000370023-uc002rgy.2-uc010yks.1, ENSP00000440045-uc001tqk.3-uc009zvn.2	0.999981146611	E
1	1.87139948171e-05	1.00002	ENSP00000305533-uc003hnt.2-uc003hnv.2, ENSP00000310657-uc001jvk.2-uc010qks.1, ENSP00000376250-uc003fsv.2-uc003fsw.2, ENSP00000443442-uc001ria.2-uc001rif.1	0.99998128618	E
1	1.87013867427e-05	1.00002	ENSP00000280700-uc003cdl.2-uc003cdk.2, ENSP00000325269-uc003vfc.2-uc003vez.2, ENSP00000377617-uc002skk.2-uc010yrp.1, ENSP00000378056-uc002blh.2-uc002bll.2	0.999981298788	E
1	1.86010368301e-05	1.00002	ENSP00000259569-uc003zjr.2-uc003zjs.2, ENSP00000269217-uc002kus.3-uc002kut.3, ENSP00000302728-uc003tun.2-uc011kdt.1, ENSP00000402301-uc003yia.2-uc010mbg.2	0.999981399136	E
1	1.82607011225e-05	1.00002	ENSP00000255977-uc003vvt.2-uc011krd.1, ENSP00000314132-uc002wbq.2-uc002wbr.2, ENSP00000360112-uc001dbs.1-uc010opb.1, ENSP00000374185-uc010ydh.1-uc002pyl.1	0.999981739466	E
1	1.81743654088e-05	1.00002	ENSP00000221200-uc003xeo.2-uc011lad.1, ENSP00000259021-uc002ipm.2-uc010wmg.1, ENSP00000269217-uc002kus.3-uc002kut.3, ENSP00000357307-uc001fmg.2-uc010pgq.1	0.9999818258	E
1	1.81223470011e-05	1.00002	ENSP00000255499-uc004eml.2-uc004emk.2, ENSP00000316426-uc002hqi.3-uc010cvn.1, ENSP00000357283-uc001fni.2-uc001fnk.2, ENSP00000392105-uc010ppm.1-uc001gvo.2	0.999981877817	E
1	1.80819814223e-05	1.00002	ENSP00000257700-uc003vda.1-uc010ljj.1, ENSP00000278903-uc001qca.2-uc010sbf.1, ENSP00000410051-uc010seh.1-uc010sei.1, ENSP00000457354-uc002fhe.2-uc002fhd.2	0.999981918182	E
1	1.78643176943e-05	1.00002	ENSP00000251582-uc003mjw.2-uc011dgm.1, ENSP00000281405-uc002rdj.2-uc002rdh.2, ENSP00000341874-uc002kui.3-uc010xat.1, ENSP00000364218-uc004aym.2-uc004ayk.2	0.999982135842	E
1	1.76197057596e-05	1.00002	ENSP00000323591-uc002gst.2-uc010vxq.1, ENSP00000334153-uc003cay.2-uc010hes.2, ENSP00000337313-uc001ucn.2-uc001ucl.2, ENSP00000471039-uc004dlx.1-uc004dlw.1	0.999982380449	E
1	1.7536605241e-05	1.00002	ENSP00000302728-uc003tun.2-uc011kdt.1, ENSP00000318883-uc002zmw.2-uc002zna.2, ENSP00000325017-uc001qoo.2-uc010sfd.1, ENSP00000364101-uc004duh.1-uc004dui.3	0.999982463549	E
1	1.73710450146e-05	1.00002	ENSP00000238714-uc002sai.2-uc010fch.2, ENSP00000266481-uc001rlf.2-uc010ski.1, ENSP00000347005-uc003vux.2-uc011kqs.1, ENSP00000362285-uc001jrr.3-uc001jru.3	0.999982629106	E
1	1.73435895294e-05	1.00002	ENSP00000217159-uc002ydb.1-uc002yde.1, ENSP00000219439-uc002fhk.2-uc010vnv.1, ENSP00000349490-uc003ass.1-uc003asr.1, ENSP00000349824-uc004cxv.1-uc004cxw.1	0.999982656561	E
1	1.73021194492e-05	1.00002	ENSP00000301831-uc003ckv.3-uc003cku.3, ENSP00000316426-uc002hqi.3-uc010cvn.1, ENSP00000326804-uc003wey.2-uc003wez.2, ENSP00000342222-uc002gpy.2-uc002gpz.2	0.99998269803	E
1	1.72321933746e-05	1.00002	ENSP00000257287-uc003hbi.2-uc003hbj.2, ENSP00000264670-uc003jdu.2-uc003jds.2, ENSP00000355428-uc001iew.1-uc010pzq.1, ENSP00000458290-uc002klh.3-uc010dkj.2	0.999982767955	E
1	1.71641844944e-05	1.00002	ENSP00000311997, ENSP00000322532-uc001oic.3-uc001oid.3, ENSP00000377954-uc003lnx.1-uc011dbq.1, ENSP00000413507-uc011kav.1-uc003tey.2	0.999982835963	E
1	1.71352077891e-05	1.00002	ENSP00000301831-uc003ckv.3-uc003cku.3, ENSP00000312158-uc003nib.1-uc003nic.1, ENSP00000343002-uc010aaz.2-uc001uto.3, ENSP00000421741-uc003gde.3-uc010ibv.2	0.999982864939	E
1	1.71330920882e-05	1.00002	ENSP00000297029-uc003ssn.3-uc003sso.3, ENSP00000376800-uc003vte.3-uc010lmv.2, ENSP00000386797-uc002tob.1-uc002toa.1, ENSP00000411032-uc002oyg.1-uc010ejd.2	0.999982867055	E
1	1.67317448262e-05	1.00002	ENSP00000281038-uc001ozi.2-uc010rsq.1, ENSP00000347416-uc002lva.2-uc010dsv.2, ENSP00000394966-uc001cbh.1-uc001cbf.1, ENSP00000458290-uc002klh.3-uc010dkj.2	0.999983268395	E
1	1.6713801472e-05	1.00002	ENSP00000352282-uc001www.2-uc010tqg.1, ENSP00000362884-uc001brw.2-uc001brx.2, ENSP00000428205-uc003yqr.2-uc003yqq.2, ENSP00000460334-uc002qdo.2-uc002qdn.2	0.999983286338	E
1	1.65745696547e-05	1.00002	ENSP00000262031-uc001sln.2-uc010sqp.1, ENSP00000357336-uc001fkj.2-uc001fks.2, ENSP00000362649-uc001bvb.1-uc010ohf.1, ENSP00000362884-uc001brw.2-uc001brx.2	0.999983425568	E
1	1.63710479969e-05	1.00002	ENSP00000174653-uc003xoo.2-uc010lxe.2, ENSP00000225573-uc002imo.2-uc010wla.1, ENSP00000255759-uc002dec.1-uc002ded.1, ENSP00000467207-uc002lxy.2-uc010dtl.1	0.999983629086	E
1	1.63322158893e-05	1.00002	ENSP00000255121-uc001coj.1-uc001coi.1, ENSP00000256854-uc002lgs.2-uc010xea.1, ENSP00000428205-uc003yqr.2-uc003yqq.2, ENSP00000435933-uc001ghx.1-uc001ghv.1	0.999983667917	E
1	1.63167688158e-05	1.00002	ENSP00000238561-uc001xui.2-uc001xuj.2, ENSP00000260453-uc002adr.2-uc010bfo.2, ENSP00000316578-uc002hgs.2-uc002hgt.2, ENSP00000329748-uc001rls.1-uc001rlr.1	0.999983683364	E
1	1.62203992438e-05	1.00002	ENSP00000256689-uc001rpg.2-uc010sli.1, ENSP00000361625-uc004bxc.2-uc004bxf.2, ENSP00000374185-uc010ydh.1-uc002pyl.1, ENSP00000471186-uc004fli.3-uc004flj.2	0.999983779732	E
1	1.6218190504e-05	1.00002	ENSP00000295550, ENSP00000313953-uc002rom.2-uc002ron.2, ENSP00000323927-uc002hrg.2-uc010cvr.1, ENSP00000386722-uc009ytl.2-uc001oth.3	0.999983781941	E
1	1.61442660691e-05	1.00002	ENSP00000271732-uc001evj.2-uc010pci.1, ENSP00000331682-uc002zsl.1-uc011ahr.1, ENSP00000384203-uc003oqt.1-uc003oqr.1, ENSP00000408342-uc002mkd.2-uc002mkc.2	0.999983855864	E
1	1.60977794713e-05	1.00002	ENSP00000271688-uc001evz.2-uc009wmh.2, ENSP00000315768-uc001slc.2-uc001slb.2, ENSP00000365943-uc004ajz.2-uc004akb.2, ENSP00000394897-uc001dvj.1-uc010ouv.1	0.99998390235	E
1	1.60514178908e-05	1.00002	ENSP00000260506-uc001dpw.2-uc010otl.1, ENSP00000280377-uc001src.1-uc001srb.1, ENSP00000393762-uc003psu.2-uc003pst.3, ENSP00000395007-uc010lpi.2-uc003wfw.2	0.999983948711	E
1	1.60322566139e-05	1.00002	ENSP00000260382-uc002asw.2-uc002asz.2, ENSP00000292538-uc003uyt.2-uc003uyz.2, ENSP00000300249-uc002kyg.2-uc010xcd.1, ENSP00000415889-uc003wut.1-uc011kxl.1	0.999983967872	E
1	1.59846810842e-05	1.00002	ENSP00000311427-uc002bau.2-uc002bav.2, ENSP00000318557-uc002euz.2-uc010vkh.1, ENSP00000345895-uc003bfr.2-uc011aqn.1, ENSP00000351631-uc001pfn.2-uc001pfm.2	0.999984015447	E
1	1.59817077262e-05	1.00002	ENSP00000328236-uc001ucv.2-uc010taf.1, ENSP00000339314-uc002zxs.2-uc002zxr.1, ENSP00000362369-uc002xjo.1-uc010zwe.1, ENSP00000378056-uc002blh.2-uc002bll.2	0.99998401842	E
1	1.58411754996e-05	1.00002	ENSP00000264094-uc002smp.1-uc002smo.1, ENSP00000334229-uc001rfq.2-uc010sir.1, ENSP00000373347-uc003brf.1-uc003brg.1, ENSP00000435697-uc003yyv.2-uc011lki.1	0.99998415895	E
1	1.58324112803e-05	1.00002	ENSP00000245441-uc001wyi.2-uc001wyj.2, ENSP00000324960-uc001olo.2-uc001oln.2, ENSP00000328023-uc001qdh.2-uc010sbm.1, ENSP00000416799-uc002xuw.2-uc010zyn.1	0.999984167714	E
1	1.56233540718e-05	1.00002	ENSP00000276893-uc003zjy.2-uc003zkb.2, ENSP00000347445-uc002cwl.2-uc010uxk.1, ENSP00000362656-uc004bpc.2-uc010mws.2, ENSP00000465500-uc002lin.2-uc010dpv.2	0.999984376768	E
1	1.56139533644e-05	1.00002	ENSP00000219439-uc002fhk.2-uc010vnv.1, ENSP00000308344-uc002jbc.2-uc010wpn.1, ENSP00000361178-uc004eof.1-uc004eog.1, ENSP00000369519-uc003zph.2-uc011lnl.1	0.999984386169	E
1	1.56111476076e-05	1.00002	ENSP00000293261-uc002pix.1-uc010xzo.1, ENSP00000380025-uc002vhp.1-uc010zjz.1, ENSP00000382213, ENSP00000435933-uc001ghx.1-uc001ghv.1	0.999984388974	E
1	1.51255983552e-05	1.00002	ENSP00000261308-uc003jtv.3-uc011cqw.1, ENSP00000307491-uc003cit.2-uc003ciu.2, ENSP00000374455-uc003mkw.3-uc003mkv.3, ENSP00000378394-uc001jsm.2-uc001jsl.2	0.999984874516	E
1	1.51054105505e-05	1.00002	ENSP00000228280-uc001tav.2-uc009zsn.2, ENSP00000263563-uc001jrd.3-uc001jre.3, ENSP00000295550, ENSP00000383191-uc002zhg.2-uc002zhk.2	0.999984894704	E
1	1.49406672943e-05	1.00001	ENSP00000262189, ENSP00000273512-uc003fig.2-uc011bpy.1, ENSP00000313007-uc003yjs.1-uc011lhd.1, ENSP00000323927-uc002hrg.2-uc010cvr.1	0.999985059444	E
1	1.47294913771e-05	1.00001	ENSP00000219473-uc002fii.2-uc010vof.1, ENSP00000294179-uc001nvh.2-uc010rmi.1, ENSP00000347924-uc001leb.2-uc001ldy.2, ENSP00000370196-uc003blh.2-uc003blf.2	0.999985270617	E
1	1.46000214153e-05	1.00001	ENSP00000357448-uc001ffr.2-uc010pep.1, ENSP00000362136-uc001cby.2-uc001cbz.2, ENSP00000369519-uc003zph.2-uc011lnl.1, ENSP00000394966-uc001cbh.1-uc001cbf.1	0.999985400085	E
1	1.44241984723e-05	1.00001	ENSP00000219070-uc002ehz.3-uc002eia.3, ENSP00000268099-uc002azb.1-uc002aza.1, ENSP00000321498-uc003vvo.2-uc003vvn.2, ENSP00000328023-uc001qdh.2-uc010sbm.1	0.999985575906	E
1	1.43505521113e-05	1.00001	ENSP00000290810-uc002eqf.2-uc002eqg.2, ENSP00000297029-uc003ssn.3-uc003sso.3, ENSP00000333657-uc002yzf.1-uc010gop.1, ENSP00000398401-uc003umc.2-uc003umd.2	0.999985649551	E
1	1.4337115846e-05	1.00001	ENSP00000256689-uc001rpg.2-uc010sli.1, ENSP00000334490-uc002zrq.2-uc010gsa.2, ENSP00000381785-uc004bga.1-uc011lwv.1, ENSP00000383191-uc002zhg.2-uc002zhk.2	0.999985662987	E
1	1.42794964197e-05	1.00001	ENSP00000246957-uc002cvt.3-uc010uxf.1, ENSP00000253669-uc002nfe.2-uc002nff.2, ENSP00000303147-uc002spr.2-uc010fgk.2, ENSP00000358060-uc001euq.2-uc009wlt.2	0.999985720606	E
1	1.4266108811e-05	1.00001	ENSP00000261819-uc001uag.2-uc010szv.1, ENSP00000281405-uc002rdj.2-uc002rdh.2, ENSP00000406012-uc002cmb.2-uc002clz.2, ENSP00000441045-uc003gkw.3-uc003gky.2	0.999985733993	E
1	1.42387212644e-05	1.00001	ENSP00000263578-uc001qdi.2-uc010sbn.1, ENSP00000303279-uc001hmc.2-uc001hmd.2, ENSP00000417548-uc001msx.2-uc009yjn.1, ENSP00000434359-uc003yzs.2-uc003yzr.2	0.99998576138	E
1	1.41600974372e-05	1.00001	ENSP00000227752-uc001prv.2-uc010rxn.1, ENSP00000261413-uc003kbz.3-uc011csd.1, ENSP00000268603-uc002eoi.2-uc010cdn.2, ENSP00000419126-uc001lgw.2-uc001lgx.2	0.999985840003	E
1	1.40347062742e-05	1.00001	ENSP00000297029-uc003ssn.3-uc003sso.3, ENSP00000340062, ENSP00000352208-uc001kin.2-uc009xue.2, ENSP00000373783-uc003xdh.1-uc010lty.1	0.999985965392	E
1	1.39884197664e-05	1.00001	ENSP00000265594-uc003fle.2-uc003flf.2, ENSP00000297044-uc003spt.2-uc011jws.1, ENSP00000330470-uc003akk.2-uc003aki.2, ENSP00000439628-uc002fuy.1-uc010ckc.1	0.999986011678	E
1	1.3975158809e-05	1.00001	ENSP00000316578-uc002hgs.2-uc002hgt.2, ENSP00000376930-uc003emz.3-uc011blc.1, ENSP00000400065-uc003afi.2-uc011ako.1, ENSP00000465500-uc002lin.2-uc010dpv.2	0.999986024939	E
1	1.38776333083e-05	1.00001	ENSP00000247956-uc002mku.2-uc002mkw.2, ENSP00000261658-uc002dco.2-uc010uzh.1, ENSP00000300432-uc004bsu.2-uc011mao.1, ENSP00000418823-uc002ehr.2-uc002ehs.2	0.999986122463	E
1	1.38395689626e-05	1.00001	ENSP00000238714-uc002sai.2-uc010fch.2, ENSP00000308622-uc004bvj.2-uc010myd.2, ENSP00000463536-uc001eum.3-uc010pca.1, ENSP00000473060-uc004fel.2-uc004fek.2	0.999986160527	E
1	1.36226689981e-05	1.00001	ENSP00000357551-uc001lmg.1-uc001lmf.1, ENSP00000366506-uc003mdc.3-uc003mdd.2, ENSP00000367243-uc003lmt.2-uc003lmw.2, ENSP00000462664-uc002lfj.3-uc010dpg.2	0.999986377424	E
1	1.33899825339e-05	1.00001	ENSP00000313490-uc002gkr.2-uc002gks.2, ENSP00000365943-uc004ajz.2-uc004akb.2, ENSP00000436619-uc004aiq.2-uc004air.2, ENSP00000445943	0.999986610107	E
1	1.33816568369e-05	1.00001	ENSP00000217909-uc004erd.2-uc011mtt.1, ENSP00000345895-uc003bfr.2-uc011aqn.1, ENSP00000380651-uc001vnn.1-uc001vnm.1, ENSP00000404684-uc003cui.2-uc003cuk.2	0.999986618433	E
1	1.32638726842e-05	1.00001	ENSP00000219478-uc002cxp.1-uc002cxo.1, ENSP00000350578-uc002yma.2-uc011acg.1, ENSP00000358548-uc009wgu.2-uc001efh.3, ENSP00000385746-uc004dag.2-uc010nfs.2	0.999986736215	E
1	1.3194313273e-05	1.00001	ENSP00000277458-uc004byf.1-uc011mbt.1, ENSP00000338235-uc003yhz.2-uc010mbf.2, ENSP00000378857-uc003cvj.2-uc011bby.1, ENSP00000417509-uc003die.3-uc003dib.3	0.999986805774	E
1	1.30048732838e-05	1.00001	ENSP00000336914-uc004asz.2-uc011luc.1, ENSP00000360065-uc001dcx.2-uc009waw.2, ENSP00000400175-uc003cwu.2-uc010hku.2, ENSP00000421552	0.999986995211	E
1	1.29000844767e-05	1.00001	ENSP00000359819-uc004eyb.2-uc010nrv.2, ENSP00000415332-uc002uni.3-uc002unh.3, ENSP00000415889-uc003wut.1-uc011kxl.1, ENSP00000421741-uc003gde.3-uc010ibv.2	0.999987099999	E
1	1.2856627012e-05	1.00001	ENSP00000328023-uc001qdh.2-uc010sbm.1, ENSP00000428205-uc003yqr.2-uc003yqq.2, ENSP00000439628-uc002fuy.1-uc010ckc.1, ENSP00000457354-uc002fhe.2-uc002fhd.2	0.999987143456	E
1	1.28369598467e-05	1.00001	ENSP00000310244-uc001zke.3-uc010bbg.2, ENSP00000337358-uc002zmf.2-uc002zme.2, ENSP00000343617-uc002qqw.2-uc010yhp.1, ENSP00000358635-uc003pla.2-uc003pkz.2	0.999987163123	E
1	1.27917685542e-05	1.00001	ENSP00000251241-uc002ixn.1-uc010wof.1, ENSP00000320043-uc003xry.2-uc011ldx.1, ENSP00000376799-uc001pkh.2-uc010rvx.1, ENSP00000443442-uc001ria.2-uc001rif.1	0.999987208313	E
1	1.27468613712e-05	1.00001	ENSP00000289407-uc003vop.1-uc003voq.1, ENSP00000301011-uc002fky.2-uc002fkz.2, ENSP00000344666, ENSP00000390121-uc002jbv.2-uc010wps.1	0.99998725322	E
1	1.26802713928e-05	1.00001	ENSP00000262177-uc003wnk.2-uc011kvz.1, ENSP00000264963-uc002swu.2-uc010yuw.1, ENSP00000351338-uc003csx.2-uc003cst.2, ENSP00000386935-uc010ncb.2-uc004cla.3	0.999987319809	E
1	1.26485404008e-05	1.00001	ENSP00000223061-uc003uvo.2-uc003uvp.1, ENSP00000264720-uc002rjw.1-uc010eyy.1, ENSP00000286627-uc001jxm.2-uc001jxs.3, ENSP00000318176-uc002umf.2-uc002umd.2	0.99998735154	E
1	1.25844178808e-05	1.00001	ENSP00000257287-uc003hbi.2-uc003hbj.2, ENSP00000261643-uc002gof.3-uc010vvt.1, ENSP00000305721-uc003pjl.1-uc011dyu.1, ENSP00000368079-uc003iyw.3-uc010ism.2	0.999987415661	E
1	1.22948170059e-05	1.00001	ENSP00000305483-uc001ifc.1-uc001ifd.1, ENSP00000339435-uc002fue.1-uc002fui.1, ENSP00000363558-uc010qfc.1-uc010qfd.1, ENSP00000463916-uc001etp.2-uc001etq.2	0.999987705259	E
1	1.20913055741e-05	1.00001	ENSP00000307746-uc003ktq.1-uc003ktp.1, ENSP00000346532-uc002orx.2-uc002ose.2, ENSP00000395007-uc010lpi.2-uc003wfw.2, ENSP00000410083-uc001tdz.2-uc009ztb.1	0.999987908768	E
1	1.20733960157e-05	1.00001	ENSP00000253247-uc002jgd.1-uc010deu.1, ENSP00000307023-uc002raf.1-uc010yjc.1, ENSP00000348429-uc001kzu.2-uc010qrj.1, ENSP00000370839-uc003gzj.2-uc011bzp.1	0.999987926677	E
1	1.18611489447e-05	1.00001	ENSP00000291358-uc001bum.2-uc010ogz.1, ENSP00000309330-uc003tta.2-uc010kzr.2, ENSP00000336775-uc002bup.2-uc002buq.2, ENSP00000350249-uc003vlm.2-uc003vlo.2	0.999988138921	E
1	1.17875557545e-05	1.00001	ENSP00000248248-uc002fez.2-uc010vng.1, ENSP00000260382-uc002asw.2-uc002asz.2, ENSP00000299767-uc001tkb.1-uc010swg.1, ENSP00000419879-uc002wls.2-uc010zqv.1	0.999988212514	E
1	1.16714164906e-05	1.00001	ENSP00000257527-uc003lwz.2-uc003lwy.2, ENSP00000281924-uc002ttx.2-uc002tty.2, ENSP00000320885-uc002roc.2-uc002rod.2, ENSP00000367024-uc009yoz.2-uc010rmy.1	0.999988328652	E
1	1.16069080107e-05	1.00001	ENSP00000281471-uc001rkq.3-uc009zjs.2, ENSP00000297990-uc003zsz.2-uc003zsy.2, ENSP00000315118-uc002oor.2-uc002ooq.1, ENSP00000381785-uc004bga.1-uc011lwv.1	0.999988393159	E
1	1.1563573221e-05	1.00001	ENSP00000226004-uc002ied.3-uc002ief.1, ENSP00000366395-uc001odb.2-uc009yqc.2, ENSP00000367893-uc001imk.2-uc010qbs.1, ENSP00000382213	0.999988436494	E
1	1.15630574378e-05	1.00001	ENSP00000305533-uc003hnt.2-uc003hnv.2, ENSP00000333667-uc001snf.1-uc010srj.1, ENSP00000362187-uc004bsx.1-uc004bsw.1, ENSP00000367893-uc001imk.2-uc010qbs.1	0.999988437009	E
1	1.1453055969e-05	1.00001	ENSP00000263960-uc002uuh.1-uc010fsl.1, ENSP00000345498-uc001dyb.1-uc001dye.1, ENSP00000377864-uc001ses.2-uc001sev.2, ENSP00000385478-uc010ktx.2-uc010kty.2	0.99998854701	E
1	1.13660510208e-05	1.00001	ENSP00000297029-uc003ssn.3-uc003sso.3, ENSP00000336750-uc002rli.1-uc010ezh.1, ENSP00000359819-uc004eyb.2-uc010nrv.2, ENSP00000365851-uc001irh.2-uc009xkg.2	0.999988634014	E
1	1.13531172805e-05	1.00001	ENSP00000226067-uc002iug.1-uc010dce.1, ENSP00000281471-uc001rkq.3-uc009zjs.2, ENSP00000339435-uc002fue.1-uc002fui.1, ENSP00000376362-uc001tui.1-uc001tuh.2	0.999988646947	E
1	1.13353835147e-05	1.00001	ENSP00000275227-uc003qdw.1-uc010kgd.1, ENSP00000317902-uc001pfp.1-uc001pfr.1, ENSP00000331504-uc002bpv.2-uc002bpy.2, ENSP00000393835-uc010eci.2-uc002nog.2	0.999988664681	E
1	1.11479829969e-05	1.00001	ENSP00000203001-uc002wmh.1-uc010zra.1, ENSP00000257527-uc003lwz.2-uc003lwy.2, ENSP00000265872-uc001joo.2-uc010qjb.1, ENSP00000297029-uc003ssn.3-uc003sso.3	0.999988852079	E
1	1.11203379196e-05	1.00001	ENSP00000253024-uc002qtg.1-uc002qth.1, ENSP00000327009-uc002rmv.2-uc002rmw.2, ENSP00000334800-uc003url.1-uc010lgf.1, ENSP00000362243-uc001caa.2-uc001cad.2	0.999988879724	E
1	1.11109969027e-05	1.00001	ENSP00000293350-uc002pnt.2-uc010yat.1, ENSP00000303279-uc001hmc.2-uc001hmd.2, ENSP00000362608-uc003onk.2-uc011dtw.1, ENSP00000384998-uc010zoj.1-uc002wan.1	0.999988889065	E
1	1.10933247328e-05	1.00001	ENSP00000312734-uc002alz.2-uc010uih.1, ENSP00000336914-uc004asz.2-uc011luc.1, ENSP00000404602-uc003soy.1-uc011jwj.1, ENSP00000410051-uc010seh.1-uc010sei.1	0.999988906737	E
1	1.1037069476e-05	1.00001	ENSP00000223061-uc003uvo.2-uc003uvp.1, ENSP00000327009-uc002rmv.2-uc002rmw.2, ENSP00000367024-uc009yoz.2-uc010rmy.1, ENSP00000441140-uc004arv.2-uc004arw.2	0.999988962991	E
1	1.08659746591e-05	1.00001	ENSP00000361355-uc001kbl.2-uc001kbo.3, ENSP00000364493-uc004aur.2-uc011luh.1, ENSP00000364899-uc004arb.2-uc011ltr.1, ENSP00000385746-uc004dag.2-uc010nfs.2	0.999989134084	E
1	1.08348480757e-05	1.00001	ENSP00000305721-uc003pjl.1-uc011dyu.1, ENSP00000310657-uc001jvk.2-uc010qks.1, ENSP00000331682-uc002zsl.1-uc011ahr.1, ENSP00000362136-uc001cby.2-uc001cbz.2	0.999989165211	E
1	1.08264315362e-05	1.00001	ENSP00000257966-uc001spn.2-uc010srx.1, ENSP00000332595-uc003ttz.2-uc003tub.2, ENSP00000376362-uc001tui.1-uc001tuh.2, ENSP00000457258-uc002ejb.2-uc002ejc.2	0.999989173627	E
1	1.08160235921e-05	1.00001	ENSP00000346532-uc002orx.2-uc002ose.2, ENSP00000351338-uc003csx.2-uc003cst.2, ENSP00000354360-uc004caa.1-uc010mze.1, ENSP00000370074-uc003mug.2-uc003muf.2	0.999989184035	E
1	1.07314203614e-05	1.00001	ENSP00000267938-uc002bbg.2-uc002bbi.2, ENSP00000342581-uc011mbe.1-uc004bvh.2, ENSP00000357835-uc001lhs.1-uc009yaj.1, ENSP00000365048-uc001vqr.2-uc010agj.2	0.999989268637	E
1	1.06794138303e-05	1.00001	ENSP00000325269-uc003vfc.2-uc003vez.2, ENSP00000371811-uc001uof.2-uc010tct.1, ENSP00000379006-uc002ape.3-uc010ujb.1, ENSP00000382809-uc002yng.2-uc010glp.2	0.999989320643	E
1	1.06794138303e-05	1.00001	ENSP00000160298-uc002mgv.3-uc002mgw.2, ENSP00000260453-uc002adr.2-uc010bfo.2, ENSP00000362656-uc004bpc.2-uc010mws.2, ENSP00000415889-uc003wut.1-uc011kxl.1	0.999989320643	E
1	1.05536110713e-05	1.00001	ENSP00000283195, ENSP00000365938-uc001vmt.2-uc001vms.2, ENSP00000369695-uc003zoe.2-uc011lnf.1, ENSP00000452296-uc001vwc.3-uc001vwb.3	0.999989446445	E
1	1.05296403074e-05	1.00001	ENSP00000303423-uc003xps.2-uc003xpu.2, ENSP00000354957-uc004ahr.2-uc011lry.1, ENSP00000379350-uc001iwt.3-uc001iwr.3, ENSP00000455933-uc010vnx.1-uc010voa.1	0.999989470415	E
1	1.04261326072e-05	1.00001	ENSP00000218089, ENSP00000267101-uc001sjh.2-uc001sjl.2, ENSP00000309330-uc003tta.2-uc010kzr.2, ENSP00000377566-uc002esa.2-uc002esc.2	0.999989573922	E
1	1.03285138739e-05	1.00001	ENSP00000259395-uc004bbg.1-uc011lvk.1, ENSP00000277458-uc004byf.1-uc011mbt.1, ENSP00000364000-uc002uqk.2-uc010frx.2, ENSP00000411471-uc003fmz.2-uc003fnb.2	0.999989671539	E
1	1.01630499967e-05	1.00001	ENSP00000289407-uc003vop.1-uc003voq.1, ENSP00000297440-uc010krz.1-uc003sjb.2, ENSP00000355809-uc001hpc.1-uc001hpd.1, ENSP00000376178-uc001uio.2-uc001uip.2	0.999989837002	E
1	1.01412272577e-05	1.00001	ENSP00000019103-uc002tma.2-uc002tlz.2, ENSP00000293261-uc002pix.1-uc010xzo.1, ENSP00000379006-uc002ape.3-uc010ujb.1, ENSP00000411032-uc002oyg.1-uc010ejd.2	0.999989858824	E
1	1.00740522878e-05	1.00001	ENSP00000318557-uc002euz.2-uc010vkh.1, ENSP00000395653-uc002hbf.1-uc002hbg.1, ENSP00000408576-uc003cop.1-uc010hit.1, ENSP00000445044-uc001nbw.1-uc001nby.1	0.999989925998	E
1	1.00527227551e-05	1.00001	ENSP00000245441-uc001wyi.2-uc001wyj.2, ENSP00000263563-uc001jrd.3-uc001jre.3, ENSP00000320076-uc002jme.1-uc010wro.1, ENSP00000327009-uc002rmv.2-uc002rmw.2	0.999989947328	E
1	9.99456632979e-06	1.00001	ENSP00000336750-uc002rli.1-uc010ezh.1, ENSP00000361245-uc009vxk.2-uc001cmx.3, ENSP00000435933-uc001ghx.1-uc001ghv.1, ENSP00000469583-uc010rye.1-uc001pti.2	0.999990005484	E
1	9.93740571766e-06	1.00001	ENSP00000284548, ENSP00000374029-uc003ltj.2-uc011dcn.1, ENSP00000380025-uc002vhp.1-uc010zjz.1, ENSP00000417185-uc001afs.2-uc001afr.2	0.999990062644	E
1	9.91260442762e-06	1.00001	ENSP00000269701-uc002nav.2-uc010dzy.2, ENSP00000329002-uc001fes.2-uc009wov.2, ENSP00000458302-uc003uae.1-uc003uaf.1, ENSP00000473196-uc004fip.2-uc004fio.2	0.999990087445	E
1	9.86136989494e-06	1.00001	ENSP00000239007-uc001kza.2-uc009xxu.2, ENSP00000320885-uc002roc.2-uc002rod.2, ENSP00000356641-uc001gku.1-uc009wwv.2, ENSP00000402515	0.999990138679	E
1	9.8445440332e-06	1.00001	ENSP00000265872-uc001joo.2-uc010qjb.1, ENSP00000288502-uc004bjd.3-uc004bjf.3, ENSP00000304669-uc003ldh.2-uc003ldl.2, ENSP00000464306-uc001eoc.1-uc001eod.1	0.999990155504	E
1	9.82430194775e-06	1.00001	ENSP00000287675-uc003cih.2-uc011ayq.1, ENSP00000371811-uc001uof.2-uc010tct.1, ENSP00000386725-uc002uny.2-uc002unw.2, ENSP00000390121-uc002jbv.2-uc010wps.1	0.999990175746	E
1	9.81048677323e-06	1.00001	ENSP00000280377-uc001src.1-uc001srb.1, ENSP00000290341-uc002iom.2-uc010dbj.2, ENSP00000339435-uc002fue.1-uc002fui.1, ENSP00000367872-uc001aif.2-uc009vky.2	0.999990189561	E
1	9.7944126726e-06	1.00001	ENSP00000295448-uc003gwy.2-uc011bzb.1, ENSP00000315873, ENSP00000333667-uc001snf.1-uc010srj.1, ENSP00000341874-uc002kui.3-uc010xat.1	0.999990205635	E
1	9.77847959769e-06	1.00001	ENSP00000269919-uc002nis.1-uc010xqg.1, ENSP00000311165-uc003tbv.1-uc010kwf.1, ENSP00000348359-uc001ptt.2-uc009zai.1, ENSP00000353114	0.999990221568	E
1	9.75973357234e-06	1.00001	ENSP00000262809-uc002njh.2-uc002njg.2, ENSP00000275954-uc004ddh.2-uc010ngs.2, ENSP00000327009-uc002rmv.2-uc002rmw.2, ENSP00000339016-uc001kez.1-uc010qmr.1	0.999990240314	E
1	9.63317917972e-06	1.00001	ENSP00000260408-uc002afd.1-uc010ugz.1, ENSP00000294179-uc001nvh.2-uc010rmi.1, ENSP00000349174-uc003hwc.2-uc003hwa.1, ENSP00000417132-uc003ddx.2-uc010hmh.2	0.999990366867	E
1	9.46842599584e-06	1.00001	ENSP00000323973-uc003emn.2-uc003ems.2, ENSP00000347427-uc010vsl.1-uc010vsp.1, ENSP00000410051-uc010seh.1-uc010sei.1, ENSP00000457354-uc002fhe.2-uc002fhd.2	0.999990531619	E
1	9.46809940677e-06	1.00001	ENSP00000244669-uc003opl.2-uc010jxf.2, ENSP00000245441-uc001wyi.2-uc001wyj.2, ENSP00000248248-uc002fez.2-uc010vng.1, ENSP00000352288-uc003bkv.3-uc003bkt.1	0.999990531945	E
1	9.46159424974e-06	1.00001	ENSP00000225577-uc002ixy.2-uc002ixz.2, ENSP00000252826-uc002pmw.2-uc002pmy.2, ENSP00000317128-uc003emx.2-uc003emw.2, ENSP00000359727-uc003pdr.2-uc011dxo.1	0.999990538451	E
1	9.42933856926e-06	1.00001	ENSP00000318318-uc002azc.1-uc010ulx.1, ENSP00000344772-uc001apy.2-uc001apz.2, ENSP00000346762-uc003vmi.2-uc010lle.2, ENSP00000380234-uc002fxc.1-uc010ckn.1	0.999990570706	E
1	9.3906845095e-06	1.00001	ENSP00000313854-uc003jch.2-uc003jcg.2, ENSP00000350578-uc002yma.2-uc011acg.1, ENSP00000386996-uc002vtb.1-uc002vta.2, ENSP00000413851-uc002kud.2-uc002kub.2	0.99999060936	E
1	9.34776459132e-06	1.00001	ENSP00000174653-uc003xoo.2-uc010lxe.2, ENSP00000260382-uc002asw.2-uc002asz.2, ENSP00000323302-uc001tbc.2-uc009zsq.2, ENSP00000381970-uc003koa.1-uc003kob.1	0.999990652279	E
1	9.30476680056e-06	1.00001	ENSP00000219439-uc002fhk.2-uc010vnv.1, ENSP00000355330-uc002xhr.2-uc010zvx.1, ENSP00000392264-uc010rre.1-uc009yth.2, ENSP00000419851-uc003faq.2-uc011bom.1	0.999990695276	E
1	9.23074928003e-06	1.00001	ENSP00000261413-uc003kbz.3-uc011csd.1, ENSP00000362804-uc001jnh.3-uc009xpq.2, ENSP00000384998-uc010zoj.1-uc002wan.1, ENSP00000386797-uc002tob.1-uc002toa.1	0.999990769293	E
1	9.024538889e-06	1.00001	ENSP00000285021-uc011ave.1-uc011avf.1, ENSP00000328236-uc001ucv.2-uc010taf.1, ENSP00000354837-uc001fmt.2-uc001fmq.2, ENSP00000376733-uc003etv.2-uc011bnb.1	0.999990975502	E
1	9.01867933592e-06	1.00001	ENSP00000242067-uc003tdn.1-uc003tdt.2, ENSP00000254322-uc002myz.1-uc010xnr.1, ENSP00000355050-uc010zvw.1-uc002xhj.2, ENSP00000361892-uc002xnb.2-uc010ggy.2	0.999990981361	E
1	8.96144385738e-06	1.00001	ENSP00000217159-uc002ydb.1-uc002yde.1, ENSP00000245441-uc001wyi.2-uc001wyj.2, ENSP00000361178-uc004eof.1-uc004eog.1, ENSP00000394902-uc001lei.1-uc010qtb.1	0.999991038596	E
1	8.96082879254e-06	1.00001	ENSP00000311165-uc003tbv.1-uc010kwf.1, ENSP00000322343-uc004apr.2-uc004apu.2, ENSP00000375936-uc002vkw.1-uc002vky.2, ENSP00000400175-uc003cwu.2-uc010hku.2	0.999991039211	E
1	8.9124740503e-06	1.00001	ENSP00000226578-uc003hwg.2-uc011ces.1, ENSP00000351042-uc002nqi.2-uc002nqh.2, ENSP00000355183, ENSP00000396205-uc011mad.1-uc010mxi.2	0.999991087566	E
1	8.90493410929e-06	1.00001	ENSP00000339016-uc001kez.1-uc010qmr.1, ENSP00000339435-uc002fue.1-uc002fui.1, ENSP00000349748-uc001bys.2-uc001byr.2, ENSP00000352510-uc001ylw.1-uc010txx.1	0.999991095106	E
1	8.79728557408e-06	1.00001	ENSP00000239223-uc003mbv.1-uc011dez.1, ENSP00000251241-uc002ixn.1-uc010wof.1, ENSP00000252699-uc002oja.1-uc002ojb.1, ENSP00000368799-uc001uxu.1-uc010ace.1	0.999991202753	E
1	8.75840423281e-06	1.00001	ENSP00000253363-uc002xeb.2-uc002xea.2, ENSP00000387133-uc010mda.1-uc010mdb.1, ENSP00000411471-uc003fmz.2-uc003fnb.2, ENSP00000443442-uc001ria.2-uc001rif.1	0.999991241634	E
1	8.68353148733e-06	1.00001	ENSP00000333799-uc003ubr.2-uc010lca.2, ENSP00000334153-uc003cay.2-uc010hes.2, ENSP00000371535-uc003grg.2-uc003grh.2, ENSP00000402301-uc003yia.2-uc010mbg.2	0.999991316506	E
1	8.68353148733e-06	1.00001	ENSP00000256649-uc001egz.2-uc001eha.2, ENSP00000336914-uc004asz.2-uc011luc.1, ENSP00000354850-uc001ktv.2-uc001ktu.2, ENSP00000380025-uc002vhp.1-uc010zjz.1	0.999991316506	E
1	8.66371041216e-06	1.00001	ENSP00000306920-uc003cfi.1-uc003cfj.1, ENSP00000327179-uc002ews.3-uc010cfi.2, ENSP00000399584-uc004csx.3-uc010ndt.2, ENSP00000470965-uc002tmb.2-uc010yyq.1	0.999991336327	E
1	8.65810238217e-06	1.00001	ENSP00000224949-uc001igt.1-uc001igs.1, ENSP00000307387-uc003cfx.2-uc011axw.1, ENSP00000317214-uc004epc.1-uc011msu.1, ENSP00000365048-uc001vqr.2-uc010agj.2	0.999991341935	E
1	8.64817740105e-06	1.00001	ENSP00000261632-uc001uni.2-uc010tcq.1, ENSP00000311997, ENSP00000357835-uc001lhs.1-uc009yaj.1, ENSP00000463916-uc001etp.2-uc001etq.2	0.99999135186	E
1	8.58696470311e-06	1.00001	ENSP00000246032-uc002wfw.3-uc010zpu.1, ENSP00000294785-uc001fvx.2-uc010pjg.1, ENSP00000366506-uc003mdc.3-uc003mdd.2, ENSP00000410051-uc010seh.1-uc010sei.1	0.999991413072	E
1	8.54184894017e-06	1.00001	ENSP00000435299-uc001lrv.2-uc001lrw.2, ENSP00000452037-uc001xoq.3-uc010arv.2, ENSP00000470203-uc004fjs.1-uc010nur.2, ENSP00000471888-uc010vhz.1-uc010vhw.1	0.999991458188	E
1	8.54137536184e-06	1.00001	ENSP00000295148-uc002rep.2-uc010eya.2, ENSP00000296473-uc003cxz.2-uc003cya.2, ENSP00000317232-uc002hxv.2-uc002hxw.1, ENSP00000373347-uc003brf.1-uc003brg.1	0.999991458661	E
1	8.51915613325e-06	1.00001	ENSP00000196482-uc002qsw.1-uc002qsx.1, ENSP00000385839-uc001snt.2-uc009zpn.1, ENSP00000401470-uc003azu.2-uc003azr.2, ENSP00000473196-uc004fip.2-uc004fio.2	0.99999148088	E
1	8.51386302762e-06	1.00001	ENSP00000262304, ENSP00000271657-uc001exr.2-uc010pcw.1, ENSP00000314420-uc002gkd.2-uc010cns.2, ENSP00000322343-uc004apr.2-uc004apu.2	0.999991486173	E
1	8.48914887896e-06	1.00001	ENSP00000290231-uc002xre.2-uc002xrc.2, ENSP00000347427-uc010vsl.1-uc010vsp.1, ENSP00000352282-uc001www.2-uc010tqg.1, ENSP00000353458-uc001wsk.2-uc001wsl.2	0.999991510887	E
1	8.43812471409e-06	1.00001	ENSP00000225577-uc002ixy.2-uc002ixz.2, ENSP00000261881-uc002apr.2-uc010ujn.1, ENSP00000288078-uc002eyy.2-uc002eyz.2, ENSP00000378056-uc002blh.2-uc002bll.2	0.999991561911	E
1	8.34704713429e-06	1.00001	ENSP00000239906-uc003lcw.2-uc011cyr.1, ENSP00000265140-uc003kkr.3-uc003kks.2, ENSP00000349174-uc003hwc.2-uc003hwa.1, ENSP00000434359-uc003yzs.2-uc003yzr.2	0.999991652988	E
1	8.2766882614e-06	1.00001	ENSP00000301011-uc002fky.2-uc002fkz.2, ENSP00000308622-uc004bvj.2-uc010myd.2, ENSP00000316924-uc002wub.2-uc010gdc.2, ENSP00000344666	0.999991723346	E
1	8.16136245365e-06	1.00001	ENSP00000246062-uc002wnu.1-uc010zrd.1, ENSP00000295119-uc002upf.2-uc010zfs.1, ENSP00000349708-uc001byh.2-uc010oht.1, ENSP00000413520-uc002jmj.3-uc002jmi.2	0.999991838671	E
1	8.15206120595e-06	1.00001	ENSP00000257548-uc010sxi.1-uc001tnw.3, ENSP00000259569-uc003zjr.2-uc003zjs.2, ENSP00000288988-uc002rnr.2-uc002rnq.2, ENSP00000426968-uc010iqc.2-uc003ioz.2	0.999991847972	E
1	8.08476497137e-06	1.00001	ENSP00000217909-uc004erd.2-uc011mtt.1, ENSP00000298317-uc001qde.2-uc010sbl.1, ENSP00000305533-uc003hnt.2-uc003hnv.2, ENSP00000418285	0.999991915268	E
1	8.08178579492e-06	1.00001	ENSP00000282308-uc002qqu.2-uc010euj.2, ENSP00000329419-uc003etf.3-uc011bmv.1, ENSP00000362590-uc003onn.2-uc003onp.2, ENSP00000470203-uc004fjs.1-uc010nur.2	0.999991918247	E
1	8.02592846749e-06	1.00001	ENSP00000238561-uc001xui.2-uc001xuj.2, ENSP00000359245, ENSP00000359665-uc001kog.1-uc009xvw.1, ENSP00000377867-uc004ewk.1-uc004ewm.1	0.999991974104	E
1	8.01780801376e-06	1.00001	ENSP00000293677-uc002moa.2-uc002mnz.2, ENSP00000310841-uc002fjw.2-uc010vot.1, ENSP00000327009-uc002rmv.2-uc002rmw.2, ENSP00000419446-uc003xmr.2-uc003xms.2	0.999991982224	E
1	8.01654271985e-06	1.00001	ENSP00000267101-uc001sjh.2-uc001sjl.2, ENSP00000353533-uc003eil.2-uc011bkh.1, ENSP00000379625-uc011ayi.1-uc011ayk.1, ENSP00000457354-uc002fhe.2-uc002fhd.2	0.999991983489	E
1	7.97486406958e-06	1.00001	ENSP00000287675-uc003cih.2-uc011ayq.1, ENSP00000288988-uc002rnr.2-uc002rnq.2, ENSP00000341489-uc002nah.1-uc002nai.1, ENSP00000419231-uc003esl.2-uc011bmm.1	0.999992025168	E
1	7.95674700808e-06	1.00001	ENSP00000245441-uc001wyi.2-uc001wyj.2, ENSP00000340693-uc003dts.2-uc003dtu.2, ENSP00000411124-uc001yhq.2-uc001yhp.2, ENSP00000440978-uc010swq.1-uc010swp.1	0.999992043285	E
1	7.92398072823e-06	1.00001	ENSP00000264963-uc002swu.2-uc010yuw.1, ENSP00000356574-uc001gnz.2-uc001goc.2, ENSP00000357841-uc001eym.2-uc010pdg.1, ENSP00000382809-uc002yng.2-uc010glp.2	0.999992076051	E
1	7.89108339347e-06	1.00001	ENSP00000273179-uc003chg.2-uc003chh.2, ENSP00000317232-uc002hxv.2-uc002hxw.1, ENSP00000341154-uc001yno.2-uc001yns.2, ENSP00000433388-uc003dcn.2-uc010hly.2	0.999992108948	E
1	7.81143572829e-06	1.00001	ENSP00000170564-uc002nug.1-uc002nuh.1, ENSP00000264400-uc003hmi.1-uc010ijq.1, ENSP00000303696-uc002lwr.2-uc010xha.1, ENSP00000423228-uc003jlg.1-uc003jlb.1	0.999992188595	E
1	7.59086484606e-06	1.00001	ENSP00000262213-uc003xyo.1-uc011lfc.1, ENSP00000320885-uc002roc.2-uc002rod.2, ENSP00000381204-uc001pha.2-uc009yxc.2, ENSP00000399121-uc010ltu.2-uc003xav.2	0.999992409164	E
1	7.54222398972e-06	1.00001	ENSP00000261308-uc003jtv.3-uc011cqw.1, ENSP00000363283-uc001bmr.1-uc010ofe.1, ENSP00000369213-uc003zra.2-uc010mjj.2, ENSP00000465500-uc002lin.2-uc010dpv.2	0.999992457804	E
1	7.51835470195e-06	1.00001	ENSP00000326534-uc001zpc.2-uc001zpb.2, ENSP00000340062, ENSP00000364218-uc004aym.2-uc004ayk.2, ENSP00000419231-uc003esl.2-uc011bmm.1	0.999992481674	E
1	7.51409698907e-06	1.00001	ENSP00000261173-uc001tbh.2-uc009zsr.2, ENSP00000264094-uc002smp.1-uc002smo.1, ENSP00000316578-uc002hgs.2-uc002hgt.2, ENSP00000426968-uc010iqc.2-uc003ioz.2	0.999992485931	E
1	7.44429337991e-06	1.00001	ENSP00000321636-uc002gsx.1-uc010cpz.1, ENSP00000333657-uc002yzf.1-uc010gop.1, ENSP00000401133-uc010ujs.1-uc010ujt.1, ENSP00000406571-uc003mds.3-uc003mdv.2	0.999992555734	E
1	7.44175681451e-06	1.00001	ENSP00000297837-uc004ayu.2-uc004ayv.1, ENSP00000327154-uc003owr.2-uc003ows.2, ENSP00000460334-uc002qdo.2-uc002qdn.2, ENSP00000473196-uc004fip.2-uc004fio.2	0.999992558271	E
1	7.33191338389e-06	1.00001	ENSP00000282003-uc001vkw.1-uc010afc.2, ENSP00000318012-uc004bvu.3-uc011mbj.1, ENSP00000367830-uc001aiq.2-uc009vla.2, ENSP00000375051-uc001chn.2-uc001chp.2	0.999992668113	E
1	7.20763343602e-06	1.00001	ENSP00000263440-uc010oow.1-uc001daz.2, ENSP00000309330-uc003tta.2-uc010kzr.2, ENSP00000402537-uc001zfh.1-uc010ubk.1, ENSP00000433388-uc003dcn.2-uc010hly.2	0.999992792393	E
1	7.17523509239e-06	1.00001	ENSP00000361178-uc004eof.1-uc004eog.1, ENSP00000365938-uc001vmt.2-uc001vms.2, ENSP00000392775-uc003vbd.2-uc011klj.1, ENSP00000410083-uc001tdz.2-uc009ztb.1	0.999992824791	E
1	7.10324597303e-06	1.00001	ENSP00000340766-uc001gqg.2-uc001gqf.2, ENSP00000358262-uc001epm.3-uc009wji.2, ENSP00000379154-uc001jap.1-uc001jao.1, ENSP00000418754-uc011dve.1-uc010jyj.1	0.999992896779	E
1	7.00866831024e-06	1.00001	ENSP00000252826-uc002pmw.2-uc002pmy.2, ENSP00000329867-uc001ouw.2-uc001oux.2, ENSP00000373390, ENSP00000377389-uc001onw.2-uc001onz.2	0.999992991356	E
1	6.84542395673e-06	1.00001	ENSP00000245441-uc001wyi.2-uc001wyj.2, ENSP00000331682-uc002zsl.1-uc011ahr.1, ENSP00000412394, ENSP00000415057-uc010ukd.1-uc010bik.1	0.999993154599	E
1	6.84542395673e-06	1.00001	ENSP00000262294-uc002iwz.3-uc010woc.1, ENSP00000264400-uc003hmi.1-uc010ijq.1, ENSP00000354837-uc001fmt.2-uc001fmq.2, ENSP00000445044-uc001nbw.1-uc001nby.1	0.999993154599	E
1	6.79534652537e-06	1.00001	ENSP00000264977-uc003eqv.1-uc011blz.1, ENSP00000271227-uc001dqv.3-uc010ott.1, ENSP00000274000-uc003iaj.3-uc003iak.3, ENSP00000358548-uc009wgu.2-uc001efh.3	0.999993204677	E
1	6.79170491782e-06	1.00001	ENSP00000253270-uc004awc.2-uc004awd.2, ENSP00000304898-uc002vot.2-uc002vox.2, ENSP00000325017-uc001qoo.2-uc010sfd.1, ENSP00000357904-uc001ewy.2-uc010pcr.1	0.999993208318	E
1	6.79007372167e-06	1.00001	ENSP00000271688-uc001evz.2-uc009wmh.2, ENSP00000278193-uc001mrl.2-uc009yii.2, ENSP00000355299-uc001gqt.3-uc001gqu.3, ENSP00000469583-uc010rye.1-uc001pti.2	0.999993209949	E
1	6.77980221272e-06	1.00001	ENSP00000262144-uc002fdh.1-uc002fdf.1, ENSP00000281471-uc001rkq.3-uc009zjs.2, ENSP00000316042-uc003lbt.2-uc010jeo.2, ENSP00000419879-uc002wls.2-uc010zqv.1	0.999993220221	E
1	6.69851141758e-06	1.00001	ENSP00000219689-uc002dll.2-uc002dlk.2, ENSP00000256398-uc003xgo.3-uc011lat.1, ENSP00000352282-uc001www.2-uc010tqg.1, ENSP00000400175-uc003cwu.2-uc010hku.2	0.999993301511	E
1	6.62497004917e-06	1.00001	ENSP00000285021-uc011ave.1-uc011avf.1, ENSP00000314420-uc002gkd.2-uc010cns.2, ENSP00000335652, ENSP00000394966-uc001cbh.1-uc001cbf.1	0.999993375052	E
1	6.57734857647e-06	1.00001	ENSP00000261733-uc001tst.2-uc010syi.1, ENSP00000272638-uc002tur.2-uc002tut.2, ENSP00000366522-uc003zds.1-uc011llk.1, ENSP00000371811-uc001uof.2-uc010tct.1	0.999993422673	E
1	6.574156601e-06	1.00001	ENSP00000323973-uc003emn.2-uc003ems.2, ENSP00000326674-uc002chn.2-uc002chp.2, ENSP00000355827-uc001hoh.2-uc010pvc.1, ENSP00000400175-uc003cwu.2-uc010hku.2	0.999993425865	E
1	6.50163094719e-06	1.00001	ENSP00000265651-uc001muz.2-uc010rej.1, ENSP00000346643-uc001jpf.3-uc009xqb.2, ENSP00000359998-uc003pbf.2-uc003pbe.2, ENSP00000402537-uc001zfh.1-uc010ubk.1	0.99999349839	E
1	6.49332073486e-06	1.00001	ENSP00000256496-uc003bqg.2-uc011asy.1, ENSP00000361625-uc004bxc.2-uc004bxf.2, ENSP00000377864-uc001ses.2-uc001sev.2, ENSP00000413272-uc003epr.2-uc003epq.2	0.9999935067	E
1	6.42781595639e-06	1.00001	ENSP00000303279-uc001hmc.2-uc001hmd.2, ENSP00000330470-uc003akk.2-uc003aki.2, ENSP00000336914-uc004asz.2-uc011luc.1, ENSP00000419279-uc003vus.2-uc011kqq.1	0.999993572205	E
1	6.42369565046e-06	1.00001	ENSP00000244020-uc010zwg.1-uc002xki.2, ENSP00000264266-uc003fcl.1-uc011box.1, ENSP00000362824-uc004eaa.1-uc004ead.2, ENSP00000445044-uc001nbw.1-uc001nby.1	0.999993576325	E
1	6.40006233128e-06	1.00001	ENSP00000221200-uc003xeo.2-uc011lad.1, ENSP00000262207-uc003yan.2-uc011lfl.1, ENSP00000386844, ENSP00000413851-uc002kud.2-uc002kub.2	0.999993599958	E
1	6.37918059941e-06	1.00001	ENSP00000261643-uc002gof.3-uc010vvt.1, ENSP00000279263-uc001oct.2-uc010rny.1, ENSP00000308018-uc003ziz.1-uc003zja.1, ENSP00000399828-uc003gfr.2-uc003gfn.2	0.99999362084	E
1	6.36368297629e-06	1.00001	ENSP00000170564-uc002nug.1-uc002nuh.1, ENSP00000301924-uc003xfl.1-uc010lup.1, ENSP00000363506-uc002xcd.2-uc010zuz.1, ENSP00000379154-uc001jap.1-uc001jao.1	0.999993636337	E
1	6.35751098897e-06	1.00001	ENSP00000256339-uc001ybs.1-uc001ybv.1, ENSP00000260453-uc002adr.2-uc010bfo.2, ENSP00000299608-uc002lkf.2-uc010xez.1, ENSP00000387133-uc010mda.1-uc010mdb.1	0.999993642509	E
1	6.31252085345e-06	1.00001	ENSP00000005178-uc003uoa.2-uc003unz.2, ENSP00000259395-uc004bbg.1-uc011lvk.1, ENSP00000261308-uc003jtv.3-uc011cqw.1, ENSP00000354995-uc002zaq.2-uc002zao.2	0.999993687499	E
1	6.26947112052e-06	1.00001	ENSP00000234256-uc010yqa.1-uc010ypz.1, ENSP00000275227-uc003qdw.1-uc010kgd.1, ENSP00000352288-uc003bkv.3-uc003bkt.1, ENSP00000367064	0.999993730549	E
1	6.23964486579e-06	1.00001	ENSP00000262294-uc002iwz.3-uc010woc.1, ENSP00000363753-uc004bdn.2-uc010mtr.2, ENSP00000411471-uc003fmz.2-uc003fnb.2, ENSP00000414558-uc001wgm.2-uc010tnb.1	0.999993760375	E
1	6.02712615778e-06	1.00001	ENSP00000344223-uc002fhi.2-uc002fhh.2, ENSP00000354040-uc001ift.2-uc010qad.1, ENSP00000417963-uc003oth.2-uc010jyd.2, ENSP00000426968-uc010iqc.2-uc003ioz.2	0.999993972892	E
1	5.98141503043e-06	1.00001	ENSP00000271663-uc001exi.2-uc010pcv.1, ENSP00000313953-uc002rom.2-uc002ron.2, ENSP00000377756-uc010hoy.2-uc003drw.2, ENSP00000419851-uc003faq.2-uc011bom.1	0.999994018603	E
1	5.95736662028e-06	1.00001	ENSP00000253363-uc002xeb.2-uc002xea.2, ENSP00000271688-uc001evz.2-uc009wmh.2, ENSP00000334800-uc003url.1-uc010lgf.1, ENSP00000439966-uc001suc.2-uc010sti.1	0.999994042651	E
1	5.92285378241e-06	1.00001	ENSP00000256496-uc003bqg.2-uc011asy.1, ENSP00000314499-uc003gbm.3-uc003gbk.3, ENSP00000318884, ENSP00000357448-uc001ffr.2-uc010pep.1	0.999994077164	E
1	5.88623860937e-06	1.00001	ENSP00000219070-uc002ehz.3-uc002eia.3, ENSP00000295148-uc002rep.2-uc010eya.2, ENSP00000356155-uc001haw.2-uc010pqv.1, ENSP00000433388-uc003dcn.2-uc010hly.2	0.999994113779	E
1	5.87192982524e-06	1.00001	ENSP00000263196-uc002zoq.1-uc011agr.1, ENSP00000365851-uc001irh.2-uc009xkg.2, ENSP00000377389-uc001onw.2-uc001onz.2, ENSP00000442050-uc002kch.1-uc010wva.1	0.999994128087	E
1	5.82652368992e-06	1.00001	ENSP00000226578-uc003hwg.2-uc011ces.1, ENSP00000316426-uc002hqi.3-uc010cvn.1, ENSP00000362718-uc003onc.1-uc003ond.1, ENSP00000428205-uc003yqr.2-uc003yqq.2	0.999994173493	E
1	5.78773750491e-06	1.00001	ENSP00000238823-uc002rpa.1-uc010ynd.1, ENSP00000263209-uc002zri.2-uc002zrj.2, ENSP00000308018-uc003ziz.1-uc003zja.1, ENSP00000364509-uc004auf.1-uc010mrj.1	0.999994212279	E
1	5.69578856452e-06	1.00001	ENSP00000268638-uc002fjh.2-uc010chp.2, ENSP00000312244-uc004cuw.2-uc004cux.2, ENSP00000316739-uc001bes.2-uc001ber.2, ENSP00000362656-uc004bpc.2-uc010mws.2	0.999994304228	E
1	5.66903359191e-06	1.00001	ENSP00000245206-uc002eof.1-uc010vim.1, ENSP00000378736-uc003tus.2-uc003tuu.2, ENSP00000410545, ENSP00000417601-uc003cfp.2-uc011axp.1	0.999994330982	E
1	5.61160729003e-06	1.00001	ENSP00000261292-uc002ldv.2-uc010xdh.1, ENSP00000318373-uc002rkk.2-uc002rkj.2, ENSP00000330237-uc001awn.2-uc001awo.2, ENSP00000357448-uc001ffr.2-uc010pep.1	0.999994388408	E
1	5.59660042789e-06	1.00001	ENSP00000262809-uc002njh.2-uc002njg.2, ENSP00000267938-uc002bbg.2-uc002bbi.2, ENSP00000316739-uc001bes.2-uc001ber.2, ENSP00000354671-uc001cov.2-uc001cpa.2	0.999994403415	E
1	5.5745660202e-06	1.00001	ENSP00000256689-uc001rpg.2-uc010sli.1, ENSP00000264424-uc003ipc.2-uc003ipd.2, ENSP00000320663-uc002rsi.2-uc010ynv.1, ENSP00000409493	0.99999442545	E
1	5.52484112771e-06	1.00001	ENSP00000349428-uc002lpp.2-uc002lps.2, ENSP00000350331-uc001iig.2-uc001iii.2, ENSP00000397552-uc003fjw.2-uc003fjx.2, ENSP00000402515	0.999994475174	E
1	5.44938346333e-06	1.00001	ENSP00000262809-uc002njh.2-uc002njg.2, ENSP00000315768-uc001slc.2-uc001slb.2, ENSP00000322242-uc001typ.3-uc001tyq.3, ENSP00000362285-uc001jrr.3-uc001jru.3	0.999994550631	E
1	5.43779969361e-06	1.00001	ENSP00000352608, ENSP00000354086-uc001cxa.3-uc001cxc.3, ENSP00000419446-uc003xmr.2-uc003xms.2, ENSP00000445725-uc003xpm.2-uc010lxp.2	0.999994562215	E
1	5.42280361684e-06	1.00001	ENSP00000258733-uc003swb.2-uc011jyz.1, ENSP00000268603-uc002eoi.2-uc010cdn.2, ENSP00000271227-uc001dqv.3-uc010ott.1, ENSP00000356210-uc003qph.2-uc003qpg.2	0.999994577211	E
1	5.42075286414e-06	1.00001	ENSP00000271227-uc001dqv.3-uc010ott.1, ENSP00000336914-uc004asz.2-uc011luc.1, ENSP00000355180-uc002zhu.1-uc002zhw.1, ENSP00000357283-uc001fni.2-uc001fnk.2	0.999994579262	E
1	5.40092825439e-06	1.00001	ENSP00000268638-uc002fjh.2-uc010chp.2, ENSP00000386844, ENSP00000417401-uc002yfm.2-uc002yfl.1, ENSP00000435933-uc001ghx.1-uc001ghv.1	0.999994599086	E
1	5.29055898841e-06	1.00001	ENSP00000271688-uc001evz.2-uc009wmh.2, ENSP00000293230-uc002jru.1-uc002jrv.1, ENSP00000312158-uc003nib.1-uc003nic.1, ENSP00000340766-uc001gqg.2-uc001gqf.2	0.999994709455	E
1	5.26027919032e-06	1.00001	ENSP00000264638-uc002iay.2-uc010wgs.1, ENSP00000268482-uc002fcb.2-uc010vmp.1, ENSP00000287295-uc004evg.2-uc004evi.2, ENSP00000373347-uc003brf.1-uc003brg.1	0.999994739735	E
1	5.21570001917e-06	1.00001	ENSP00000340467-uc001wlj.2-uc001wlk.2, ENSP00000343405-uc001jux.2-uc010qkq.1, ENSP00000356230-uc001gyo.1-uc001gym.1, ENSP00000367064	0.999994784314	E
1	5.12328222739e-06	1.00001	ENSP00000359364-uc002yeh.2-uc011aaq.1, ENSP00000364902-uc002wxp.2-uc010ztu.1, ENSP00000404684-uc003cui.2-uc003cuk.2, ENSP00000432332-uc001oxx.2-uc001oya.2	0.999994876731	E
1	5.11721092837e-06	1.00001	ENSP00000282478, ENSP00000417132-uc003ddx.2-uc010hmh.2, ENSP00000441140-uc004arv.2-uc004arw.2, ENSP00000464306-uc001eoc.1-uc001eod.1	0.999994882802	E
1	5.10219369412e-06	1.00001	ENSP00000230640-uc003jpy.3-uc011cqi.1, ENSP00000306340-uc011cbp.1-uc003hiq.2, ENSP00000361009-uc002xtw.1-uc002xtv.1, ENSP00000367893-uc001imk.2-uc010qbs.1	0.999994897819	E
1	5.09647567899e-06	1.00001	ENSP00000246151-uc001bhq.2-uc010oeb.1, ENSP00000288502-uc004bjd.3-uc004bjf.3, ENSP00000347532-uc009xyw.2-uc001lcy.3, ENSP00000358548-uc009wgu.2-uc001efh.3	0.999994903537	E
1	5.08311208491e-06	1.00001	ENSP00000334229-uc001rfq.2-uc010sir.1, ENSP00000365938-uc001vmt.2-uc001vms.2, ENSP00000434359-uc003yzs.2-uc003yzr.2, ENSP00000471074-uc002xfh.2-uc002xfg.2	0.999994916901	E
1	5.07603587032e-06	1.00001	ENSP00000279281-uc001ocr.1-uc001ocs.1, ENSP00000330470-uc003akk.2-uc003aki.2, ENSP00000354957-uc004ahr.2-uc011lry.1, ENSP00000455933-uc010vnx.1-uc010voa.1	0.999994923977	E
1	5.07603587032e-06	1.00001	ENSP00000298317-uc001qde.2-uc010sbl.1, ENSP00000350967-uc002kzk.1-uc002kzo.1, ENSP00000358262-uc001epm.3-uc009wji.2, ENSP00000369871-uc003znk.2-uc011lmz.1	0.999994923977	E
1	5.06047019839e-06	1.00001	ENSP00000356574-uc001gnz.2-uc001goc.2, ENSP00000357307-uc001fmg.2-uc010pgq.1, ENSP00000366522-uc003zds.1-uc011llk.1, ENSP00000377954-uc003lnx.1-uc011dbq.1	0.999994939543	E
1	5.00315379702e-06	1.00001	ENSP00000250896-uc002lus.2-uc002luq.1, ENSP00000265872-uc001joo.2-uc010qjb.1, ENSP00000303153-uc003yvd.2-uc011ljo.1, ENSP00000316739-uc001bes.2-uc001ber.2	0.999994996859	E
1	4.98338064376e-06	1	ENSP00000262031-uc001sln.2-uc010sqp.1, ENSP00000331682-uc002zsl.1-uc011ahr.1, ENSP00000349636-uc002itb.2-uc002ita.2, ENSP00000364218-uc004aym.2-uc004ayk.2	0.999995016632	E
1	4.94715414372e-06	1	ENSP00000396861-uc010jaf.1-uc003kga.2, ENSP00000413851-uc002kud.2-uc002kub.2, ENSP00000436958-uc001pbl.2-uc001pbk.2, ENSP00000465500-uc002lin.2-uc010dpv.2	0.999995052858	E
1	4.93337535771e-06	1	ENSP00000246062-uc002wnu.1-uc010zrd.1, ENSP00000328551-uc003gmu.2-uc003gmv.2, ENSP00000337358-uc002zmf.2-uc002zme.2, ENSP00000395007-uc010lpi.2-uc003wfw.2	0.999995066637	E
1	4.90295341289e-06	1	ENSP00000280700-uc003cdl.2-uc003cdk.2, ENSP00000288988-uc002rnr.2-uc002rnq.2, ENSP00000293350-uc002pnt.2-uc010yat.1, ENSP00000348564-uc001zql.2-uc001zqj.2	0.999995097059	E
1	4.86327708144e-06	1	ENSP00000265651-uc001muz.2-uc010rej.1, ENSP00000365943-uc004ajz.2-uc004akb.2, ENSP00000370467-uc004crv.2-uc010ndl.2, ENSP00000461672-uc002kal.1-uc002kai.1	0.999995136735	E
1	4.85350056908e-06	1	ENSP00000239223-uc003mbv.1-uc011dez.1, ENSP00000253925-uc001opo.2-uc001opr.2, ENSP00000314193-uc002uql.1-uc002uqo.1, ENSP00000354837-uc001fmt.2-uc001fmq.2	0.999995146511	E
1	4.84491875973e-06	1	ENSP00000282308-uc002qqu.2-uc010euj.2, ENSP00000303147-uc002spr.2-uc010fgk.2, ENSP00000392775-uc003vbd.2-uc011klj.1, ENSP00000428924-uc003xsk.3-uc003xsl.3	0.999995155093	E
1	4.80446274906e-06	1	ENSP00000223061-uc003uvo.2-uc003uvp.1, ENSP00000263196-uc002zoq.1-uc011agr.1, ENSP00000411032-uc002oyg.1-uc010ejd.2, ENSP00000432332-uc001oxx.2-uc001oya.2	0.999995195549	E
1	4.76610315885e-06	1	ENSP00000245541-uc002jni.1-uc002jnj.1, ENSP00000356230-uc001gyo.1-uc001gym.1, ENSP00000434359-uc003yzs.2-uc003yzr.2, ENSP00000450613-uc010fyv.2-uc002vxp.3	0.999995233908	E
1	4.7318160997e-06	1	ENSP00000274000-uc003iaj.3-uc003iak.3, ENSP00000345444-uc001qfp.2-uc009zcv.2, ENSP00000355330-uc002xhr.2-uc010zvx.1, ENSP00000360577-uc001cup.3-uc010onl.1	0.999995268195	E
1	4.70487471825e-06	1	ENSP00000349748-uc001bys.2-uc001byr.2, ENSP00000370196-uc003blh.2-uc003blf.2, ENSP00000448012-uc001tar.2-uc001taq.2, ENSP00000449960-uc001sef.2-uc001see.2	0.999995295136	E
1	4.67694508863e-06	1	ENSP00000256398-uc003xgo.3-uc011lat.1, ENSP00000343002-uc010aaz.2-uc001uto.3, ENSP00000360151-uc001kmp.2-uc001kmo.2, ENSP00000370761-uc001rgn.2-uc001rgo.2	0.999995323066	E
1	4.67341501743e-06	1	ENSP00000259395-uc004bbg.1-uc011lvk.1, ENSP00000378086-uc001xip.2-uc001xis.2, ENSP00000381204-uc001pha.2-uc009yxc.2, ENSP00000430548-uc003yht.1-uc003yhu.1	0.999995326596	E
1	4.60391302018e-06	1	ENSP00000247956-uc002mku.2-uc002mkw.2, ENSP00000353292-uc001qnw.2-uc001qnv.2, ENSP00000384338-uc002twh.2-uc010zbn.1, ENSP00000452120-uc001shh.2-uc001shg.2	0.999995396098	E
1	4.55756787355e-06	1	ENSP00000261405-uc001qnn.1-uc010set.1, ENSP00000295148-uc002rep.2-uc010eya.2, ENSP00000318012-uc004bvu.3-uc011mbj.1, ENSP00000385030-uc002rgu.2-uc010ykr.1	0.999995442443	E
1	4.53770032463e-06	1	ENSP00000256854-uc002lgs.2-uc010xea.1, ENSP00000316042-uc003lbt.2-uc010jeo.2, ENSP00000386935-uc010ncb.2-uc004cla.3, ENSP00000398401-uc003umc.2-uc003umd.2	0.99999546231	E
1	4.52844330981e-06	1	ENSP00000278903-uc001qca.2-uc010sbf.1, ENSP00000358262-uc001epm.3-uc009wji.2, ENSP00000360373-uc004esv.2-uc010nqq.2, ENSP00000370761-uc001rgn.2-uc001rgo.2	0.999995471567	E
1	4.51394559496e-06	1	ENSP00000288078-uc002eyy.2-uc002eyz.2, ENSP00000302728-uc003tun.2-uc011kdt.1, ENSP00000362298-uc001jrm.2-uc009xqk.2, ENSP00000368800-uc010cdu.2-uc002ept.2	0.999995486065	E
1	4.39923476572e-06	1	ENSP00000246505-uc010tjw.1-uc001vtf.2, ENSP00000303696-uc002lwr.2-uc010xha.1, ENSP00000320794, ENSP00000360065-uc001dcx.2-uc009waw.2	0.999995600775	E
1	4.33317489915e-06	1	ENSP00000229854-uc003pan.1-uc011dwu.1, ENSP00000279281-uc001ocr.1-uc001ocs.1, ENSP00000324960-uc001olo.2-uc001oln.2, ENSP00000364899-uc004arb.2-uc011ltr.1	0.999995666834	E
1	4.30137799743e-06	1	ENSP00000239906-uc003lcw.2-uc011cyr.1, ENSP00000261413-uc003kbz.3-uc011csd.1, ENSP00000373783-uc003xdh.1-uc010lty.1, ENSP00000392264-uc010rre.1-uc009yth.2	0.999995698631	E
1	4.26964261722e-06	1	ENSP00000312244-uc004cuw.2-uc004cux.2, ENSP00000331682-uc002zsl.1-uc011ahr.1, ENSP00000359094-uc002yfq.1-uc002yfo.1, ENSP00000386725-uc002uny.2-uc002unw.2	0.999995730366	E
1	4.23427960999e-06	1	ENSP00000260600-uc002rfs.3-uc002rfr.3, ENSP00000365637-uc001iru.3-uc001isa.1, ENSP00000413520-uc002jmj.3-uc002jmi.2, ENSP00000422464-uc003iph.1-uc011cir.1	0.999995765729	E
1	4.19919460525e-06	1	ENSP00000299853-uc002dkk.2-uc010vbt.1, ENSP00000316054-uc003fms.2-uc003fmu.2, ENSP00000365388-uc001isv.2-uc010qdf.1, ENSP00000371811-uc001uof.2-uc010tct.1	0.999995800814	E
1	4.18876185635e-06	1	ENSP00000264670-uc003jdu.2-uc003jds.2, ENSP00000326381-uc003fqs.2-uc003fqv.2, ENSP00000386996-uc002vtb.1-uc002vta.2, ENSP00000452037-uc001xoq.3-uc010arv.2	0.999995811247	E
1	4.18524439773e-06	1	ENSP00000280377-uc001src.1-uc001srb.1, ENSP00000281038-uc001ozi.2-uc010rsq.1, ENSP00000356849-uc001gdt.1-uc010plf.1, ENSP00000394902-uc001lei.1-uc010qtb.1	0.999995814764	E
1	4.15460168504e-06	1	ENSP00000308622-uc004bvj.2-uc010myd.2, ENSP00000354086-uc001cxa.3-uc001cxc.3, ENSP00000376930-uc003emz.3-uc011blc.1, ENSP00000380860	0.999995845407	E
1	4.0691477952e-06	1	ENSP00000300738-uc001lyw.3-uc010qyd.1, ENSP00000331504-uc002bpv.2-uc002bpy.2, ENSP00000399402-uc003jnq.3-uc003jnp.3, ENSP00000411471-uc003fmz.2-uc003fnb.2	0.99999593086	E
1	4.06740326113e-06	1	ENSP00000276893-uc003zjy.2-uc003zkb.2, ENSP00000349428-uc002lpp.2-uc002lps.2, ENSP00000383191-uc002zhg.2-uc002zhk.2, ENSP00000462664-uc002lfj.3-uc010dpg.2	0.999995932605	E
1	4.01009961857e-06	1	ENSP00000261881-uc002apr.2-uc010ujn.1, ENSP00000316578-uc002hgs.2-uc002hgt.2, ENSP00000356591-uc001gml.2-uc010pnk.1, ENSP00000411471-uc003fmz.2-uc003fnb.2	0.999995989908	E
1	3.99404172524e-06	1	ENSP00000303153-uc003yvd.2-uc011ljo.1, ENSP00000312618-uc003ela.3-uc003ele.2, ENSP00000367830-uc001aiq.2-uc009vla.2, ENSP00000404602-uc003soy.1-uc011jwj.1	0.999996005966	E
1	3.99304142407e-06	1	ENSP00000293350-uc002pnt.2-uc010yat.1, ENSP00000420780-uc003drf.2-uc010hop.2, ENSP00000461108-uc002qis.3-uc002qiw.2, ENSP00000470141-uc004dmb.3-uc004dmc.3	0.999996006967	E
1	3.98679038586e-06	1	ENSP00000286627-uc001jxm.2-uc001jxs.3, ENSP00000325017-uc001qoo.2-uc010sfd.1, ENSP00000327179-uc002ews.3-uc010cfi.2, ENSP00000379625-uc011ayi.1-uc011ayk.1	0.999996013218	E
1	3.92125084483e-06	1	ENSP00000237596-uc003hre.2-uc011cdg.1, ENSP00000246032-uc002wfw.3-uc010zpu.1, ENSP00000246957-uc002cvt.3-uc010uxf.1, ENSP00000435697-uc003yyv.2-uc011lki.1	0.999996078757	E
1	3.85670051529e-06	1	ENSP00000262294-uc002iwz.3-uc010woc.1, ENSP00000290810-uc002eqf.2-uc002eqg.2, ENSP00000296529-uc003ipx.2-uc010iqi.2, ENSP00000390222-uc001vla.2-uc001vkx.2	0.999996143307	E
1	3.81284384179e-06	1	ENSP00000260649-uc002ruc.3-uc002rue.3, ENSP00000362718-uc003onc.1-uc003ond.1, ENSP00000368076-uc002fbm.1-uc010vml.1, ENSP00000449960-uc001sef.2-uc001see.2	0.999996187163	E
1	3.80462507558e-06	1	ENSP00000238146-uc001ufi.2-uc001ufl.2, ENSP00000316007-uc002luj.2-uc010dss.2, ENSP00000324842-uc001uhc.2-uc009zyh.2, ENSP00000338235-uc003yhz.2-uc010mbf.2	0.999996195382	E
1	3.77420644338e-06	1	ENSP00000262593-uc002xwy.2-uc010gin.2, ENSP00000370196-uc003blh.2-uc003blf.2, ENSP00000383411-uc002yju.1-uc010gky.1, ENSP00000425006-uc003iwu.1-uc003iws.1	0.999996225801	E
1	3.71484365556e-06	1	ENSP00000252015-uc002xbk.2-uc010zuq.1, ENSP00000259395-uc004bbg.1-uc011lvk.1, ENSP00000281038-uc001ozi.2-uc010rsq.1, ENSP00000357283-uc001fni.2-uc001fnk.2	0.999996285163	E
1	3.67094347583e-06	1	ENSP00000273512-uc003fig.2-uc011bpy.1, ENSP00000307432-uc003dna.3-uc010hob.2, ENSP00000359727-uc003pdr.2-uc011dxo.1, ENSP00000435697-uc003yyv.2-uc011lki.1	0.999996329063	E
1	3.64505662151e-06	1	ENSP00000255499-uc004eml.2-uc004emk.2, ENSP00000262144-uc002fdh.1-uc002fdf.1, ENSP00000329002-uc001fes.2-uc009wov.2, ENSP00000370761-uc001rgn.2-uc001rgo.2	0.99999635495	E
1	3.64076999416e-06	1	ENSP00000246062-uc002wnu.1-uc010zrd.1, ENSP00000260570-uc002rku.2-uc010ezb.2, ENSP00000309487-uc003dys.1-uc003dyt.1, ENSP00000312618-uc003ela.3-uc003ele.2	0.999996359237	E
1	3.63932499056e-06	1	ENSP00000352447-uc001hfd.2-uc009xcb.1, ENSP00000355929-uc001hjz.2-uc010ptq.1, ENSP00000374455-uc003mkw.3-uc003mkv.3, ENSP00000380234-uc002fxc.1-uc010ckn.1	0.999996360682	E
1	3.58781483502e-06	1	ENSP00000262144-uc002fdh.1-uc002fdf.1, ENSP00000346532-uc002orx.2-uc002ose.2, ENSP00000351338-uc003csx.2-uc003cst.2, ENSP00000402537-uc001zfh.1-uc010ubk.1	0.999996412192	E
1	3.55098132242e-06	1	ENSP00000245206-uc002eof.1-uc010vim.1, ENSP00000299767-uc001tkb.1-uc010swg.1, ENSP00000320485, ENSP00000355050-uc010zvw.1-uc002xhj.2	0.999996449025	E
1	3.53407849747e-06	1	ENSP00000261475-uc001wss.2-uc001wst.2, ENSP00000269701-uc002nav.2-uc010dzy.2, ENSP00000328236-uc001ucv.2-uc010taf.1, ENSP00000439338-uc001tsi.2-uc001tsg.2	0.999996465928	E
1	3.52173028031e-06	1	ENSP00000249883-uc003eqg.1-uc003eqe.1, ENSP00000261173-uc001tbh.2-uc009zsr.2, ENSP00000336914-uc004asz.2-uc011luc.1, ENSP00000378736-uc003tus.2-uc003tuu.2	0.999996478276	E
1	3.49262872944e-06	1	ENSP00000268489, ENSP00000347444-uc004axj.2-uc011luy.1, ENSP00000414786-uc003yen.2-uc003yeo.2, ENSP00000436901-uc001odm.2-uc010roe.1	0.999996507377	E
1	3.47820452152e-06	1	ENSP00000184956-uc002iyk.1-uc010ddk.1, ENSP00000266022-uc003cyc.2-uc011bdi.1, ENSP00000325017-uc001qoo.2-uc010sfd.1, ENSP00000354529	0.999996521802	E
1	3.45718102395e-06	1	ENSP00000317902-uc001pfp.1-uc001pfr.1, ENSP00000328287-uc003cxh.2-uc003cxi.2, ENSP00000332595-uc003ttz.2-uc003tub.2, ENSP00000356554-uc003qjr.3-uc010khh.2	0.999996542825	E
1	3.44270539205e-06	1	ENSP00000314420-uc002gkd.2-uc010cns.2, ENSP00000315118-uc002oor.2-uc002ooq.1, ENSP00000316042-uc003lbt.2-uc010jeo.2, ENSP00000333799-uc003ubr.2-uc010lca.2	0.999996557301	E
1	3.4402967447e-06	1	ENSP00000305922-uc001czi.3-uc001czm.3, ENSP00000351631-uc001pfn.2-uc001pfm.2, ENSP00000354966-uc002xuv.1-uc010gid.2, ENSP00000365938-uc001vmt.2-uc001vms.2	0.999996559709	E
1	3.38596254041e-06	1	ENSP00000325326-uc002xqw.2-uc002xqv.2, ENSP00000348429-uc001kzu.2-uc010qrj.1, ENSP00000351627-uc002ozp.3-uc002ozo.3, ENSP00000462311-uc002llm.1-uc010dqs.2	0.999996614043	E
1	3.30371845955e-06	1	ENSP00000229854-uc003pan.1-uc011dwu.1, ENSP00000253490-uc003mdk.2-uc010jjy.1, ENSP00000349824-uc004cxv.1-uc004cxw.1, ENSP00000380869-uc010tlt.1-uc010ain.2	0.999996696287	E
1	3.29619741137e-06	1	ENSP00000229854-uc003pan.1-uc011dwu.1, ENSP00000300249-uc002kyg.2-uc010xcd.1, ENSP00000364493-uc004aur.2-uc011luh.1, ENSP00000461672-uc002kal.1-uc002kai.1	0.999996703808	E
1	3.29478578457e-06	1	ENSP00000246062-uc002wnu.1-uc010zrd.1, ENSP00000316426-uc002hqi.3-uc010cvn.1, ENSP00000321853-uc002ftk.1-uc010vqr.1, ENSP00000399121-uc010ltu.2-uc003xav.2	0.99999670522	E
1	3.29435835107e-06	1	ENSP00000347586-uc003ltq.2-uc011dcq.1, ENSP00000362824-uc004eaa.1-uc004ead.2, ENSP00000368079-uc003iyw.3-uc010ism.2, ENSP00000406012-uc002cmb.2-uc002clz.2	0.999996705647	E
1	3.28953466173e-06	1	ENSP00000234256-uc010yqa.1-uc010ypz.1, ENSP00000239906-uc003lcw.2-uc011cyr.1, ENSP00000253247-uc002jgd.1-uc010deu.1, ENSP00000267101-uc001sjh.2-uc001sjl.2	0.999996710471	E
1	3.27865142387e-06	1	ENSP00000260803-uc003erv.2-uc003ert.2, ENSP00000376930-uc003emz.3-uc011blc.1, ENSP00000414224-uc002tmk.2-uc010yys.1, ENSP00000461672-uc002kal.1-uc002kai.1	0.999996721354	E
1	3.23792895102e-06	1	ENSP00000258962-uc002ivi.2-uc002ivj.2, ENSP00000324628-uc002kon.2-uc002koo.2, ENSP00000364000-uc002uqk.2-uc010frx.2, ENSP00000441140-uc004arv.2-uc004arw.2	0.999996762076	E
1	3.22119382609e-06	1	ENSP00000234420-uc002rwd.3-uc010yoi.1, ENSP00000261531-uc001xuf.2-uc010asu.2, ENSP00000362804-uc001jnh.3-uc009xpq.2, ENSP00000384164-uc010gci.1-uc002wpg.1	0.999996778811	E
1	3.1881064609e-06	1	ENSP00000226578-uc003hwg.2-uc011ces.1, ENSP00000317272, ENSP00000345810-uc002wze.1-uc002wzj.1, ENSP00000356713-uc003qho.2-uc011edm.1	0.999996811899	E
1	3.16389172039e-06	1	ENSP00000264122-uc003dwc.2-uc003dwa.2, ENSP00000265963-uc001moh.2-uc001moj.2, ENSP00000357047-uc003qcs.1-uc003qcr.1, ENSP00000407642-uc004fhc.2-uc004fhd.2	0.999996836113	E
1	3.13227245245e-06	1	ENSP00000290341-uc002iom.2-uc010dbj.2, ENSP00000358605-uc001kzc.3-uc001kzb.2, ENSP00000368020-uc003kxo.2-uc003kxm.2, ENSP00000386935-uc010ncb.2-uc004cla.3	0.999996867732	E
1	3.12568636837e-06	1	ENSP00000221200-uc003xeo.2-uc011lad.1, ENSP00000261844-uc002acg.3-uc002acf.3, ENSP00000354529, ENSP00000381970-uc003koa.1-uc003kob.1	0.999996874319	E
1	3.10521742956e-06	1	ENSP00000262394-uc002gzd.1-uc002gze.1, ENSP00000308622-uc004bvj.2-uc010myd.2, ENSP00000356574-uc001gnz.2-uc001goc.2, ENSP00000406571-uc003mds.3-uc003mdv.2	0.999996894787	E
1	3.07011652191e-06	1	ENSP00000325326-uc002xqw.2-uc002xqv.2, ENSP00000355973-uc001hif.2-uc009xcz.2, ENSP00000366506-uc003mdc.3-uc003mdd.2, ENSP00000368079-uc003iyw.3-uc010ism.2	0.999996929888	E
1	3.06088919504e-06	1	ENSP00000237596-uc003hre.2-uc011cdg.1, ENSP00000238561-uc001xui.2-uc001xuj.2, ENSP00000276893-uc003zjy.2-uc003zkb.2, ENSP00000311997	0.999996939115	E
1	3.05609772937e-06	1	ENSP00000219439-uc002fhk.2-uc010vnv.1, ENSP00000239906-uc003lcw.2-uc011cyr.1, ENSP00000313854-uc003jch.2-uc003jcg.2, ENSP00000449960-uc001sef.2-uc001see.2	0.999996943907	E
1	3.01785241976e-06	1	ENSP00000231338-uc003jin.2-uc003jio.2, ENSP00000269217-uc002kus.3-uc002kut.3, ENSP00000401470-uc003azu.2-uc003azr.2, ENSP00000441285-uc001gee.2-uc010plh.1	0.999996982152	E
1	2.99660259724e-06	1	ENSP00000311579-uc003wss.2-uc011kww.1, ENSP00000311949-uc001gew.2-uc001gez.2, ENSP00000327179-uc002ews.3-uc010cfi.2, ENSP00000356607-uc001glz.2-uc010pnb.1	0.999997003402	E
1	2.96766201338e-06	1	ENSP00000261844-uc002acg.3-uc002acf.3, ENSP00000263440-uc010oow.1-uc001daz.2, ENSP00000307023-uc002raf.1-uc010yjc.1, ENSP00000329748-uc001rls.1-uc001rlr.1	0.999997032342	E
1	2.9479727229e-06	1	ENSP00000282003-uc001vkw.1-uc010afc.2, ENSP00000299608-uc002lkf.2-uc010xez.1, ENSP00000312158-uc003nib.1-uc003nic.1, ENSP00000419446-uc003xmr.2-uc003xms.2	0.999997052032	E
1	2.92642467121e-06	1	ENSP00000262809-uc002njh.2-uc002njg.2, ENSP00000301831-uc003ckv.3-uc003cku.3, ENSP00000411032-uc002oyg.1-uc010ejd.2, ENSP00000473196-uc004fip.2-uc004fio.2	0.99999707358	E
1	2.89308628741e-06	1	ENSP00000264266-uc003fcl.1-uc011box.1, ENSP00000286096-uc002doh.2-uc010bxw.2, ENSP00000326514-uc003hbf.1-uc003hbg.1, ENSP00000360373-uc004esv.2-uc010nqq.2	0.999997106918	E
1	2.88938852417e-06	1	ENSP00000252015-uc002xbk.2-uc010zuq.1, ENSP00000282003-uc001vkw.1-uc010afc.2, ENSP00000347445-uc002cwl.2-uc010uxk.1, ENSP00000411409-uc002cof.1-uc002coe.1	0.999997110616	E
1	2.87954914423e-06	1	ENSP00000286096-uc002doh.2-uc010bxw.2, ENSP00000355623-uc001hub.2-uc009xfh.1, ENSP00000377389-uc001onw.2-uc001onz.2, ENSP00000378857-uc003cvj.2-uc011bby.1	0.999997120455	E
1	2.84265035911e-06	1	ENSP00000223061-uc003uvo.2-uc003uvp.1, ENSP00000318176-uc002umf.2-uc002umd.2, ENSP00000366084-uc001vmd.3-uc010afj.2, ENSP00000366395-uc001odb.2-uc009yqc.2	0.999997157354	E
1	2.84162472039e-06	1	ENSP00000264963-uc002swu.2-uc010yuw.1, ENSP00000318373-uc002rkk.2-uc002rkj.2, ENSP00000323302-uc001tbc.2-uc009zsq.2, ENSP00000401133-uc010ujs.1-uc010ujt.1	0.999997158379	E
1	2.79614926314e-06	1	ENSP00000257829-uc001mvk.2-uc010ren.1, ENSP00000272462-uc002tfk.2-uc010fju.2, ENSP00000348407-uc003bfk.2-uc003bfl.2, ENSP00000408576-uc003cop.1-uc010hit.1	0.999997203855	E
1	2.78435834153e-06	1	ENSP00000219473-uc002fii.2-uc010vof.1, ENSP00000355929-uc001hjz.2-uc010ptq.1, ENSP00000355973-uc001hif.2-uc009xcz.2, ENSP00000358335-uc003pnz.1-uc003pny.1	0.999997215646	E
1	2.78181350433e-06	1	ENSP00000359364-uc002yeh.2-uc011aaq.1, ENSP00000365938-uc001vmt.2-uc001vms.2, ENSP00000375936-uc002vkw.1-uc002vky.2, ENSP00000386935-uc010ncb.2-uc004cla.3	0.99999721819	E
1	2.77811522036e-06	1	ENSP00000263736-uc002rus.2-uc010yoc.1, ENSP00000289968-uc002dnb.2-uc002dmw.2, ENSP00000386996-uc002vtb.1-uc002vta.2, ENSP00000446289-uc003kdc.3-uc011css.1	0.999997221889	E
1	2.77642179137e-06	1	ENSP00000230859-uc003jdx.1-uc010itl.1, ENSP00000329002-uc001fes.2-uc009wov.2, ENSP00000351138-uc004bxa.2-uc004bxb.2, ENSP00000365851-uc001irh.2-uc009xkg.2	0.999997223582	E
1	2.75567574061e-06	1	ENSP00000251582-uc003mjw.2-uc011dgm.1, ENSP00000263196-uc002zoq.1-uc011agr.1, ENSP00000265846-uc003sjo.3-uc003sjm.3, ENSP00000273179-uc003chg.2-uc003chh.2	0.999997244328	E
1	2.74558944572e-06	1	ENSP00000264555-uc001lqe.2-uc009yca.1, ENSP00000296350-uc003fxk.3-uc003fxl.3, ENSP00000346643-uc001jpf.3-uc009xqb.2, ENSP00000357047-uc003qcs.1-uc003qcr.1	0.999997254414	E
1	2.73282168364e-06	1	ENSP00000261191-uc001rhk.3-uc001rhj.3, ENSP00000292616-uc003uzn.2-uc003uzo.2, ENSP00000365388-uc001isv.2-uc010qdf.1, ENSP00000393978-uc002pfj.2-uc002pfd.2	0.999997267182	E
1	2.69216423453e-06	1	ENSP00000262213-uc003xyo.1-uc011lfc.1, ENSP00000330237-uc001awn.2-uc001awo.2, ENSP00000376930-uc003emz.3-uc011blc.1, ENSP00000379931-uc003ccg.2-uc010hfc.2	0.999997307839	E
1	2.69211988722e-06	1	ENSP00000364001-uc001iwx.3-uc001iwv.3, ENSP00000369519-uc003zph.2-uc011lnl.1, ENSP00000373347-uc003brf.1-uc003brg.1, ENSP00000384338-uc002twh.2-uc010zbn.1	0.999997307884	E
1	2.69040895633e-06	1	ENSP00000299853-uc002dkk.2-uc010vbt.1, ENSP00000347427-uc010vsl.1-uc010vsp.1, ENSP00000358694-uc001kyp.1-uc001kyq.1, ENSP00000377389-uc001onw.2-uc001onz.2	0.999997309595	E
1	2.69040895633e-06	1	ENSP00000354360-uc004caa.1-uc010mze.1, ENSP00000359094-uc002yfq.1-uc002yfo.1, ENSP00000360112-uc001dbs.1-uc010opb.1, ENSP00000360158	0.999997309595	E
1	2.66411336728e-06	1	ENSP00000257287-uc003hbi.2-uc003hbj.2, ENSP00000316426-uc002hqi.3-uc010cvn.1, ENSP00000379411-uc002dhg.3-uc002dhh.3, ENSP00000386609-uc002ftj.2-uc010vqq.1	0.99999733589	E
1	2.62464950044e-06	1	ENSP00000249075-uc003agz.2-uc011aks.1, ENSP00000297990-uc003zsz.2-uc003zsy.2, ENSP00000341097, ENSP00000363558-uc010qfc.1-uc010qfd.1	0.999997375354	E
1	2.61055500328e-06	1	ENSP00000267859-uc010uhc.1-uc002agi.3, ENSP00000295148-uc002rep.2-uc010eya.2, ENSP00000415057-uc010ukd.1-uc010bik.1, ENSP00000440926-uc003xfp.1-uc003xfq.1	0.999997389448	E
1	2.59371568471e-06	1	ENSP00000225577-uc002ixy.2-uc002ixz.2, ENSP00000238714-uc002sai.2-uc010fch.2, ENSP00000300456-uc004but.2-uc004buu.2, ENSP00000365048-uc001vqr.2-uc010agj.2	0.999997406288	E
1	2.57893991907e-06	1	ENSP00000255977-uc003vvt.2-uc011krd.1, ENSP00000311427-uc002bau.2-uc002bav.2, ENSP00000339435-uc002fue.1-uc002fui.1, ENSP00000357336-uc001fkj.2-uc001fks.2	0.999997421063	E
1	2.56831136522e-06	1	ENSP00000233146-uc002rvy.1-uc010fbg.2, ENSP00000305721-uc003pjl.1-uc011dyu.1, ENSP00000324944-uc003ncx.1-uc011dji.1, ENSP00000338235-uc003yhz.2-uc010mbf.2	0.999997431692	E
1	2.56681712387e-06	1	ENSP00000224949-uc001igt.1-uc001igs.1, ENSP00000299638-uc002aet.3-uc002aeu.3, ENSP00000350578-uc002yma.2-uc011acg.1, ENSP00000357507-uc001fei.2-uc001fef.1	0.999997433186	E
1	2.53791054101e-06	1	ENSP00000261531-uc001xuf.2-uc010asu.2, ENSP00000310657-uc001jvk.2-uc010qks.1, ENSP00000332979-uc002yyw.2-uc010goo.2, ENSP00000351042-uc002nqi.2-uc002nqh.2	0.999997462093	E
1	2.53529456316e-06	1	ENSP00000330361-uc003zfc.3-uc003zfd.2, ENSP00000355623-uc001hub.2-uc009xfh.1, ENSP00000377864-uc001ses.2-uc001sev.2, ENSP00000385030-uc002rgu.2-uc010ykr.1	0.999997464709	E
1	2.52773265779e-06	1	ENSP00000247178-uc001xbx.1-uc001xbw.1, ENSP00000261173-uc001tbh.2-uc009zsr.2, ENSP00000341097, ENSP00000443442-uc001ria.2-uc001rif.1	0.999997472271	E
1	2.47600672851e-06	1	ENSP00000246062-uc002wnu.1-uc010zrd.1, ENSP00000256079-uc001rjd.2-uc001rje.1, ENSP00000353292-uc001qnw.2-uc001qnv.2, ENSP00000419126-uc001lgw.2-uc001lgx.2	0.999997523996	E
1	2.44339169866e-06	1	ENSP00000264555-uc001lqe.2-uc009yca.1, ENSP00000299575-uc002ffz.1-uc010vnn.1, ENSP00000374029-uc003ltj.2-uc011dcn.1, ENSP00000413520-uc002jmj.3-uc002jmi.2	0.999997556611	E
1	2.43701899318e-06	1	ENSP00000225388-uc002hdy.3-uc002hdx.3, ENSP00000332595-uc003ttz.2-uc003tub.2, ENSP00000367064, ENSP00000413520-uc002jmj.3-uc002jmi.2	0.999997562984	E
1	2.43609590909e-06	1	ENSP00000247956-uc002mku.2-uc002mkw.2, ENSP00000252699-uc002oja.1-uc002ojb.1, ENSP00000265651-uc001muz.2-uc010rej.1, ENSP00000362649-uc001bvb.1-uc010ohf.1	0.999997563907	E
1	2.40995487126e-06	1	ENSP00000217159-uc002ydb.1-uc002yde.1, ENSP00000260570-uc002rku.2-uc010ezb.2, ENSP00000336888-uc002mpf.2-uc002mpi.2, ENSP00000355183	0.999997590048	E
1	2.39874242564e-06	1	ENSP00000220751-uc003yee.2-uc003yef.2, ENSP00000304669-uc003ldh.2-uc003ldl.2, ENSP00000354958-uc001fjm.2-uc009wql.2, ENSP00000377864-uc001ses.2-uc001sev.2	0.99999760126	E
1	2.39599828225e-06	1	ENSP00000019103-uc002tma.2-uc002tlz.2, ENSP00000238667-uc001xrs.2-uc010tvd.1, ENSP00000352645-uc003tvn.2-uc011kef.1, ENSP00000377617-uc002skk.2-uc010yrp.1	0.999997604005	E
1	2.38822138151e-06	1	ENSP00000306340-uc011cbp.1-uc003hiq.2, ENSP00000308018-uc003ziz.1-uc003zja.1, ENSP00000355623-uc001hub.2-uc009xfh.1, ENSP00000382809-uc002yng.2-uc010glp.2	0.999997611781	E
1	2.32964153147e-06	1	ENSP00000196482-uc002qsw.1-uc002qsx.1, ENSP00000340467-uc001wlj.2-uc001wlk.2, ENSP00000376178-uc001uio.2-uc001uip.2, ENSP00000379411-uc002dhg.3-uc002dhh.3	0.999997670361	E
1	2.32760099853e-06	1	ENSP00000265872-uc001joo.2-uc010qjb.1, ENSP00000385812-uc003apr.2-uc011amr.1, ENSP00000455933-uc010vnx.1-uc010voa.1, ENSP00000471156-uc004eau.2-uc011mqe.1	0.999997672402	E
1	2.30667355955e-06	1	ENSP00000297029-uc003ssn.3-uc003sso.3, ENSP00000317214-uc004epc.1-uc011msu.1, ENSP00000344772-uc001apy.2-uc001apz.2, ENSP00000389998-uc011lgk.1-uc011lgl.1	0.999997693329	E
1	2.28115843984e-06	1	ENSP00000357507-uc001fei.2-uc001fef.1, ENSP00000368076-uc002fbm.1-uc010vml.1, ENSP00000377566-uc002esa.2-uc002esc.2, ENSP00000385575-uc003hly.3-uc003hlx.1	0.999997718844	E
1	2.26393638467e-06	1	ENSP00000259395-uc004bbg.1-uc011lvk.1, ENSP00000341489-uc002nah.1-uc002nai.1, ENSP00000363894-uc004bci.2-uc004bcj.1, ENSP00000401980-uc002wjw.3-uc002wjy.3	0.999997736066	E
1	2.2618275872e-06	1	ENSP00000226004-uc002ied.3-uc002ief.1, ENSP00000318921-uc002ueg.2-uc002uej.2, ENSP00000339435-uc002fue.1-uc002fui.1, ENSP00000357507-uc001fei.2-uc001fef.1	0.999997738175	E
1	2.24150172718e-06	1	ENSP00000262031-uc001sln.2-uc010sqp.1, ENSP00000295119-uc002upf.2-uc010zfs.1, ENSP00000381204-uc001pha.2-uc009yxc.2, ENSP00000457258-uc002ejb.2-uc002ejc.2	0.999997758501	E
1	2.23603435204e-06	1	ENSP00000260803-uc003erv.2-uc003ert.2, ENSP00000394897-uc001dvj.1-uc010ouv.1, ENSP00000415332-uc002uni.3-uc002unh.3, ENSP00000470141-uc004dmb.3-uc004dmc.3	0.999997763968	E
1	2.22666852479e-06	1	ENSP00000254722-uc002ftl.2-uc010cjw.2, ENSP00000356713-uc003qho.2-uc011edm.1, ENSP00000386609-uc002ftj.2-uc010vqq.1, ENSP00000416892-uc003auf.2-uc003auh.2	0.999997773334	E
1	2.21894824765e-06	1	ENSP00000303279-uc001hmc.2-uc001hmd.2, ENSP00000323591-uc002gst.2-uc010vxq.1, ENSP00000357438-uc001ffx.2-uc001ffu.2, ENSP00000364899-uc004arb.2-uc011ltr.1	0.999997781054	E
1	2.21457775165e-06	1	ENSP00000219439-uc002fhk.2-uc010vnv.1, ENSP00000227752-uc001prv.2-uc010rxn.1, ENSP00000304669-uc003ldh.2-uc003ldl.2, ENSP00000359094-uc002yfq.1-uc002yfo.1	0.999997785425	E
1	2.21419683362e-06	1	ENSP00000246957-uc002cvt.3-uc010uxf.1, ENSP00000262207-uc003yan.2-uc011lfl.1, ENSP00000301924-uc003xfl.1-uc010lup.1, ENSP00000353375-uc003csb.2-uc003crw.2	0.999997785806	E
1	2.21231226383e-06	1	ENSP00000280377-uc001src.1-uc001srb.1, ENSP00000344223-uc002fhi.2-uc002fhh.2, ENSP00000385812-uc003apr.2-uc011amr.1, ENSP00000439303-uc010ymi.1-uc002rma.2	0.99999778769	E
1	2.2114101912e-06	1	ENSP00000260570-uc002rku.2-uc010ezb.2, ENSP00000271663-uc001exi.2-uc010pcv.1, ENSP00000336923-uc003ilf.2-uc003ili.2, ENSP00000365048-uc001vqr.2-uc010agj.2	0.999997788592	E
1	2.20026561422e-06	1	ENSP00000340693-uc003dts.2-uc003dtu.2, ENSP00000369213-uc003zra.2-uc010mjj.2, ENSP00000375936-uc002vkw.1-uc002vky.2, ENSP00000378857-uc003cvj.2-uc011bby.1	0.999997799737	E
1	2.19575354569e-06	1	ENSP00000318868-uc002gta.2-uc010vxt.1, ENSP00000326604-uc003wmw.3-uc003wmv.3, ENSP00000351627-uc002ozp.3-uc002ozo.3, ENSP00000396205-uc011mad.1-uc010mxi.2	0.999997804249	E
1	2.19329066971e-06	1	ENSP00000249075-uc003agz.2-uc011aks.1, ENSP00000317902-uc001pfp.1-uc001pfr.1, ENSP00000336775-uc002bup.2-uc002buq.2, ENSP00000362580-uc010ohm.1-uc010ohn.1	0.999997806712	E
1	2.18571527058e-06	1	ENSP00000226578-uc003hwg.2-uc011ces.1, ENSP00000321853-uc002ftk.1-uc010vqr.1, ENSP00000364902-uc002wxp.2-uc010ztu.1, ENSP00000365200-uc001vpo.2-uc001vpp.2	0.999997814287	E
1	2.17272097027e-06	1	ENSP00000261632-uc001uni.2-uc010tcq.1, ENSP00000308032-uc002opw.2-uc010xvx.1, ENSP00000364218-uc004aym.2-uc004ayk.2, ENSP00000374185-uc010ydh.1-uc002pyl.1	0.999997827281	E
1	2.17177177216e-06	1	ENSP00000272462-uc002tfk.2-uc010fju.2, ENSP00000330060-uc003cfc.1-uc010hfw.1, ENSP00000362590-uc003onn.2-uc003onp.2, ENSP00000417401-uc002yfm.2-uc002yfl.1	0.999997828231	E
1	2.1614935365e-06	1	ENSP00000285518-uc003wqo.2-uc011kwm.1, ENSP00000331504-uc002bpv.2-uc002bpy.2, ENSP00000354560-uc001ggv.2-uc010plx.1, ENSP00000381785-uc004bga.1-uc011lwv.1	0.999997838509	E
1	2.15738197785e-06	1	ENSP00000256496-uc003bqg.2-uc011asy.1, ENSP00000306340-uc011cbp.1-uc003hiq.2, ENSP00000342148-uc001dwn.2-uc009weu.2, ENSP00000356574-uc001gnz.2-uc001goc.2	0.99999784262	E
1	2.15240578921e-06	1	ENSP00000310129-uc003fnn.1-uc011brk.1, ENSP00000315768-uc001slc.2-uc001slb.2, ENSP00000376362-uc001tui.1-uc001tuh.2, ENSP00000443442-uc001ria.2-uc001rif.1	0.999997847597	E
1	2.15094547464e-06	1	ENSP00000307491-uc003cit.2-uc003ciu.2, ENSP00000323591-uc002gst.2-uc010vxq.1, ENSP00000326604-uc003wmw.3-uc003wmv.3, ENSP00000344223-uc002fhi.2-uc002fhh.2	0.999997849057	E
1	2.12669709743e-06	1	ENSP00000239906-uc003lcw.2-uc011cyr.1, ENSP00000315768-uc001slc.2-uc001slb.2, ENSP00000327197-uc003fwz.3-uc011bty.1, ENSP00000354837-uc001fmt.2-uc001fmq.2	0.999997873305	E
1	2.12129066064e-06	1	ENSP00000264963-uc002swu.2-uc010yuw.1, ENSP00000272462-uc002tfk.2-uc010fju.2, ENSP00000353292-uc001qnw.2-uc001qnv.2, ENSP00000359233-uc001dqn.3-uc009wdr.2	0.999997878712	E
1	2.08908964095e-06	1	ENSP00000371535-uc003grg.2-uc003grh.2, ENSP00000378130-uc003hzr.3-uc003hzq.2, ENSP00000394902-uc001lei.1-uc010qtb.1, ENSP00000419098-uc004cdd.2-uc004cdc.2	0.999997910913	E
1	2.06413543883e-06	1	ENSP00000239223-uc003mbv.1-uc011dez.1, ENSP00000309330-uc003tta.2-uc010kzr.2, ENSP00000357507-uc001fei.2-uc001fef.1, ENSP00000360112-uc001dbs.1-uc010opb.1	0.999997935867	E
1	2.02025993925e-06	1	ENSP00000253363-uc002xeb.2-uc002xea.2, ENSP00000271663-uc001exi.2-uc010pcv.1, ENSP00000339435-uc002fue.1-uc002fui.1, ENSP00000385478-uc010ktx.2-uc010kty.2	0.999997979742	E
1	1.99061973325e-06	1	ENSP00000254722-uc002ftl.2-uc010cjw.2, ENSP00000256649-uc001egz.2-uc001eha.2, ENSP00000329002-uc001fes.2-uc009wov.2, ENSP00000393860-uc003xmi.3-uc011lce.1	0.999998009382	E
1	1.98660749384e-06	1	ENSP00000256079-uc001rjd.2-uc001rje.1, ENSP00000295148-uc002rep.2-uc010eya.2, ENSP00000354837-uc001fmt.2-uc001fmq.2, ENSP00000440045-uc001tqk.3-uc009zvn.2	0.999998013394	E
1	1.98560281505e-06	1	ENSP00000279068-uc010gjy.1-uc010zzz.1, ENSP00000337008-uc001dnw.2-uc001dnx.2, ENSP00000361818-uc002xnu.2-uc010zws.1, ENSP00000385812-uc003apr.2-uc011amr.1	0.999998014399	E
1	1.91964309469e-06	1	ENSP00000221200-uc003xeo.2-uc011lad.1, ENSP00000282003-uc001vkw.1-uc010afc.2, ENSP00000354360-uc004caa.1-uc010mze.1, ENSP00000381008	0.999998080359	E
1	1.89847033714e-06	1	ENSP00000256398-uc003xgo.3-uc011lat.1, ENSP00000295550, ENSP00000340693-uc003dts.2-uc003dtu.2, ENSP00000346762-uc003vmi.2-uc010lle.2	0.999998101531	E
1	1.88541460992e-06	1	ENSP00000216129-uc003bdq.2-uc003bdp.2, ENSP00000330361-uc003zfc.3-uc003zfd.2, ENSP00000407642-uc004fhc.2-uc004fhd.2, ENSP00000438341-uc001tnj.2-uc010sxf.1	0.999998114587	E
1	1.87917978407e-06	1	ENSP00000262177-uc003wnk.2-uc011kvz.1, ENSP00000373206-uc003dnl.2-uc003dnj.2, ENSP00000395007-uc010lpi.2-uc003wfw.2, ENSP00000428982-uc003pqe.2-uc003pqd.2	0.999998120822	E
1	1.87287893029e-06	1	ENSP00000234256-uc010yqa.1-uc010ypz.1, ENSP00000263736-uc002rus.2-uc010yoc.1, ENSP00000347445-uc002cwl.2-uc010uxk.1, ENSP00000370023-uc002rgy.2-uc010yks.1	0.999998127123	E
1	1.86262664322e-06	1	ENSP00000311165-uc003tbv.1-uc010kwf.1, ENSP00000356155-uc001haw.2-uc010pqv.1, ENSP00000381031-uc003aet.2-uc003aey.2, ENSP00000420721	0.999998137375	E
1	1.85513087483e-06	1	ENSP00000265742-uc003ulw.2-uc010lew.1, ENSP00000268489, ENSP00000399828-uc003gfr.2-uc003gfn.2, ENSP00000458290-uc002klh.3-uc010dkj.2	0.999998144871	E
1	1.84164408086e-06	1	ENSP00000261405-uc001qnn.1-uc010set.1, ENSP00000338235-uc003yhz.2-uc010mbf.2, ENSP00000385746-uc004dag.2-uc010nfs.2, ENSP00000421202-uc003jrh.3-uc003jrk.3	0.999998158358	E
1	1.82882792829e-06	1	ENSP00000256649-uc001egz.2-uc001eha.2, ENSP00000298317-uc001qde.2-uc010sbl.1, ENSP00000320663-uc002rsi.2-uc010ynv.1, ENSP00000386181-uc002uln.2-uc010zfc.1	0.999998171174	E
1	1.82484464997e-06	1	ENSP00000291358-uc001bum.2-uc010ogz.1, ENSP00000351635-uc002abr.1-uc002abs.1, ENSP00000411471-uc003fmz.2-uc003fnb.2, ENSP00000444443-uc010wbo.1-uc010wbp.1	0.999998175157	E
1	1.82423349961e-06	1	ENSP00000340626, ENSP00000366502-uc010oag.1-uc001aqf.2, ENSP00000369871-uc003znk.2-uc011lmz.1, ENSP00000371535-uc003grg.2-uc003grh.2	0.999998175768	E
1	1.82063754352e-06	1	ENSP00000317902-uc001pfp.1-uc001pfr.1, ENSP00000342581-uc011mbe.1-uc004bvh.2, ENSP00000350578-uc002yma.2-uc011acg.1, ENSP00000358862-uc001kwt.2-uc001kwu.2	0.999998179364	E
1	1.8155842662e-06	1	ENSP00000301887-uc001ocf.1-uc001oce.1, ENSP00000328023-uc001qdh.2-uc010sbm.1, ENSP00000353533-uc003eil.2-uc011bkh.1, ENSP00000452296-uc001vwc.3-uc001vwb.3	0.999998184417	E
1	1.81389341522e-06	1	ENSP00000225388-uc002hdy.3-uc002hdx.3, ENSP00000303153-uc003yvd.2-uc011ljo.1, ENSP00000326804-uc003wey.2-uc003wez.2, ENSP00000461672-uc002kal.1-uc002kai.1	0.999998186108	E
1	1.7727827519e-06	1	ENSP00000261308-uc003jtv.3-uc011cqw.1, ENSP00000277458-uc004byf.1-uc011mbt.1, ENSP00000357438-uc001ffx.2-uc001ffu.2, ENSP00000404684-uc003cui.2-uc003cuk.2	0.999998227219	E
1	1.73870022121e-06	1	ENSP00000311579-uc003wss.2-uc011kww.1, ENSP00000358862-uc001kwt.2-uc001kwu.2, ENSP00000361474-uc004eng.2-uc004enf.2, ENSP00000434359-uc003yzs.2-uc003yzr.2	0.999998261301	E
1	1.73847951149e-06	1	ENSP00000312618-uc003ela.3-uc003ele.2, ENSP00000327179-uc002ews.3-uc010cfi.2, ENSP00000345498-uc001dyb.1-uc001dye.1, ENSP00000373390	0.999998261522	E
1	1.70870576755e-06	1	ENSP00000316054-uc003fms.2-uc003fmu.2, ENSP00000369373-uc001mbm.1-uc001mbn.2, ENSP00000370074-uc003mug.2-uc003muf.2, ENSP00000391524-uc011arv.1-uc011aru.1	0.999998291296	E
1	1.69608397632e-06	1	ENSP00000352645-uc003tvn.2-uc011kef.1, ENSP00000366460-uc001iqg.1-uc009xkc.1, ENSP00000394902-uc001lei.1-uc010qtb.1, ENSP00000435933-uc001ghx.1-uc001ghv.1	0.999998303917	E
1	1.69373609623e-06	1	ENSP00000343027-uc003uhb.1-uc011kgt.1, ENSP00000356713-uc003qho.2-uc011edm.1, ENSP00000356849-uc001gdt.1-uc010plf.1, ENSP00000385715-uc002rhx.2-uc002rhw.2	0.999998306265	E
1	1.69290310625e-06	1	ENSP00000314132-uc002wbq.2-uc002wbr.2, ENSP00000316007-uc002luj.2-uc010dss.2, ENSP00000365943-uc004ajz.2-uc004akb.2, ENSP00000386996-uc002vtb.1-uc002vta.2	0.999998307098	E
1	1.6800286539e-06	1	ENSP00000246957-uc002cvt.3-uc010uxf.1, ENSP00000313490-uc002gkr.2-uc002gks.2, ENSP00000362656-uc004bpc.2-uc010mws.2, ENSP00000434442-uc001ndt.2-uc010rhc.1	0.999998319973	E
1	1.67111362935e-06	1	ENSP00000193322-uc003psd.2-uc003pse.1, ENSP00000290810-uc002eqf.2-uc002eqg.2, ENSP00000353458-uc001wsk.2-uc001wsl.2, ENSP00000415436-uc001rrx.2-uc001rru.2	0.999998328888	E
1	1.65534893555e-06	1	ENSP00000340766-uc001gqg.2-uc001gqf.2, ENSP00000359621-uc001dkp.2-uc001dko.2, ENSP00000407193-uc002jhc.2-uc002jhb.1, ENSP00000414786-uc003yen.2-uc003yeo.2	0.999998344652	E
1	1.65534893555e-06	1	ENSP00000222145-uc002pki.2-uc002pkh.2, ENSP00000251143-uc002dgn.1-uc002dgp.1, ENSP00000364001-uc001iwx.3-uc001iwv.3, ENSP00000376178-uc001uio.2-uc001uip.2	0.999998344652	E
1	1.64954967511e-06	1	ENSP00000268489, ENSP00000298229-uc001osf.2-uc001osg.2, ENSP00000318131-uc002peq.3-uc002per.3, ENSP00000378322-uc003hvu.2-uc010ilk.2	0.999998350452	E
1	1.64918819501e-06	1	ENSP00000261643-uc002gof.3-uc010vvt.1, ENSP00000307275-uc001fjs.2-uc001fjr.2, ENSP00000410051-uc010seh.1-uc010sei.1, ENSP00000468541-uc002mcy.2-uc002mcz.2	0.999998350813	E
1	1.64918819501e-06	1	ENSP00000262207-uc003yan.2-uc011lfl.1, ENSP00000322242-uc001typ.3-uc001tyq.3, ENSP00000358060-uc001euq.2-uc009wlt.2, ENSP00000362285-uc001jrr.3-uc001jru.3	0.999998350813	E
1	1.63044937842e-06	1	ENSP00000261658-uc002dco.2-uc010uzh.1, ENSP00000290810-uc002eqf.2-uc002eqg.2, ENSP00000363558-uc010qfc.1-uc010qfd.1, ENSP00000378394-uc001jsm.2-uc001jsl.2	0.999998369552	E
1	1.63034414743e-06	1	ENSP00000006015-uc003syx.2-uc003syy.2, ENSP00000300737-uc001lyv.2-uc009yeg.2, ENSP00000300738-uc001lyw.3-uc010qyd.1, ENSP00000407843-uc001skp.3-uc001skq.3	0.999998369657	E
1	1.58456247632e-06	1	ENSP00000310170-uc001ogg.1-uc010ros.1, ENSP00000313007-uc003yjs.1-uc011lhd.1, ENSP00000337313-uc001ucn.2-uc001ucl.2, ENSP00000373783-uc003xdh.1-uc010lty.1	0.999998415439	E
1	1.58229915765e-06	1	ENSP00000256398-uc003xgo.3-uc011lat.1, ENSP00000266481-uc001rlf.2-uc010ski.1, ENSP00000297440-uc010krz.1-uc003sjb.2, ENSP00000396861-uc010jaf.1-uc003kga.2	0.999998417702	E
1	1.5709908846e-06	1	ENSP00000280377-uc001src.1-uc001srb.1, ENSP00000316649-uc002yck.1-uc002ycl.1, ENSP00000465500-uc002lin.2-uc010dpv.2, ENSP00000469022-uc002nbc.2-uc002nba.3	0.99999842901	E
1	1.55418953357e-06	1	ENSP00000348564-uc001zql.2-uc001zqj.2, ENSP00000361355-uc001kbl.2-uc001kbo.3, ENSP00000381785-uc004bga.1-uc011lwv.1, ENSP00000462664-uc002lfj.3-uc010dpg.2	0.999998445812	E
1	1.55410048821e-06	1	ENSP00000256854-uc002lgs.2-uc010xea.1, ENSP00000308344-uc002jbc.2-uc010wpn.1, ENSP00000347427-uc010vsl.1-uc010vsp.1, ENSP00000380651-uc001vnn.1-uc001vnm.1	0.999998445901	E
1	1.52066300476e-06	1	ENSP00000308344-uc002jbc.2-uc010wpn.1, ENSP00000326804-uc003wey.2-uc003wez.2, ENSP00000354086-uc001cxa.3-uc001cxc.3, ENSP00000359727-uc003pdr.2-uc011dxo.1	0.999998479338	E
1	1.51907793883e-06	1	ENSP00000260408-uc002afd.1-uc010ugz.1, ENSP00000343002-uc010aaz.2-uc001uto.3, ENSP00000371811-uc001uof.2-uc010tct.1, ENSP00000377954-uc003lnx.1-uc011dbq.1	0.999998480923	E
1	1.50975922568e-06	1	ENSP00000260762-uc001kig.2-uc001kih.2, ENSP00000419231-uc003esl.2-uc011bmm.1, ENSP00000425006-uc003iwu.1-uc003iws.1, ENSP00000453969-uc001zlh.3-uc010ucn.1	0.999998490242	E
1	1.50061329889e-06	1	ENSP00000251119-uc001xka.2-uc010tsz.1, ENSP00000269919-uc002nis.1-uc010xqg.1, ENSP00000351627-uc002ozp.3-uc002ozo.3, ENSP00000367243-uc003lmt.2-uc003lmw.2	0.999998499388	E
1	1.49828737683e-06	1	ENSP00000307746-uc003ktq.1-uc003ktp.1, ENSP00000359233-uc001dqn.3-uc009wdr.2, ENSP00000407642-uc004fhc.2-uc004fhd.2, ENSP00000464306-uc001eoc.1-uc001eod.1	0.999998501714	E
1	1.48013764906e-06	1	ENSP00000247956-uc002mku.2-uc002mkw.2, ENSP00000266481-uc001rlf.2-uc010ski.1, ENSP00000289407-uc003vop.1-uc003voq.1, ENSP00000377864-uc001ses.2-uc001sev.2	0.999998519863	E
1	1.47771574047e-06	1	ENSP00000260382-uc002asw.2-uc002asz.2, ENSP00000323811-uc003caf.2-uc010hep.2, ENSP00000336775-uc002bup.2-uc002buq.2, ENSP00000337358-uc002zmf.2-uc002zme.2	0.999998522285	E
1	1.44432078695e-06	1	ENSP00000327009-uc002rmv.2-uc002rmw.2, ENSP00000354837-uc001fmt.2-uc001fmq.2, ENSP00000378086-uc001xip.2-uc001xis.2, ENSP00000426968-uc010iqc.2-uc003ioz.2	0.99999855568	E
1	1.44216664963e-06	1	ENSP00000261658-uc002dco.2-uc010uzh.1, ENSP00000338777-uc002boq.3-uc002bos.3, ENSP00000436901-uc001odm.2-uc010roe.1, ENSP00000439628-uc002fuy.1-uc010ckc.1	0.999998557834	E
1	1.43786707818e-06	1	ENSP00000306920-uc003cfi.1-uc003cfj.1, ENSP00000313007-uc003yjs.1-uc011lhd.1, ENSP00000343129-uc001pwz.2-uc001pwy.2, ENSP00000381785-uc004bga.1-uc011lwv.1	0.999998562134	E
1	1.43360269654e-06	1	ENSP00000226067-uc002iug.1-uc010dce.1, ENSP00000260453-uc002adr.2-uc010bfo.2, ENSP00000265594-uc003fle.2-uc003flf.2, ENSP00000396205-uc011mad.1-uc010mxi.2	0.999998566398	E
1	1.42422495543e-06	1	ENSP00000263209-uc002zri.2-uc002zrj.2, ENSP00000307432-uc003dna.3-uc010hob.2, ENSP00000313007-uc003yjs.1-uc011lhd.1, ENSP00000362884-uc001brw.2-uc001brx.2	0.999998575776	E
1	1.38670059415e-06	1	ENSP00000253925-uc001opo.2-uc001opr.2, ENSP00000301887-uc001ocf.1-uc001oce.1, ENSP00000328103-uc003ala.1-uc003akx.1, ENSP00000343002-uc010aaz.2-uc001uto.3	0.9999986133	E
1	1.38545630686e-06	1	ENSP00000260506-uc001dpw.2-uc010otl.1, ENSP00000265651-uc001muz.2-uc010rej.1, ENSP00000328023-uc001qdh.2-uc010sbm.1, ENSP00000404602-uc003soy.1-uc011jwj.1	0.999998614545	E
1	1.38270600551e-06	1	ENSP00000256854-uc002lgs.2-uc010xea.1, ENSP00000260762-uc001kig.2-uc001kih.2, ENSP00000261475-uc001wss.2-uc001wst.2, ENSP00000362590-uc003onn.2-uc003onp.2	0.999998617295	E
1	1.36941169199e-06	1	ENSP00000264977-uc003eqv.1-uc011blz.1, ENSP00000448012-uc001tar.2-uc001taq.2, ENSP00000449960-uc001sef.2-uc001see.2, ENSP00000464306-uc001eoc.1-uc001eod.1	0.999998630589	E
1	1.36598992022e-06	1	ENSP00000327214-uc001baa.2-uc001azz.1, ENSP00000354040-uc001ift.2-uc010qad.1, ENSP00000359364-uc002yeh.2-uc011aaq.1, ENSP00000364899-uc004arb.2-uc011ltr.1	0.999998634011	E
1	1.33509736984e-06	1	ENSP00000291565-uc002zdm.3-uc002zdq.3, ENSP00000338258-uc002jjo.2-uc002jjp.1, ENSP00000338777-uc002boq.3-uc002bos.3, ENSP00000361245-uc009vxk.2-uc001cmx.3	0.999998664904	E
1	1.33221227149e-06	1	ENSP00000323927-uc002hrg.2-uc010cvr.1, ENSP00000349959-uc003jlp.2-uc010ivf.2, ENSP00000352282-uc001www.2-uc010tqg.1, ENSP00000369695-uc003zoe.2-uc011lnf.1	0.999998667789	E
1	1.3274863027e-06	1	ENSP00000269571-uc002hso.2-uc010wek.1, ENSP00000296529-uc003ipx.2-uc010iqi.2, ENSP00000356940-uc003qdf.2-uc003qde.2, ENSP00000382924-uc002knq.2-uc002knt.2	0.999998672515	E
1	1.32635684789e-06	1	ENSP00000261798-uc003lqy.1-uc003lqu.2, ENSP00000357283-uc001fni.2-uc001fnk.2, ENSP00000357835-uc001lhs.1-uc009yaj.1, ENSP00000386406-uc002sky.2-uc002skt.1	0.999998673644	E
1	1.32188038975e-06	1	ENSP00000267836-uc001zwj.3-uc001zwh.3, ENSP00000370074-uc003mug.2-uc003muf.2, ENSP00000373347-uc003brf.1-uc003brg.1, ENSP00000387133-uc010mda.1-uc010mdb.1	0.99999867812	E
1	1.31496338144e-06	1	ENSP00000318012-uc004bvu.3-uc011mbj.1, ENSP00000323973-uc003emn.2-uc003ems.2, ENSP00000383411-uc002yju.1-uc010gky.1, ENSP00000393835-uc010eci.2-uc002nog.2	0.999998685037	E
1	1.3126307404e-06	1	ENSP00000264501, ENSP00000271732-uc001evj.2-uc010pci.1, ENSP00000378438-uc002azq.3-uc002azr.3, ENSP00000400065-uc003afi.2-uc011ako.1	0.99999868737	E
1	1.30825099198e-06	1	ENSP00000203407-uc003cub.1-uc003cua.1, ENSP00000265594-uc003fle.2-uc003flf.2, ENSP00000376733-uc003etv.2-uc011bnb.1, ENSP00000470141-uc004dmb.3-uc004dmc.3	0.99999869175	E
1	1.29702145082e-06	1	ENSP00000255499-uc004eml.2-uc004emk.2, ENSP00000299767-uc001tkb.1-uc010swg.1, ENSP00000360151-uc001kmp.2-uc001kmo.2, ENSP00000380651-uc001vnn.1-uc001vnm.1	0.999998702979	E
1	1.28910919096e-06	1	ENSP00000253270-uc004awc.2-uc004awd.2, ENSP00000261047-uc003dxj.2-uc003dxk.2, ENSP00000330060-uc003cfc.1-uc010hfw.1, ENSP00000338457-uc003acl.2-uc003ach.2	0.999998710892	E
1	1.27988982817e-06	1	ENSP00000255977-uc003vvt.2-uc011krd.1, ENSP00000312158-uc003nib.1-uc003nic.1, ENSP00000384203-uc003oqt.1-uc003oqr.1, ENSP00000413520-uc002jmj.3-uc002jmi.2	0.999998720111	E
1	1.27447358301e-06	1	ENSP00000305721-uc003pjl.1-uc011dyu.1, ENSP00000318131-uc002peq.3-uc002per.3, ENSP00000330237-uc001awn.2-uc001awo.2, ENSP00000368799-uc001uxu.1-uc010ace.1	0.999998725527	E
1	1.27258274878e-06	1	ENSP00000260408-uc002afd.1-uc010ugz.1, ENSP00000324842-uc001uhc.2-uc009zyh.2, ENSP00000398401-uc003umc.2-uc003umd.2, ENSP00000401133-uc010ujs.1-uc010ujt.1	0.999998727418	E
1	1.27155202863e-06	1	ENSP00000238823-uc002rpa.1-uc010ynd.1, ENSP00000293230-uc002jru.1-uc002jrv.1, ENSP00000341874-uc002kui.3-uc010xat.1, ENSP00000461108-uc002qis.3-uc002qiw.2	0.999998728449	E
1	1.25788600846e-06	1	ENSP00000262031-uc001sln.2-uc010sqp.1, ENSP00000308315-uc001cuv.2-uc010ons.1, ENSP00000332256-uc002bwn.3-uc010bpb.2, ENSP00000401514	0.999998742115	E
1	1.24865679005e-06	1	ENSP00000263563-uc001jrd.3-uc001jre.3, ENSP00000344214-uc001vna.2-uc010tij.1, ENSP00000348407-uc003bfk.2-uc003bfl.2, ENSP00000357047-uc003qcs.1-uc003qcr.1	0.999998751344	E
1	1.24662389355e-06	1	ENSP00000249883-uc003eqg.1-uc003eqe.1, ENSP00000347005-uc003vux.2-uc011kqs.1, ENSP00000355809-uc001hpc.1-uc001hpd.1, ENSP00000380837-uc002zil.2-uc011afv.1	0.999998753377	E
1	1.23534314987e-06	1	ENSP00000256079-uc001rjd.2-uc001rje.1, ENSP00000287169-uc001nkx.1-uc001nky.1, ENSP00000358605-uc001kzc.3-uc001kzb.2, ENSP00000398401-uc003umc.2-uc003umd.2	0.999998764658	E
1	1.22961102602e-06	1	ENSP00000266481-uc001rlf.2-uc010ski.1, ENSP00000313007-uc003yjs.1-uc011lhd.1, ENSP00000358548-uc009wgu.2-uc001efh.3, ENSP00000394966-uc001cbh.1-uc001cbf.1	0.99999877039	E
1	1.22785491349e-06	1	ENSP00000265742-uc003ulw.2-uc010lew.1, ENSP00000308032-uc002opw.2-uc010xvx.1, ENSP00000411124-uc001yhq.2-uc001yhp.2, ENSP00000425006-uc003iwu.1-uc003iws.1	0.999998772146	E
1	1.22081274457e-06	1	ENSP00000257829-uc001mvk.2-uc010ren.1, ENSP00000299608-uc002lkf.2-uc010xez.1, ENSP00000336775-uc002bup.2-uc002buq.2, ENSP00000363283-uc001bmr.1-uc010ofe.1	0.999998779188	E
1	1.21056478884e-06	1	ENSP00000193322-uc003psd.2-uc003pse.1, ENSP00000256496-uc003bqg.2-uc011asy.1, ENSP00000394966-uc001cbh.1-uc001cbf.1, ENSP00000421741-uc003gde.3-uc010ibv.2	0.999998789436	E
1	1.20938237624e-06	1	ENSP00000308344-uc002jbc.2-uc010wpn.1, ENSP00000320485, ENSP00000324944-uc003ncx.1-uc011dji.1, ENSP00000460334-uc002qdo.2-uc002qdn.2	0.999998790618	E
1	1.18789585457e-06	1	ENSP00000226578-uc003hwg.2-uc011ces.1, ENSP00000352208-uc001kin.2-uc009xue.2, ENSP00000359621-uc001dkp.2-uc001dko.2, ENSP00000415057-uc010ukd.1-uc010bik.1	0.999998812105	E
1	1.18529765683e-06	1	ENSP00000005178-uc003uoa.2-uc003unz.2, ENSP00000296473-uc003cxz.2-uc003cya.2, ENSP00000311427-uc002bau.2-uc002bav.2, ENSP00000406012-uc002cmb.2-uc002clz.2	0.999998814703	E
1	1.18015606459e-06	1	ENSP00000318775-uc003gro.2-uc003grp.2, ENSP00000334800-uc003url.1-uc010lgf.1, ENSP00000362608-uc003onk.2-uc011dtw.1, ENSP00000369871-uc003znk.2-uc011lmz.1	0.999998819845	E
1	1.17891323939e-06	1	ENSP00000263196-uc002zoq.1-uc011agr.1, ENSP00000266481-uc001rlf.2-uc010ski.1, ENSP00000418285, ENSP00000445725-uc003xpm.2-uc010lxp.2	0.999998821087	E
1	1.17456184924e-06	1	ENSP00000072644-uc001cvu.2-uc001cvy.2, ENSP00000317232-uc002hxv.2-uc002hxw.1, ENSP00000318687-uc001utj.2-uc010tds.1, ENSP00000363558-uc010qfc.1-uc010qfd.1	0.999998825439	E
1	1.17214459934e-06	1	ENSP00000220751-uc003yee.2-uc003yef.2, ENSP00000295797-uc003fgs.2-uc003fgt.2, ENSP00000356713-uc003qho.2-uc011edm.1, ENSP00000357283-uc001fni.2-uc001fnk.2	0.999998827856	E
1	1.17167974575e-06	1	ENSP00000312066-uc002jqk.1-uc002jqj.1, ENSP00000323973-uc003emn.2-uc003ems.2, ENSP00000336888-uc002mpf.2-uc002mpi.2, ENSP00000338457-uc003acl.2-uc003ach.2	0.999998828321	E
1	1.16959566884e-06	1	ENSP00000193322-uc003psd.2-uc003pse.1, ENSP00000255759-uc002dec.1-uc002ded.1, ENSP00000327214-uc001baa.2-uc001azz.1, ENSP00000354957-uc004ahr.2-uc011lry.1	0.999998830405	E
1	1.16516223826e-06	1	ENSP00000257287-uc003hbi.2-uc003hbj.2, ENSP00000285518-uc003wqo.2-uc011kwm.1, ENSP00000356574-uc001gnz.2-uc001goc.2, ENSP00000376333-uc002joh.2-uc010wsd.1	0.999998834838	E
1	1.16251603392e-06	1	ENSP00000264670-uc003jdu.2-uc003jds.2, ENSP00000334229-uc001rfq.2-uc010sir.1, ENSP00000349636-uc002itb.2-uc002ita.2, ENSP00000435697-uc003yyv.2-uc011lki.1	0.999998837485	E
1	1.16224339891e-06	1	ENSP00000254322-uc002myz.1-uc010xnr.1, ENSP00000326381-uc003fqs.2-uc003fqv.2, ENSP00000380869-uc010tlt.1-uc010ain.2, ENSP00000414224-uc002tmk.2-uc010yys.1	0.999998837757	E
1	1.16111167677e-06	1	ENSP00000303279-uc001hmc.2-uc001hmd.2, ENSP00000393835-uc010eci.2-uc002nog.2, ENSP00000439338-uc001tsi.2-uc001tsg.2, ENSP00000471677-uc004dkn.2-uc011mmg.1	0.999998838889	E
1	1.12995284609e-06	1	ENSP00000225577-uc002ixy.2-uc002ixz.2, ENSP00000248594-uc003ugh.2-uc010lds.2, ENSP00000330361-uc003zfc.3-uc003zfd.2, ENSP00000454657-uc001wsy.1-uc001wtc.1	0.999998870048	E
1	1.10606201682e-06	1	ENSP00000238714-uc002sai.2-uc010fch.2, ENSP00000265846-uc003sjo.3-uc003sjm.3, ENSP00000356940-uc003qdf.2-uc003qde.2, ENSP00000376733-uc003etv.2-uc011bnb.1	0.999998893939	E
1	1.09748578974e-06	1	ENSP00000226578-uc003hwg.2-uc011ces.1, ENSP00000263816, ENSP00000301887-uc001ocf.1-uc001oce.1, ENSP00000348564-uc001zql.2-uc001zqj.2	0.999998902515	E
1	1.09200571612e-06	1	ENSP00000267938-uc002bbg.2-uc002bbi.2, ENSP00000310447-uc001slj.2-uc009zot.2, ENSP00000351338-uc003csx.2-uc003cst.2, ENSP00000365851-uc001irh.2-uc009xkg.2	0.999998907995	E
1	1.08068788137e-06	1	ENSP00000318868-uc002gta.2-uc010vxt.1, ENSP00000370467-uc004crv.2-uc010ndl.2, ENSP00000380869-uc010tlt.1-uc010ain.2, ENSP00000411124-uc001yhq.2-uc001yhp.2	0.999998919313	E
1	1.07875277765e-06	1	ENSP00000270570-uc002gvy.1-uc010cqp.1, ENSP00000352510-uc001ylw.1-uc010txx.1, ENSP00000382213, ENSP00000463916-uc001etp.2-uc001etq.2	0.999998921248	E
1	1.07868465251e-06	1	ENSP00000300935-uc002ndn.3-uc002ndo.3, ENSP00000358548-uc009wgu.2-uc001efh.3, ENSP00000359819-uc004eyb.2-uc010nrv.2, ENSP00000392264-uc010rre.1-uc009yth.2	0.999998921316	E
1	1.07441689466e-06	1	ENSP00000369681-uc002amf.2-uc010uik.1, ENSP00000401338-uc002cgu.3-uc002cgv.3, ENSP00000407193-uc002jhc.2-uc002jhb.1, ENSP00000407642-uc004fhc.2-uc004fhd.2	0.999998925584	E
1	1.07028429529e-06	1	ENSP00000245796-uc002tjc.2-uc002tjh.2, ENSP00000278193-uc001mrl.2-uc009yii.2, ENSP00000296350-uc003fxk.3-uc003fxl.3, ENSP00000356230-uc001gyo.1-uc001gym.1	0.999998929716	E
1	1.0681427958e-06	1	ENSP00000316042-uc003lbt.2-uc010jeo.2, ENSP00000407642-uc004fhc.2-uc004fhd.2, ENSP00000428205-uc003yqr.2-uc003yqq.2, ENSP00000433388-uc003dcn.2-uc010hly.2	0.999998931858	E
1	1.05869546416e-06	1	ENSP00000360186, ENSP00000365938-uc001vmt.2-uc001vms.2, ENSP00000393978-uc002pfj.2-uc002pfd.2, ENSP00000470141-uc004dmb.3-uc004dmc.3	0.999998941305	E
1	1.05072912394e-06	1	ENSP00000255121-uc001coj.1-uc001coi.1, ENSP00000271732-uc001evj.2-uc010pci.1, ENSP00000340507-uc003vuc.2-uc003vub.2, ENSP00000366460-uc001iqg.1-uc009xkc.1	0.999998949271	E
1	1.03234690914e-06	1	ENSP00000308032-uc002opw.2-uc010xvx.1, ENSP00000327009-uc002rmv.2-uc002rmw.2, ENSP00000349748-uc001bys.2-uc001byr.2, ENSP00000412173-uc001bvh.3-uc010ohi.1	0.999998967654	E
1	1.02826950486e-06	1	ENSP00000330060-uc003cfc.1-uc010hfw.1, ENSP00000357110-uc003qch.2-uc003qcd.1, ENSP00000368884-uc004czu.2-uc011mjk.1, ENSP00000384797	0.999998971731	E
1	1.02310811114e-06	1	ENSP00000219478-uc002cxp.1-uc002cxo.1, ENSP00000252015-uc002xbk.2-uc010zuq.1, ENSP00000271732-uc001evj.2-uc010pci.1, ENSP00000365200-uc001vpo.2-uc001vpp.2	0.999998976892	E
1	1.00864007499e-06	1	ENSP00000253247-uc002jgd.1-uc010deu.1, ENSP00000264963-uc002swu.2-uc010yuw.1, ENSP00000352510-uc001ylw.1-uc010txx.1, ENSP00000379737-uc003swy.2-uc010kur.2	0.99999899136	E
1	1.00557826243e-06	1	ENSP00000318176-uc002umf.2-uc002umd.2, ENSP00000319726-uc001odu.3-uc009yqj.2, ENSP00000360031-uc001knf.2-uc001kne.2, ENSP00000398401-uc003umc.2-uc003umd.2	0.999998994422	E
1	9.74222007999e-07	1	ENSP00000281405-uc002rdj.2-uc002rdh.2, ENSP00000317382-uc001pdn.2-uc001pdm.2, ENSP00000353458-uc001wsk.2-uc001wsl.2, ENSP00000373347-uc003brf.1-uc003brg.1	0.999999025778	E
1	9.64200203337e-07	1	ENSP00000230901-uc003lcg.2-uc011cyl.1, ENSP00000313869-uc003ciw.1-uc003ciz.1, ENSP00000421741-uc003gde.3-uc010ibv.2, ENSP00000434552	0.9999990358	E
1	9.62814425841e-07	1	ENSP00000254322-uc002myz.1-uc010xnr.1, ENSP00000264638-uc002iay.2-uc010wgs.1, ENSP00000306340-uc011cbp.1-uc003hiq.2, ENSP00000386626-uc002tzd.3-uc010zch.1	0.999999037186	E
1	9.56850282932e-07	1	ENSP00000217909-uc004erd.2-uc011mtt.1, ENSP00000273179-uc003chg.2-uc003chh.2, ENSP00000360373-uc004esv.2-uc010nqq.2, ENSP00000383191-uc002zhg.2-uc002zhk.2	0.99999904315	E
1	9.45606266954e-07	1	ENSP00000230859-uc003jdx.1-uc010itl.1, ENSP00000259608-uc003zxe.1-uc003zxf.1, ENSP00000262394-uc002gzd.1-uc002gze.1, ENSP00000347445-uc002cwl.2-uc010uxk.1	0.999999054394	E
1	9.4175460566e-07	1	ENSP00000219689-uc002dll.2-uc002dlk.2, ENSP00000263209-uc002zri.2-uc002zrj.2, ENSP00000263634-uc002rxg.1-uc002rxf.1, ENSP00000265963-uc001moh.2-uc001moj.2	0.999999058246	E
1	9.41741384668e-07	1	ENSP00000006015-uc003syx.2-uc003syy.2, ENSP00000225388-uc002hdy.3-uc002hdx.3, ENSP00000317128-uc003emx.2-uc003emw.2, ENSP00000362187-uc004bsx.1-uc004bsw.1	0.999999058259	E
1	9.29316698421e-07	1	ENSP00000294066-uc001obh.2-uc001obg.2, ENSP00000386609-uc002ftj.2-uc010vqq.1, ENSP00000389998-uc011lgk.1-uc011lgl.1, ENSP00000393762-uc003psu.2-uc003pst.3	0.999999070684	E
1	9.26372615821e-07	1	ENSP00000260762-uc001kig.2-uc001kih.2, ENSP00000291358-uc001bum.2-uc010ogz.1, ENSP00000295797-uc003fgs.2-uc003fgt.2, ENSP00000312618-uc003ela.3-uc003ele.2	0.999999073628	E
1	9.26355431218e-07	1	ENSP00000242067-uc003tdn.1-uc003tdt.2, ENSP00000301924-uc003xfl.1-uc010lup.1, ENSP00000332256-uc002bwn.3-uc010bpb.2, ENSP00000367893-uc001imk.2-uc010qbs.1	0.999999073645	E
1	9.2497384476e-07	1	ENSP00000296529-uc003ipx.2-uc010iqi.2, ENSP00000359830-uc001dhu.2-uc009wca.1, ENSP00000385478-uc010ktx.2-uc010kty.2, ENSP00000386935-uc010ncb.2-uc004cla.3	0.999999075027	E
1	9.23856275466e-07	1	ENSP00000268603-uc002eoi.2-uc010cdn.2, ENSP00000346643-uc001jpf.3-uc009xqb.2, ENSP00000360031-uc001knf.2-uc001kne.2, ENSP00000385030-uc002rgu.2-uc010ykr.1	0.999999076144	E
1	8.93335985307e-07	1	ENSP00000019103-uc002tma.2-uc002tlz.2, ENSP00000254260-uc002nuf.2-uc010xro.1, ENSP00000262177-uc003wnk.2-uc011kvz.1, ENSP00000293261-uc002pix.1-uc010xzo.1	0.999999106664	E
1	8.88674677034e-07	1	ENSP00000252999, ENSP00000310244-uc001zke.3-uc010bbg.2, ENSP00000369695-uc003zoe.2-uc011lnf.1, ENSP00000377566-uc002esa.2-uc002esc.2	0.999999111326	E
1	8.84678984378e-07	1	ENSP00000225573-uc002imo.2-uc010wla.1, ENSP00000226067-uc002iug.1-uc010dce.1, ENSP00000355428-uc001iew.1-uc010pzq.1, ENSP00000471771-uc004eay.3-uc010nll.2	0.999999115321	E
1	8.83371649203e-07	1	ENSP00000258962-uc002ivi.2-uc002ivj.2, ENSP00000278193-uc001mrl.2-uc009yii.2, ENSP00000319255-uc001pdg.2-uc009yvz.2, ENSP00000355050-uc010zvw.1-uc002xhj.2	0.999999116629	E
1	8.81208376954e-07	1	ENSP00000317902-uc001pfp.1-uc001pfr.1, ENSP00000355180-uc002zhu.1-uc002zhw.1, ENSP00000356940-uc003qdf.2-uc003qde.2, ENSP00000377864-uc001ses.2-uc001sev.2	0.999999118792	E
1	8.78037725532e-07	1	ENSP00000289407-uc003vop.1-uc003voq.1, ENSP00000300456-uc004but.2-uc004buu.2, ENSP00000336630-uc003aab.2-uc011ajs.1, ENSP00000376799-uc001pkh.2-uc010rvx.1	0.999999121963	E
1	8.7618357707e-07	1	ENSP00000295797-uc003fgs.2-uc003fgt.2, ENSP00000356155-uc001haw.2-uc010pqv.1, ENSP00000362285-uc001jrr.3-uc001jru.3, ENSP00000376250-uc003fsv.2-uc003fsw.2	0.999999123817	E
1	8.67314740334e-07	1	ENSP00000261844-uc002acg.3-uc002acf.3, ENSP00000281416-uc002urz.2-uc010zge.1, ENSP00000285518-uc003wqo.2-uc011kwm.1, ENSP00000470141-uc004dmb.3-uc004dmc.3	0.999999132686	E
1	8.62312939254e-07	1	ENSP00000291565-uc002zdm.3-uc002zdq.3, ENSP00000321498-uc003vvo.2-uc003vvn.2, ENSP00000361818-uc002xnu.2-uc010zws.1, ENSP00000364218-uc004aym.2-uc004ayk.2	0.999999137687	E
1	8.61923756121e-07	1	ENSP00000310129-uc003fnn.1-uc011brk.1, ENSP00000359621-uc001dkp.2-uc001dko.2, ENSP00000364902-uc002wxp.2-uc010ztu.1, ENSP00000383411-uc002yju.1-uc010gky.1	0.999999138077	E
1	8.53835465806e-07	1	ENSP00000257287-uc003hbi.2-uc003hbj.2, ENSP00000362649-uc001bvb.1-uc010ohf.1, ENSP00000369871-uc003znk.2-uc011lmz.1, ENSP00000417548-uc001msx.2-uc009yjn.1	0.999999146165	E
1	8.5071279058e-07	1	ENSP00000324944-uc003ncx.1-uc011dji.1, ENSP00000329419-uc003etf.3-uc011bmv.1, ENSP00000351631-uc001pfn.2-uc001pfm.2, ENSP00000364028-uc001bek.2-uc001bei.2	0.999999149288	E
1	8.5038991036e-07	1	ENSP00000251143-uc002dgn.1-uc002dgp.1, ENSP00000279068-uc010gjy.1-uc010zzz.1, ENSP00000285381-uc003ydj.2-uc011lfv.1, ENSP00000373206-uc003dnl.2-uc003dnj.2	0.99999914961	E
1	8.50158634054e-07	1	ENSP00000252699-uc002oja.1-uc002ojb.1, ENSP00000352510-uc001ylw.1-uc010txx.1, ENSP00000410051-uc010seh.1-uc010sei.1, ENSP00000446289-uc003kdc.3-uc011css.1	0.999999149842	E
1	8.48216496286e-07	1	ENSP00000264094-uc002smp.1-uc002smo.1, ENSP00000270570-uc002gvy.1-uc010cqp.1, ENSP00000386609-uc002ftj.2-uc010vqq.1, ENSP00000460334-uc002qdo.2-uc002qdn.2	0.999999151784	E
1	8.46120687316e-07	1	ENSP00000253024-uc002qtg.1-uc002qth.1, ENSP00000262207-uc003yan.2-uc011lfl.1, ENSP00000401133-uc010ujs.1-uc010ujt.1, ENSP00000405424-uc011lht.1-uc003yml.2	0.99999915388	E
1	8.43364509478e-07	1	ENSP00000219070-uc002ehz.3-uc002eia.3, ENSP00000314132-uc002wbq.2-uc002wbr.2, ENSP00000320885-uc002roc.2-uc002rod.2, ENSP00000353375-uc003csb.2-uc003crw.2	0.999999156636	E
1	8.30016938808e-07	1	ENSP00000261173-uc001tbh.2-uc009zsr.2, ENSP00000313007-uc003yjs.1-uc011lhd.1, ENSP00000318775-uc003gro.2-uc003grp.2, ENSP00000385746-uc004dag.2-uc010nfs.2	0.999999169983	E
1	8.23825240863e-07	1	ENSP00000217159-uc002ydb.1-uc002yde.1, ENSP00000222145-uc002pki.2-uc002pkh.2, ENSP00000239007-uc001kza.2-uc009xxu.2, ENSP00000297044-uc003spt.2-uc011jws.1	0.999999176175	E
1	8.18156475304e-07	1	ENSP00000249883-uc003eqg.1-uc003eqe.1, ENSP00000317904-uc002plp.2-uc010xzy.1, ENSP00000368031-uc001aga.1-uc001agb.1, ENSP00000462664-uc002lfj.3-uc010dpg.2	0.999999181844	E
1	8.18043914806e-07	1	ENSP00000298281, ENSP00000318318-uc002azc.1-uc010ulx.1, ENSP00000369773-uc003mux.2-uc011dhs.1, ENSP00000470203-uc004fjs.1-uc010nur.2	0.999999181956	E
1	8.04018274995e-07	1	ENSP00000222145-uc002pki.2-uc002pkh.2, ENSP00000242209-uc003tdh.2-uc011kam.1, ENSP00000356641-uc001gku.1-uc009wwv.2, ENSP00000392775-uc003vbd.2-uc011klj.1	0.999999195982	E
1	7.94571148357e-07	1	ENSP00000250896-uc002lus.2-uc002luq.1, ENSP00000257527-uc003lwz.2-uc003lwy.2, ENSP00000356940-uc003qdf.2-uc003qde.2, ENSP00000379737-uc003swy.2-uc010kur.2	0.999999205429	E
1	7.88301381352e-07	1	ENSP00000262679-uc001ctd.3-uc009vzb.2, ENSP00000280700-uc003cdl.2-uc003cdk.2, ENSP00000342148-uc001dwn.2-uc009weu.2, ENSP00000358862-uc001kwt.2-uc001kwu.2	0.999999211699	E
1	7.88266221782e-07	1	ENSP00000267859-uc010uhc.1-uc002agi.3, ENSP00000382924-uc002knq.2-uc002knt.2, ENSP00000401133-uc010ujs.1-uc010ujt.1, ENSP00000442421-uc002juf.2-uc002jud.2	0.999999211734	E
1	7.76991413753e-07	1	ENSP00000193322-uc003psd.2-uc003pse.1, ENSP00000260600-uc002rfs.3-uc002rfr.3, ENSP00000356591-uc001gml.2-uc010pnk.1, ENSP00000370023-uc002rgy.2-uc010yks.1	0.999999223009	E
1	7.6907756361e-07	1	ENSP00000324960-uc001olo.2-uc001oln.2, ENSP00000340693-uc003dts.2-uc003dtu.2, ENSP00000347427-uc010vsl.1-uc010vsp.1, ENSP00000378322-uc003hvu.2-uc010ilk.2	0.999999230923	E
1	7.65750516639e-07	1	ENSP00000260408-uc002afd.1-uc010ugz.1, ENSP00000265993-uc001klb.3-uc001kla.3, ENSP00000323811-uc003caf.2-uc010hep.2, ENSP00000354622-uc002ici.1-uc010whi.1	0.99999923425	E
1	7.63235736553e-07	1	ENSP00000046794-uc003man.1-uc011des.1, ENSP00000307491-uc003cit.2-uc003ciu.2, ENSP00000362590-uc003onn.2-uc003onp.2, ENSP00000386935-uc010ncb.2-uc004cla.3	0.999999236765	E
1	7.57201137142e-07	1	ENSP00000313869-uc003ciw.1-uc003ciz.1, ENSP00000313953-uc002rom.2-uc002ron.2, ENSP00000358548-uc009wgu.2-uc001efh.3, ENSP00000418285	0.999999242799	E
1	7.28330823319e-07	1	ENSP00000278903-uc001qca.2-uc010sbf.1, ENSP00000334153-uc003cay.2-uc010hes.2, ENSP00000345772-uc003oku.3-uc010jvx.2, ENSP00000376362-uc001tui.1-uc001tuh.2	0.999999271669	E
1	7.17147973473e-07	1	ENSP00000246505-uc010tjw.1-uc001vtf.2, ENSP00000256079-uc001rjd.2-uc001rje.1, ENSP00000281038-uc001ozi.2-uc010rsq.1, ENSP00000308032-uc002opw.2-uc010xvx.1	0.999999282852	E
1	7.01311283606e-07	1	ENSP00000196482-uc002qsw.1-uc002qsx.1, ENSP00000229854-uc003pan.1-uc011dwu.1, ENSP00000293350-uc002pnt.2-uc010yat.1, ENSP00000359665-uc001kog.1-uc009xvw.1	0.999999298689	E
1	6.99823240874e-07	1	ENSP00000263816, ENSP00000266481-uc001rlf.2-uc010ski.1, ENSP00000343273-uc003svs.3-uc011jyv.1, ENSP00000474435-uc002hjr.2-uc010wcj.1	0.999999300177	E
1	6.83967438668e-07	1	ENSP00000270570-uc002gvy.1-uc010cqp.1, ENSP00000354850-uc001ktv.2-uc001ktu.2, ENSP00000362824-uc004eaa.1-uc004ead.2, ENSP00000387133-uc010mda.1-uc010mdb.1	0.999999316033	E
1	6.81818579442e-07	1	ENSP00000316649-uc002yck.1-uc002ycl.1, ENSP00000318883-uc002zmw.2-uc002zna.2, ENSP00000346762-uc003vmi.2-uc010lle.2, ENSP00000357283-uc001fni.2-uc001fnk.2	0.999999318182	E
1	6.77807860845e-07	1	ENSP00000238667-uc001xrs.2-uc010tvd.1, ENSP00000271657-uc001exr.2-uc010pcw.1, ENSP00000340626, ENSP00000368102-uc001ilq.1-uc009xjb.1	0.999999322192	E
1	6.77641767593e-07	1	ENSP00000367815-uc002fhl.3-uc010vnw.1, ENSP00000369773-uc003mux.2-uc011dhs.1, ENSP00000417185-uc001afs.2-uc001afr.2, ENSP00000470203-uc004fjs.1-uc010nur.2	0.999999322358	E
1	6.71642512228e-07	1	ENSP00000261308-uc003jtv.3-uc011cqw.1, ENSP00000281416-uc002urz.2-uc010zge.1, ENSP00000354958-uc001fjm.2-uc009wql.2, ENSP00000358635-uc003pla.2-uc003pkz.2	0.999999328358	E
1	6.66483761125e-07	1	ENSP00000261733-uc001tst.2-uc010syi.1, ENSP00000295448-uc003gwy.2-uc011bzb.1, ENSP00000358548-uc009wgu.2-uc001efh.3, ENSP00000459424-uc003udy.2-uc003uea.2	0.999999333516	E
1	6.58512895428e-07	1	ENSP00000046794-uc003man.1-uc011des.1, ENSP00000318176-uc002umf.2-uc002umd.2, ENSP00000362718-uc003onc.1-uc003ond.1, ENSP00000462521-uc001enn.3-uc001enm.1	0.999999341487	E
1	6.56883603876e-07	1	ENSP00000339486-uc001xxj.2-uc010atj.2, ENSP00000348359-uc001ptt.2-uc009zai.1, ENSP00000349824-uc004cxv.1-uc004cxw.1, ENSP00000390222-uc001vla.2-uc001vkx.2	0.999999343117	E
1	6.5195015655e-07	1	ENSP00000288502-uc004bjd.3-uc004bjf.3, ENSP00000288988-uc002rnr.2-uc002rnq.2, ENSP00000326674-uc002chn.2-uc002chp.2, ENSP00000417185-uc001afs.2-uc001afr.2	0.99999934805	E
1	6.51042355124e-07	1	ENSP00000261047-uc003dxj.2-uc003dxk.2, ENSP00000279068-uc010gjy.1-uc010zzz.1, ENSP00000313490-uc002gkr.2-uc002gks.2, ENSP00000416799-uc002xuw.2-uc010zyn.1	0.999999348958	E
1	6.46680565917e-07	1	ENSP00000301831-uc003ckv.3-uc003cku.3, ENSP00000303696-uc002lwr.2-uc010xha.1, ENSP00000339314-uc002zxs.2-uc002zxr.1, ENSP00000393596	0.99999935332	E
1	6.41270143876e-07	1	ENSP00000288988-uc002rnr.2-uc002rnq.2, ENSP00000368884-uc004czu.2-uc011mjk.1, ENSP00000376333-uc002joh.2-uc010wsd.1, ENSP00000417963-uc003oth.2-uc010jyd.2	0.99999935873	E
1	6.3013009657e-07	1	ENSP00000249883-uc003eqg.1-uc003eqe.1, ENSP00000351042-uc002nqi.2-uc002nqh.2, ENSP00000378130-uc003hzr.3-uc003hzq.2, ENSP00000415057-uc010ukd.1-uc010bik.1	0.99999936987	E
1	6.26668006001e-07	1	ENSP00000346532-uc002orx.2-uc002ose.2, ENSP00000369213-uc003zra.2-uc010mjj.2, ENSP00000415332-uc002uni.3-uc002unh.3, ENSP00000469022-uc002nbc.2-uc002nba.3	0.999999373332	E
1	6.23147701085e-07	1	ENSP00000072644-uc001cvu.2-uc001cvy.2, ENSP00000290866-uc002jau.1-uc002jav.1, ENSP00000295550, ENSP00000356641-uc001gku.1-uc009wwv.2	0.999999376852	E
1	6.19895093212e-07	1	ENSP00000265294-uc003mau.2-uc011dev.1, ENSP00000328287-uc003cxh.2-uc003cxi.2, ENSP00000348564-uc001zql.2-uc001zqj.2, ENSP00000352567-uc003pwt.2-uc003pwu.2	0.999999380105	E
1	6.10837119374e-07	1	ENSP00000260506-uc001dpw.2-uc010otl.1, ENSP00000355897-uc001hlm.2-uc001hlo.2, ENSP00000357835-uc001lhs.1-uc009yaj.1, ENSP00000464306-uc001eoc.1-uc001eod.1	0.999999389163	E
1	6.0806124082e-07	1	ENSP00000322323-uc003sip.2-uc011jvn.1, ENSP00000344214-uc001vna.2-uc010tij.1, ENSP00000393860-uc003xmi.3-uc011lce.1, ENSP00000399402-uc003jnq.3-uc003jnp.3	0.999999391939	E
1	6.05557507635e-07	1	ENSP00000226578-uc003hwg.2-uc011ces.1, ENSP00000305721-uc003pjl.1-uc011dyu.1, ENSP00000392775-uc003vbd.2-uc011klj.1, ENSP00000454657-uc001wsy.1-uc001wtc.1	0.999999394443	E
1	5.9069941021e-07	1	ENSP00000339435-uc002fue.1-uc002fui.1, ENSP00000343405-uc001jux.2-uc010qkq.1, ENSP00000398401-uc003umc.2-uc003umd.2, ENSP00000465500-uc002lin.2-uc010dpv.2	0.999999409301	E
1	5.85931490677e-07	1	ENSP00000300249-uc002kyg.2-uc010xcd.1, ENSP00000323973-uc003emn.2-uc003ems.2, ENSP00000354958-uc001fjm.2-uc009wql.2, ENSP00000407487-uc002bqg.2-uc002bqi.2	0.999999414069	E
1	5.82048516132e-07	1	ENSP00000284878-uc002yki.2-uc002ykj.1, ENSP00000354957-uc004ahr.2-uc011lry.1, ENSP00000366502-uc010oag.1-uc001aqf.2, ENSP00000471888-uc010vhz.1-uc010vhw.1	0.999999417952	E
1	5.7944485622e-07	1	ENSP00000352567-uc003pwt.2-uc003pwu.2, ENSP00000364902-uc002wxp.2-uc010ztu.1, ENSP00000382034-uc003obw.2-uc010juc.1, ENSP00000459424-uc003udy.2-uc003uea.2	0.999999420555	E
1	5.76300739435e-07	1	ENSP00000352567-uc003pwt.2-uc003pwu.2, ENSP00000358060-uc001euq.2-uc009wlt.2, ENSP00000377389-uc001onw.2-uc001onz.2, ENSP00000468541-uc002mcy.2-uc002mcz.2	0.999999423699	E
1	5.7438679211e-07	1	ENSP00000297990-uc003zsz.2-uc003zsy.2, ENSP00000360112-uc001dbs.1-uc010opb.1, ENSP00000384164-uc010gci.1-uc002wpg.1, ENSP00000417548-uc001msx.2-uc009yjn.1	0.999999425613	E
1	5.72555332297e-07	1	ENSP00000355973-uc001hif.2-uc009xcz.2, ENSP00000359830-uc001dhu.2-uc009wca.1, ENSP00000451763-uc001xoz.1-uc010tuj.1, ENSP00000471656-uc001qsi.2-uc010sfw.1	0.999999427445	E
1	5.69503469569e-07	1	ENSP00000326604-uc003wmw.3-uc003wmv.3, ENSP00000361474-uc004eng.2-uc004enf.2, ENSP00000370761-uc001rgn.2-uc001rgo.2, ENSP00000393835-uc010eci.2-uc002nog.2	0.999999430497	E
1	5.68565079002e-07	1	ENSP00000260803-uc003erv.2-uc003ert.2, ENSP00000279281-uc001ocr.1-uc001ocs.1, ENSP00000398401-uc003umc.2-uc003umd.2, ENSP00000441140-uc004arv.2-uc004arw.2	0.999999431435	E
1	5.63347841405e-07	1	ENSP00000240651-uc001rew.2-uc009zir.2, ENSP00000333657-uc002yzf.1-uc010gop.1, ENSP00000352208-uc001kin.2-uc009xue.2, ENSP00000393596	0.999999436652	E
1	5.56909350167e-07	1	ENSP00000242067-uc003tdn.1-uc003tdt.2, ENSP00000322323-uc003sip.2-uc011jvn.1, ENSP00000381693-uc001jve.2-uc009xrn.1, ENSP00000471656-uc001qsi.2-uc010sfw.1	0.999999443091	E
1	5.53609879304e-07	1	ENSP00000267101-uc001sjh.2-uc001sjl.2, ENSP00000307432-uc003dna.3-uc010hob.2, ENSP00000368076-uc002fbm.1-uc010vml.1, ENSP00000436604-uc001tbd.2-uc001tbe.2	0.99999944639	E
1	5.51850215471e-07	1	ENSP00000260506-uc001dpw.2-uc010otl.1, ENSP00000330470-uc003akk.2-uc003aki.2, ENSP00000385812-uc003apr.2-uc011amr.1, ENSP00000428205-uc003yqr.2-uc003yqq.2	0.99999944815	E
1	5.44234430625e-07	1	ENSP00000257829-uc001mvk.2-uc010ren.1, ENSP00000263238-uc002tkx.1-uc010yyd.1, ENSP00000326604-uc003wmw.3-uc003wmv.3, ENSP00000349174-uc003hwc.2-uc003hwa.1	0.999999455766	E
1	5.43940477381e-07	1	ENSP00000300249-uc002kyg.2-uc010xcd.1, ENSP00000316578-uc002hgs.2-uc002hgt.2, ENSP00000320663-uc002rsi.2-uc010ynv.1, ENSP00000359998-uc003pbf.2-uc003pbe.2	0.99999945606	E
1	5.42830109646e-07	1	ENSP00000265077, ENSP00000358862-uc001kwt.2-uc001kwu.2, ENSP00000376534-uc002uao.2-uc002uap.2, ENSP00000434359-uc003yzs.2-uc003yzr.2	0.99999945717	E
1	5.39023946423e-07	1	ENSP00000296529-uc003ipx.2-uc010iqi.2, ENSP00000369373-uc001mbm.1-uc001mbn.2, ENSP00000374455-uc003mkw.3-uc003mkv.3, ENSP00000401338-uc002cgu.3-uc002cgv.3	0.999999460976	E
1	5.34505733303e-07	1	ENSP00000261475-uc001wss.2-uc001wst.2, ENSP00000262207-uc003yan.2-uc011lfl.1, ENSP00000264555-uc001lqe.2-uc009yca.1, ENSP00000301924-uc003xfl.1-uc010lup.1	0.999999465494	E
1	5.30778678429e-07	1	ENSP00000238823-uc002rpa.1-uc010ynd.1, ENSP00000242209-uc003tdh.2-uc011kam.1, ENSP00000379353-uc001rfo.3-uc009zix.2, ENSP00000439856-uc002nei.1-uc010xpg.1	0.999999469221	E
1	5.29638443362e-07	1	ENSP00000325269-uc003vfc.2-uc003vez.2, ENSP00000340467-uc001wlj.2-uc001wlk.2, ENSP00000413937-uc002fsr.2-uc010vql.1, ENSP00000460334-uc002qdo.2-uc002qdn.2	0.999999470362	E
1	5.23015435398e-07	1	ENSP00000226578-uc003hwg.2-uc011ces.1, ENSP00000340693-uc003dts.2-uc003dtu.2, ENSP00000341489-uc002nah.1-uc002nai.1, ENSP00000420721	0.999999476985	E
1	5.17493884418e-07	1	ENSP00000247178-uc001xbx.1-uc001xbw.1, ENSP00000264400-uc003hmi.1-uc010ijq.1, ENSP00000303279-uc001hmc.2-uc001hmd.2, ENSP00000313007-uc003yjs.1-uc011lhd.1	0.999999482506	E
1	5.14672607971e-07	1	ENSP00000267101-uc001sjh.2-uc001sjl.2, ENSP00000281471-uc001rkq.3-uc009zjs.2, ENSP00000450613-uc010fyv.2-uc002vxp.3, ENSP00000458290-uc002klh.3-uc010dkj.2	0.999999485328	E
1	5.14619780423e-07	1	ENSP00000281471-uc001rkq.3-uc009zjs.2, ENSP00000291565-uc002zdm.3-uc002zdq.3, ENSP00000296529-uc003ipx.2-uc010iqi.2, ENSP00000345810-uc002wze.1-uc002wzj.1	0.99999948538	E
1	5.12934023356e-07	1	ENSP00000311427-uc002bau.2-uc002bav.2, ENSP00000340507-uc003vuc.2-uc003vub.2, ENSP00000441045-uc003gkw.3-uc003gky.2, ENSP00000455933-uc010vnx.1-uc010voa.1	0.999999487066	E
1	5.11549792139e-07	1	ENSP00000229854-uc003pan.1-uc011dwu.1, ENSP00000275227-uc003qdw.1-uc010kgd.1, ENSP00000356641-uc001gku.1-uc009wwv.2, ENSP00000367263	0.99999948845	E
1	5.10995423082e-07	1	ENSP00000339016-uc001kez.1-uc010qmr.1, ENSP00000376178-uc001uio.2-uc001uip.2, ENSP00000468541-uc002mcy.2-uc002mcz.2, ENSP00000469022-uc002nbc.2-uc002nba.3	0.999999489005	E
1	5.0992108436e-07	1	ENSP00000266481-uc001rlf.2-uc010ski.1, ENSP00000295373-uc002rrf.2-uc002rrd.3, ENSP00000373347-uc003brf.1-uc003brg.1, ENSP00000442050-uc002kch.1-uc010wva.1	0.999999490079	E
1	5.06508971144e-07	1	ENSP00000261733-uc001tst.2-uc010syi.1, ENSP00000278193-uc001mrl.2-uc009yii.2, ENSP00000318373-uc002rkk.2-uc002rkj.2, ENSP00000363753-uc004bdn.2-uc010mtr.2	0.999999493491	E
1	5.0320323712e-07	1	ENSP00000299952-uc002fau.2-uc010cge.2, ENSP00000362649-uc001bvb.1-uc010ohf.1, ENSP00000439856-uc002nei.1-uc010xpg.1, ENSP00000448012-uc001tar.2-uc001taq.2	0.999999496797	E
1	5.02887249503e-07	1	ENSP00000336775-uc002bup.2-uc002buq.2, ENSP00000354837-uc001fmt.2-uc001fmq.2, ENSP00000419098-uc004cdd.2-uc004cdc.2, ENSP00000445725-uc003xpm.2-uc010lxp.2	0.999999497113	E
1	5.006066824e-07	1	ENSP00000343002-uc010aaz.2-uc001uto.3, ENSP00000378130-uc003hzr.3-uc003hzq.2, ENSP00000400175-uc003cwu.2-uc010hku.2, ENSP00000419231-uc003esl.2-uc011bmm.1	0.999999499393	E
1	5.00500837681e-07	1	ENSP00000329002-uc001fes.2-uc009wov.2, ENSP00000364493-uc004aur.2-uc011luh.1, ENSP00000393762-uc003psu.2-uc003pst.3, ENSP00000451763-uc001xoz.1-uc010tuj.1	0.999999499499	E
1	5.00054194513e-07	1	ENSP00000263238-uc002tkx.1-uc010yyd.1, ENSP00000265846-uc003sjo.3-uc003sjm.3, ENSP00000441285-uc001gee.2-uc010plh.1, ENSP00000462311-uc002llm.1-uc010dqs.2	0.999999499946	E
1	4.92987877026e-07	1	ENSP00000273359-uc003dyk.3-uc011bhq.1, ENSP00000317214-uc004epc.1-uc011msu.1, ENSP00000414224-uc002tmk.2-uc010yys.1, ENSP00000420721	0.999999507012	E
1	4.85373194413e-07	1	ENSP00000261798-uc003lqy.1-uc003lqu.2, ENSP00000354671-uc001cov.2-uc001cpa.2, ENSP00000358548-uc009wgu.2-uc001efh.3, ENSP00000369773-uc003mux.2-uc011dhs.1	0.999999514627	E
1	4.74221491497e-07	1	ENSP00000265294-uc003mau.2-uc011dev.1, ENSP00000305922-uc001czi.3-uc001czm.3, ENSP00000323973-uc003emn.2-uc003ems.2, ENSP00000385746-uc004dag.2-uc010nfs.2	0.999999525779	E
1	4.72536187913e-07	1	ENSP00000316042-uc003lbt.2-uc010jeo.2, ENSP00000342222-uc002gpy.2-uc002gpz.2, ENSP00000368020-uc003kxo.2-uc003kxm.2, ENSP00000371531-uc003zhl.1-uc003zhn.1	0.999999527464	E
1	4.67812826322e-07	1	ENSP00000254722-uc002ftl.2-uc010cjw.2, ENSP00000318131-uc002peq.3-uc002per.3, ENSP00000361892-uc002xnb.2-uc010ggy.2, ENSP00000471771-uc004eay.3-uc010nll.2	0.999999532187	E
1	4.62377313197e-07	1	ENSP00000253363-uc002xeb.2-uc002xea.2, ENSP00000288078-uc002eyy.2-uc002eyz.2, ENSP00000336630-uc003aab.2-uc011ajs.1, ENSP00000358694-uc001kyp.1-uc001kyq.1	0.999999537623	E
1	4.59744428516e-07	1	ENSP00000265348-uc003otq.2-uc010jyh.2, ENSP00000268603-uc002eoi.2-uc010cdn.2, ENSP00000272638-uc002tur.2-uc002tut.2, ENSP00000306920-uc003cfi.1-uc003cfj.1	0.999999540256	E
1	4.58206315506e-07	1	ENSP00000289968-uc002dnb.2-uc002dmw.2, ENSP00000300738-uc001lyw.3-uc010qyd.1, ENSP00000334490-uc002zrq.2-uc010gsa.2, ENSP00000359364-uc002yeh.2-uc011aaq.1	0.999999541794	E
1	4.57827292297e-07	1	ENSP00000326514-uc003hbf.1-uc003hbg.1, ENSP00000343027-uc003uhb.1-uc011kgt.1, ENSP00000364493-uc004aur.2-uc011luh.1, ENSP00000419851-uc003faq.2-uc011bom.1	0.999999542173	E
1	4.55316547427e-07	1	ENSP00000253024-uc002qtg.1-uc002qth.1, ENSP00000356210-uc003qph.2-uc003qpg.2, ENSP00000369431-uc003zqc.2-uc003zqb.2, ENSP00000419879-uc002wls.2-uc010zqv.1	0.999999544684	E
1	4.51041623185e-07	1	ENSP00000306920-uc003cfi.1-uc003cfj.1, ENSP00000316649-uc002yck.1-uc002ycl.1, ENSP00000353458-uc001wsk.2-uc001wsl.2, ENSP00000415034-uc003cqp.2-uc010hjo.1	0.999999548958	E
1	4.48129169485e-07	1	ENSP00000265872-uc001joo.2-uc010qjb.1, ENSP00000328103-uc003ala.1-uc003akx.1, ENSP00000354360-uc004caa.1-uc010mze.1, ENSP00000359819-uc004eyb.2-uc010nrv.2	0.999999551871	E
1	4.45676330123e-07	1	ENSP00000299575-uc002ffz.1-uc010vnn.1, ENSP00000322343-uc004apr.2-uc004apu.2, ENSP00000336888-uc002mpf.2-uc002mpi.2, ENSP00000347445-uc002cwl.2-uc010uxk.1	0.999999554324	E
1	4.45378456931e-07	1	ENSP00000270570-uc002gvy.1-uc010cqp.1, ENSP00000298229-uc001osf.2-uc001osg.2, ENSP00000310841-uc002fjw.2-uc010vot.1, ENSP00000464306-uc001eoc.1-uc001eod.1	0.999999554622	E
1	4.38705961867e-07	1	ENSP00000270570-uc002gvy.1-uc010cqp.1, ENSP00000320794, ENSP00000329867-uc001ouw.2-uc001oux.2, ENSP00000334229-uc001rfq.2-uc010sir.1	0.999999561294	E
1	4.38705961867e-07	1	ENSP00000261475-uc001wss.2-uc001wst.2, ENSP00000307491-uc003cit.2-uc003ciu.2, ENSP00000351338-uc003csx.2-uc003cst.2, ENSP00000371535-uc003grg.2-uc003grh.2	0.999999561294	E
1	4.3602994018e-07	1	ENSP00000272638-uc002tur.2-uc002tut.2, ENSP00000285021-uc011ave.1-uc011avf.1, ENSP00000364889-uc010tjo.1-uc001vrv.3, ENSP00000365637-uc001iru.3-uc001isa.1	0.99999956397	E
1	4.27539095594e-07	1	ENSP00000256079-uc001rjd.2-uc001rje.1, ENSP00000295373-uc002rrf.2-uc002rrd.3, ENSP00000334229-uc001rfq.2-uc010sir.1, ENSP00000413507-uc011kav.1-uc003tey.2	0.999999572461	E
1	4.26918569476e-07	1	ENSP00000219070-uc002ehz.3-uc002eia.3, ENSP00000226578-uc003hwg.2-uc011ces.1, ENSP00000374029-uc003ltj.2-uc011dcn.1, ENSP00000417132-uc003ddx.2-uc010hmh.2	0.999999573082	E
1	4.24601101605e-07	1	ENSP00000316924-uc002wub.2-uc010gdc.2, ENSP00000376362-uc001tui.1-uc001tuh.2, ENSP00000378857-uc003cvj.2-uc011bby.1, ENSP00000415332-uc002uni.3-uc002unh.3	0.999999575399	E
1	4.17595091769e-07	1	ENSP00000005587-uc003syc.2-uc011jzj.1, ENSP00000256854-uc002lgs.2-uc010xea.1, ENSP00000328023-uc001qdh.2-uc010sbm.1, ENSP00000330470-uc003akk.2-uc003aki.2	0.999999582405	E
1	4.16932539923e-07	1	ENSP00000251582-uc003mjw.2-uc011dgm.1, ENSP00000269217-uc002kus.3-uc002kut.3, ENSP00000320688-uc003etr.2-uc011bmz.1, ENSP00000440495-uc010xim.1-uc002mbr.3	0.999999583068	E
1	4.11923105201e-07	1	ENSP00000264638-uc002iay.2-uc010wgs.1, ENSP00000286186-uc002uxj.1-uc010ftb.1, ENSP00000326534-uc001zpc.2-uc001zpb.2, ENSP00000392105-uc010ppm.1-uc001gvo.2	0.999999588077	E
1	4.09225984232e-07	1	ENSP00000257966-uc001spn.2-uc010srx.1, ENSP00000303279-uc001hmc.2-uc001hmd.2, ENSP00000366502-uc010oag.1-uc001aqf.2, ENSP00000404602-uc003soy.1-uc011jwj.1	0.999999590774	E
1	3.99781377535e-07	1	ENSP00000255977-uc003vvt.2-uc011krd.1, ENSP00000299608-uc002lkf.2-uc010xez.1, ENSP00000326804-uc003wey.2-uc003wez.2, ENSP00000336775-uc002bup.2-uc002buq.2	0.999999600219	E
1	3.99139145455e-07	1	ENSP00000294785-uc001fvx.2-uc010pjg.1, ENSP00000318012-uc004bvu.3-uc011mbj.1, ENSP00000355299-uc001gqt.3-uc001gqu.3, ENSP00000384203-uc003oqt.1-uc003oqr.1	0.999999600861	E
1	3.93259731279e-07	1	ENSP00000260453-uc002adr.2-uc010bfo.2, ENSP00000331682-uc002zsl.1-uc011ahr.1, ENSP00000347444-uc004axj.2-uc011luy.1, ENSP00000362590-uc003onn.2-uc003onp.2	0.99999960674	E
1	3.92441748387e-07	1	ENSP00000323302-uc001tbc.2-uc009zsq.2, ENSP00000344214-uc001vna.2-uc010tij.1, ENSP00000362298-uc001jrm.2-uc009xqk.2, ENSP00000385478-uc010ktx.2-uc010kty.2	0.999999607558	E
1	3.91462784649e-07	1	ENSP00000305924-uc001ycs.1-uc001ycr.2, ENSP00000349636-uc002itb.2-uc002ita.2, ENSP00000380869-uc010tlt.1-uc010ain.2, ENSP00000404684-uc003cui.2-uc003cuk.2	0.999999608537	E
1	3.91316187745e-07	1	ENSP00000328103-uc003ala.1-uc003akx.1, ENSP00000361009-uc002xtw.1-uc002xtv.1, ENSP00000369887-uc002afp.2-uc002afn.2, ENSP00000458290-uc002klh.3-uc010dkj.2	0.999999608684	E
1	3.91316187745e-07	1	ENSP00000246957-uc002cvt.3-uc010uxf.1, ENSP00000265846-uc003sjo.3-uc003sjm.3, ENSP00000305533-uc003hnt.2-uc003hnv.2, ENSP00000352510-uc001ylw.1-uc010txx.1	0.999999608684	E
1	3.90241969611e-07	1	ENSP00000221200-uc003xeo.2-uc011lad.1, ENSP00000289407-uc003vop.1-uc003voq.1, ENSP00000374185-uc010ydh.1-uc002pyl.1, ENSP00000386935-uc010ncb.2-uc004cla.3	0.999999609758	E
1	3.90175681499e-07	1	ENSP00000277458-uc004byf.1-uc011mbt.1, ENSP00000322323-uc003sip.2-uc011jvn.1, ENSP00000352645-uc003tvn.2-uc011kef.1, ENSP00000415889-uc003wut.1-uc011kxl.1	0.999999609824	E
1	3.89406431535e-07	1	ENSP00000262982-uc002xty.2-uc010ghy.2, ENSP00000294066-uc001obh.2-uc001obg.2, ENSP00000303147-uc002spr.2-uc010fgk.2, ENSP00000317232-uc002hxv.2-uc002hxw.1	0.999999610594	E
1	3.88266420783e-07	1	ENSP00000278903-uc001qca.2-uc010sbf.1, ENSP00000316739-uc001bes.2-uc001ber.2, ENSP00000445725-uc003xpm.2-uc010lxp.2, ENSP00000462311-uc002llm.1-uc010dqs.2	0.999999611734	E
1	3.84184595106e-07	1	ENSP00000281471-uc001rkq.3-uc009zjs.2, ENSP00000285021-uc011ave.1-uc011avf.1, ENSP00000355180-uc002zhu.1-uc002zhw.1, ENSP00000417548-uc001msx.2-uc009yjn.1	0.999999615815	E
1	3.82765344622e-07	1	ENSP00000202556-uc001yof.1-uc010awv.1, ENSP00000367830-uc001aiq.2-uc009vla.2, ENSP00000376333-uc002joh.2-uc010wsd.1, ENSP00000404602-uc003soy.1-uc011jwj.1	0.999999617235	E
1	3.80866032633e-07	1	ENSP00000300658-uc002hsj.2-uc010cvy.2, ENSP00000343027-uc003uhb.1-uc011kgt.1, ENSP00000361818-uc002xnu.2-uc010zws.1, ENSP00000381204-uc001pha.2-uc009yxc.2	0.999999619134	E
1	3.80057642526e-07	1	ENSP00000286186-uc002uxj.1-uc010ftb.1, ENSP00000313885-uc002jnz.3-uc002job.3, ENSP00000376333-uc002joh.2-uc010wsd.1, ENSP00000385812-uc003apr.2-uc011amr.1	0.999999619942	E
1	3.78168187217e-07	1	ENSP00000263736-uc002rus.2-uc010yoc.1, ENSP00000307023-uc002raf.1-uc010yjc.1, ENSP00000386626-uc002tzd.3-uc010zch.1, ENSP00000471074-uc002xfh.2-uc002xfg.2	0.999999621832	E
1	3.77520134027e-07	1	ENSP00000248248-uc002fez.2-uc010vng.1, ENSP00000264832-uc002mnq.2-uc010xle.1, ENSP00000316739-uc001bes.2-uc001ber.2, ENSP00000346246-uc002ppo.2-uc010enk.2	0.99999962248	E
1	3.75258597328e-07	1	ENSP00000257700-uc003vda.1-uc010ljj.1, ENSP00000348407-uc003bfk.2-uc003bfl.2, ENSP00000369519-uc003zph.2-uc011lnl.1, ENSP00000420533-uc003gdq.3-uc003gds.3	0.999999624741	E
1	3.70804865838e-07	1	ENSP00000301011-uc002fky.2-uc002fkz.2, ENSP00000312066-uc002jqk.1-uc002jqj.1, ENSP00000360031-uc001knf.2-uc001kne.2, ENSP00000401133-uc010ujs.1-uc010ujt.1	0.999999629195	E
1	3.63438341296e-07	1	ENSP00000262809-uc002njh.2-uc002njg.2, ENSP00000352645-uc003tvn.2-uc011kef.1, ENSP00000354360-uc004caa.1-uc010mze.1, ENSP00000357841-uc001eym.2-uc010pdg.1	0.999999636562	E
1	3.60879588049e-07	1	ENSP00000260803-uc003erv.2-uc003ert.2, ENSP00000284503-uc003wue.2-uc003wuf.2, ENSP00000320663-uc002rsi.2-uc010ynv.1, ENSP00000330237-uc001awn.2-uc001awo.2	0.99999963912	E
1	3.60345827709e-07	1	ENSP00000287295-uc004evg.2-uc004evi.2, ENSP00000343129-uc001pwz.2-uc001pwy.2, ENSP00000352645-uc003tvn.2-uc011kef.1, ENSP00000386722-uc009ytl.2-uc001oth.3	0.999999639654	E
1	3.57198766634e-07	1	ENSP00000249075-uc003agz.2-uc011aks.1, ENSP00000252015-uc002xbk.2-uc010zuq.1, ENSP00000261819-uc001uag.2-uc010szv.1, ENSP00000358335-uc003pnz.1-uc003pny.1	0.999999642801	E
1	3.56856189656e-07	1	ENSP00000234420-uc002rwd.3-uc010yoi.1, ENSP00000330060-uc003cfc.1-uc010hfw.1, ENSP00000336923-uc003ilf.2-uc003ili.2, ENSP00000383700	0.999999643144	E
1	3.5621906996e-07	1	ENSP00000295448-uc003gwy.2-uc011bzb.1, ENSP00000297044-uc003spt.2-uc011jws.1, ENSP00000346246-uc002ppo.2-uc010enk.2, ENSP00000381693-uc001jve.2-uc009xrn.1	0.999999643781	E
1	3.54379091248e-07	1	ENSP00000261047-uc003dxj.2-uc003dxk.2, ENSP00000290231-uc002xre.2-uc002xrc.2, ENSP00000302728-uc003tun.2-uc011kdt.1, ENSP00000314420-uc002gkd.2-uc010cns.2	0.999999645621	E
1	3.53731371474e-07	1	ENSP00000245541-uc002jni.1-uc002jnj.1, ENSP00000353533-uc003eil.2-uc011bkh.1, ENSP00000358605-uc001kzc.3-uc001kzb.2, ENSP00000368799-uc001uxu.1-uc010ace.1	0.999999646269	E
1	3.53486112685e-07	1	ENSP00000260803-uc003erv.2-uc003ert.2, ENSP00000268482-uc002fcb.2-uc010vmp.1, ENSP00000320663-uc002rsi.2-uc010ynv.1, ENSP00000411032-uc002oyg.1-uc010ejd.2	0.999999646514	E
1	3.53299000959e-07	1	ENSP00000261531-uc001xuf.2-uc010asu.2, ENSP00000363894-uc004bci.2-uc004bcj.1, ENSP00000458302-uc003uae.1-uc003uaf.1, ENSP00000471888-uc010vhz.1-uc010vhw.1	0.999999646701	E
1	3.4534538952e-07	1	ENSP00000239007-uc001kza.2-uc009xxu.2, ENSP00000311165-uc003tbv.1-uc010kwf.1, ENSP00000362804-uc001jnh.3-uc009xpq.2, ENSP00000373783-uc003xdh.1-uc010lty.1	0.999999654655	E
1	3.45210952235e-07	1	ENSP00000353292-uc001qnw.2-uc001qnv.2, ENSP00000367024-uc009yoz.2-uc010rmy.1, ENSP00000394966-uc001cbh.1-uc001cbf.1, ENSP00000428924-uc003xsk.3-uc003xsl.3	0.999999654789	E
1	3.44656303272e-07	1	ENSP00000368031-uc001aga.1-uc001agb.1, ENSP00000414558-uc001wgm.2-uc010tnb.1, ENSP00000436901-uc001odm.2-uc010roe.1, ENSP00000467437-uc002jwj.2-uc002jwl.2	0.999999655344	E
1	3.39201321717e-07	1	ENSP00000253024-uc002qtg.1-uc002qth.1, ENSP00000268489, ENSP00000419098-uc004cdd.2-uc004cdc.2, ENSP00000471771-uc004eay.3-uc010nll.2	0.999999660799	E
1	3.37342280833e-07	1	ENSP00000312734-uc002alz.2-uc010uih.1, ENSP00000325326-uc002xqw.2-uc002xqv.2, ENSP00000367024-uc009yoz.2-uc010rmy.1, ENSP00000399828-uc003gfr.2-uc003gfn.2	0.999999662658	E
1	3.37275500007e-07	1	ENSP00000297837-uc004ayu.2-uc004ayv.1, ENSP00000387006-uc002unp.2-uc002uno.2, ENSP00000417401-uc002yfm.2-uc002yfl.1, ENSP00000439856-uc002nei.1-uc010xpg.1	0.999999662725	E
1	3.34655421416e-07	1	ENSP00000246505-uc010tjw.1-uc001vtf.2, ENSP00000261173-uc001tbh.2-uc009zsr.2, ENSP00000264266-uc003fcl.1-uc011box.1, ENSP00000336630-uc003aab.2-uc011ajs.1	0.999999665345	E
1	3.33308790826e-07	1	ENSP00000310129-uc003fnn.1-uc011brk.1, ENSP00000379006-uc002ape.3-uc010ujb.1, ENSP00000393860-uc003xmi.3-uc011lce.1, ENSP00000401980-uc002wjw.3-uc002wjy.3	0.999999666691	E
1	3.30941252762e-07	1	ENSP00000343405-uc001jux.2-uc010qkq.1, ENSP00000363753-uc004bdn.2-uc010mtr.2, ENSP00000373390, ENSP00000380837-uc002zil.2-uc011afv.1	0.999999669059	E
1	3.30404857101e-07	1	ENSP00000358262-uc001epm.3-uc009wji.2, ENSP00000361245-uc009vxk.2-uc001cmx.3, ENSP00000369695-uc003zoe.2-uc011lnf.1, ENSP00000401980-uc002wjw.3-uc002wjy.3	0.999999669595	E
1	3.29679344767e-07	1	ENSP00000308032-uc002opw.2-uc010xvx.1, ENSP00000345789-uc002lrz.2-uc002lsd.2, ENSP00000350967-uc002kzk.1-uc002kzo.1, ENSP00000400065-uc003afi.2-uc011ako.1	0.999999670321	E
1	3.29654004806e-07	1	ENSP00000265742-uc003ulw.2-uc010lew.1, ENSP00000299638-uc002aet.3-uc002aeu.3, ENSP00000395007-uc010lpi.2-uc003wfw.2, ENSP00000445725-uc003xpm.2-uc010lxp.2	0.999999670346	E
1	3.25162538358e-07	1	ENSP00000325269-uc003vfc.2-uc003vez.2, ENSP00000327009-uc002rmv.2-uc002rmw.2, ENSP00000336888-uc002mpf.2-uc002mpi.2, ENSP00000419879-uc002wls.2-uc010zqv.1	0.999999674838	E
1	3.19771198133e-07	1	ENSP00000293350-uc002pnt.2-uc010yat.1, ENSP00000359830-uc001dhu.2-uc009wca.1, ENSP00000369677-uc002rii.3-uc002rik.3, ENSP00000417980-uc011mfc.1-uc004coe.2	0.999999680229	E
1	3.18270925303e-07	1	ENSP00000242209-uc003tdh.2-uc011kam.1, ENSP00000311997, ENSP00000341874-uc002kui.3-uc010xat.1, ENSP00000354560-uc001ggv.2-uc010plx.1	0.999999681729	E
1	3.12856461605e-07	1	ENSP00000268603-uc002eoi.2-uc010cdn.2, ENSP00000297044-uc003spt.2-uc011jws.1, ENSP00000305483-uc001ifc.1-uc001ifd.1, ENSP00000365757-uc001irl.3-uc010qcu.1	0.999999687144	E
1	3.09257413314e-07	1	ENSP00000219689-uc002dll.2-uc002dlk.2, ENSP00000264669-uc003jeb.2-uc003jec.2, ENSP00000330470-uc003akk.2-uc003aki.2, ENSP00000387133-uc010mda.1-uc010mdb.1	0.999999690743	E
1	3.0911718855e-07	1	ENSP00000294179-uc001nvh.2-uc010rmi.1, ENSP00000361009-uc002xtw.1-uc002xtv.1, ENSP00000370023-uc002rgy.2-uc010yks.1, ENSP00000381008	0.999999690883	E
1	3.05544847806e-07	1	ENSP00000312244-uc004cuw.2-uc004cux.2, ENSP00000348359-uc001ptt.2-uc009zai.1, ENSP00000418823-uc002ehr.2-uc002ehs.2, ENSP00000457354-uc002fhe.2-uc002fhd.2	0.999999694455	E
1	2.99023149984e-07	1	ENSP00000324882-uc003vko.2-uc011kny.1, ENSP00000337746-uc002njd.1-uc002njf.1, ENSP00000347005-uc003vux.2-uc011kqs.1, ENSP00000436604-uc001tbd.2-uc001tbe.2	0.999999700977	E
1	2.95662493786e-07	1	ENSP00000005178-uc003uoa.2-uc003unz.2, ENSP00000322343-uc004apr.2-uc004apu.2, ENSP00000355623-uc001hub.2-uc009xfh.1, ENSP00000369681-uc002amf.2-uc010uik.1	0.999999704338	E
1	2.94818309481e-07	1	ENSP00000255759-uc002dec.1-uc002ded.1, ENSP00000258145-uc001ssg.3-uc001ssf.2, ENSP00000327179-uc002ews.3-uc010cfi.2, ENSP00000362656-uc004bpc.2-uc010mws.2	0.999999705182	E
1	2.930955718e-07	1	ENSP00000250896-uc002lus.2-uc002luq.1, ENSP00000336914-uc004asz.2-uc011luc.1, ENSP00000382034-uc003obw.2-uc010juc.1, ENSP00000469583-uc010rye.1-uc001pti.2	0.999999706904	E
1	2.91118412008e-07	1	ENSP00000251119-uc001xka.2-uc010tsz.1, ENSP00000262394-uc002gzd.1-uc002gze.1, ENSP00000351042-uc002nqi.2-uc002nqh.2, ENSP00000385746-uc004dag.2-uc010nfs.2	0.999999708882	E
1	2.89836597647e-07	1	ENSP00000260506-uc001dpw.2-uc010otl.1, ENSP00000294794-uc001gbu.2-uc001gbt.2, ENSP00000356574-uc001gnz.2-uc001goc.2, ENSP00000380651-uc001vnn.1-uc001vnm.1	0.999999710163	E
1	2.88043494907e-07	1	ENSP00000296595-uc003kjc.2-uc011ctx.1, ENSP00000327009-uc002rmv.2-uc002rmw.2, ENSP00000361009-uc002xtw.1-uc002xtv.1, ENSP00000377864-uc001ses.2-uc001sev.2	0.999999711957	E
1	2.86538795332e-07	1	ENSP00000285381-uc003ydj.2-uc011lfv.1, ENSP00000296473-uc003cxz.2-uc003cya.2, ENSP00000378056-uc002blh.2-uc002bll.2, ENSP00000440045-uc001tqk.3-uc009zvn.2	0.999999713461	E
1	2.85725595369e-07	1	ENSP00000265651-uc001muz.2-uc010rej.1, ENSP00000298229-uc001osf.2-uc001osg.2, ENSP00000303147-uc002spr.2-uc010fgk.2, ENSP00000344214-uc001vna.2-uc010tij.1	0.999999714274	E
1	2.85642531345e-07	1	ENSP00000265140-uc003kkr.3-uc003kks.2, ENSP00000334143-uc002vxx.3-uc002vxy.2, ENSP00000336914-uc004asz.2-uc011luc.1, ENSP00000358635-uc003pla.2-uc003pkz.2	0.999999714358	E
1	2.84774214457e-07	1	ENSP00000332256-uc002bwn.3-uc010bpb.2, ENSP00000342222-uc002gpy.2-uc002gpz.2, ENSP00000347005-uc003vux.2-uc011kqs.1, ENSP00000376178-uc001uio.2-uc001uip.2	0.999999715226	E
1	2.84459959634e-07	1	ENSP00000255499-uc004eml.2-uc004emk.2, ENSP00000264424-uc003ipc.2-uc003ipd.2, ENSP00000301475-uc010dwg.1-uc010xkh.1, ENSP00000345772-uc003oku.3-uc010jvx.2	0.99999971554	E
1	2.8028715613e-07	1	ENSP00000258145-uc001ssg.3-uc001ssf.2, ENSP00000265594-uc003fle.2-uc003flf.2, ENSP00000326604-uc003wmw.3-uc003wmv.3, ENSP00000327154-uc003owr.2-uc003ows.2	0.999999719713	E
1	2.78629863585e-07	1	ENSP00000282003-uc001vkw.1-uc010afc.2, ENSP00000354957-uc004ahr.2-uc011lry.1, ENSP00000383411-uc002yju.1-uc010gky.1, ENSP00000389998-uc011lgk.1-uc011lgl.1	0.99999972137	E
1	2.7840264328e-07	1	ENSP00000226067-uc002iug.1-uc010dce.1, ENSP00000323973-uc003emn.2-uc003ems.2, ENSP00000347532-uc009xyw.2-uc001lcy.3, ENSP00000349708-uc001byh.2-uc010oht.1	0.999999721597	E
1	2.78256811448e-07	1	ENSP00000256649-uc001egz.2-uc001eha.2, ENSP00000268603-uc002eoi.2-uc010cdn.2, ENSP00000332256-uc002bwn.3-uc010bpb.2, ENSP00000350967-uc002kzk.1-uc002kzo.1	0.999999721743	E
1	2.78256811448e-07	1	ENSP00000260649-uc002ruc.3-uc002rue.3, ENSP00000314193-uc002uql.1-uc002uqo.1, ENSP00000363753-uc004bdn.2-uc010mtr.2, ENSP00000461672-uc002kal.1-uc002kai.1	0.999999721743	E
1	2.77972724726e-07	1	ENSP00000304592-uc002kdu.2-uc002kdv.1, ENSP00000358918-uc001kvy.1-uc009xxe.1, ENSP00000403476-uc010oia.1-uc010oib.1, ENSP00000454552-uc002fec.2-uc002fed.1	0.999999722027	E
1	2.76067616016e-07	1	ENSP00000290866-uc002jau.1-uc002jav.1, ENSP00000317214-uc004epc.1-uc011msu.1, ENSP00000340626, ENSP00000419279-uc003vus.2-uc011kqq.1	0.999999723932	E
1	2.75512429743e-07	1	ENSP00000245206-uc002eof.1-uc010vim.1, ENSP00000256398-uc003xgo.3-uc011lat.1, ENSP00000257527-uc003lwz.2-uc003lwy.2, ENSP00000359819-uc004eyb.2-uc010nrv.2	0.999999724488	E
1	2.70748162904e-07	1	ENSP00000217909-uc004erd.2-uc011mtt.1, ENSP00000287295-uc004evg.2-uc004evi.2, ENSP00000418823-uc002ehr.2-uc002ehs.2, ENSP00000439966-uc001suc.2-uc010sti.1	0.999999729252	E
1	2.70426363896e-07	1	ENSP00000289407-uc003vop.1-uc003voq.1, ENSP00000308032-uc002opw.2-uc010xvx.1, ENSP00000364493-uc004aur.2-uc011luh.1, ENSP00000385575-uc003hly.3-uc003hlx.1	0.999999729574	E
1	2.70174492305e-07	1	ENSP00000260453-uc002adr.2-uc010bfo.2, ENSP00000264350-uc003hrt.2-uc011cdm.1, ENSP00000364037-uc004bas.2-uc011lvf.1, ENSP00000414224-uc002tmk.2-uc010yys.1	0.999999729826	E
1	2.68319219092e-07	1	ENSP00000230901-uc003lcg.2-uc011cyl.1, ENSP00000317272, ENSP00000370023-uc002rgy.2-uc010yks.1, ENSP00000445725-uc003xpm.2-uc010lxp.2	0.999999731681	E
1	2.63021804288e-07	1	ENSP00000295373-uc002rrf.2-uc002rrd.3, ENSP00000327214-uc001baa.2-uc001azz.1, ENSP00000378394-uc001jsm.2-uc001jsl.2, ENSP00000426968-uc010iqc.2-uc003ioz.2	0.999999736978	E
1	2.62855283114e-07	1	ENSP00000256496-uc003bqg.2-uc011asy.1, ENSP00000260600-uc002rfs.3-uc002rfr.3, ENSP00000261733-uc001tst.2-uc010syi.1, ENSP00000352282-uc001www.2-uc010tqg.1	0.999999737145	E
1	2.62552873159e-07	1	ENSP00000359245, ENSP00000362884-uc001brw.2-uc001brx.2, ENSP00000376930-uc003emz.3-uc011blc.1, ENSP00000383401-uc002kod.1-uc002kof.2	0.999999737447	E
1	2.61669866038e-07	1	ENSP00000260600-uc002rfs.3-uc002rfr.3, ENSP00000369695-uc003zoe.2-uc011lnf.1, ENSP00000373347-uc003brf.1-uc003brg.1, ENSP00000381008	0.99999973833	E
1	2.60445031484e-07	1	ENSP00000253363-uc002xeb.2-uc002xea.2, ENSP00000259395-uc004bbg.1-uc011lvk.1, ENSP00000261308-uc003jtv.3-uc011cqw.1, ENSP00000393978-uc002pfj.2-uc002pfd.2	0.999999739555	E
1	2.597946076e-07	1	ENSP00000223061-uc003uvo.2-uc003uvp.1, ENSP00000295797-uc003fgs.2-uc003fgt.2, ENSP00000327154-uc003owr.2-uc003ows.2, ENSP00000352447-uc001hfd.2-uc009xcb.1	0.999999740205	E
1	2.57440871341e-07	1	ENSP00000247956-uc002mku.2-uc002mkw.2, ENSP00000248846-uc003bkb.1-uc010has.1, ENSP00000311949-uc001gew.2-uc001gez.2, ENSP00000316054-uc003fms.2-uc003fmu.2	0.999999742559	E
1	2.5533275312e-07	1	ENSP00000238823-uc002rpa.1-uc010ynd.1, ENSP00000263212-uc002zvp.1-uc011aik.1, ENSP00000362285-uc001jrr.3-uc001jru.3, ENSP00000366522-uc003zds.1-uc011llk.1	0.999999744667	E
1	2.51844323356e-07	1	ENSP00000352288-uc003bkv.3-uc003bkt.1, ENSP00000362649-uc001bvb.1-uc010ohf.1, ENSP00000375936-uc002vkw.1-uc002vky.2, ENSP00000407193-uc002jhc.2-uc002jhb.1	0.999999748156	E
1	2.51787287632e-07	1	ENSP00000254322-uc002myz.1-uc010xnr.1, ENSP00000269701-uc002nav.2-uc010dzy.2, ENSP00000312244-uc004cuw.2-uc004cux.2, ENSP00000359830-uc001dhu.2-uc009wca.1	0.999999748213	E
1	2.51372488666e-07	1	ENSP00000300658-uc002hsj.2-uc010cvy.2, ENSP00000359364-uc002yeh.2-uc011aaq.1, ENSP00000368799-uc001uxu.1-uc010ace.1, ENSP00000376733-uc003etv.2-uc011bnb.1	0.999999748628	E
1	2.51153593154e-07	1	ENSP00000261658-uc002dco.2-uc010uzh.1, ENSP00000266022-uc003cyc.2-uc011bdi.1, ENSP00000322323-uc003sip.2-uc011jvn.1, ENSP00000387133-uc010mda.1-uc010mdb.1	0.999999748846	E
1	2.47022392631e-07	1	ENSP00000301831-uc003ckv.3-uc003cku.3, ENSP00000310244-uc001zke.3-uc010bbg.2, ENSP00000399828-uc003gfr.2-uc003gfn.2, ENSP00000469583-uc010rye.1-uc001pti.2	0.999999752978	E
1	2.46251345881e-07	1	ENSP00000222145-uc002pki.2-uc002pkh.2, ENSP00000262031-uc001sln.2-uc010sqp.1, ENSP00000307023-uc002raf.1-uc010yjc.1, ENSP00000328023-uc001qdh.2-uc010sbm.1	0.999999753749	E
1	2.46027333684e-07	1	ENSP00000317232-uc002hxv.2-uc002hxw.1, ENSP00000324944-uc003ncx.1-uc011dji.1, ENSP00000358060-uc001euq.2-uc009wlt.2, ENSP00000419446-uc003xmr.2-uc003xms.2	0.999999753973	E
1	2.44456920943e-07	1	ENSP00000287169-uc001nkx.1-uc001nky.1, ENSP00000384338-uc002twh.2-uc010zbn.1, ENSP00000386181-uc002uln.2-uc010zfc.1, ENSP00000416892-uc003auf.2-uc003auh.2	0.999999755543	E
1	2.43575559077e-07	1	ENSP00000286186-uc002uxj.1-uc010ftb.1, ENSP00000291358-uc001bum.2-uc010ogz.1, ENSP00000376362-uc001tui.1-uc001tuh.2, ENSP00000436958-uc001pbl.2-uc001pbk.2	0.999999756424	E
1	2.42965117121e-07	1	ENSP00000223357-uc003tkb.2-uc003tkd.2, ENSP00000337008-uc001dnw.2-uc001dnx.2, ENSP00000402515, ENSP00000474435-uc002hjr.2-uc010wcj.1	0.999999757035	E
1	2.42170417955e-07	1	ENSP00000257527-uc003lwz.2-uc003lwy.2, ENSP00000347416-uc002lva.2-uc010dsv.2, ENSP00000349428-uc002lpp.2-uc002lps.2, ENSP00000443442-uc001ria.2-uc001rif.1	0.99999975783	E
1	2.39382499276e-07	1	ENSP00000263980-uc001bnm.2-uc001bnl.2, ENSP00000300249-uc002kyg.2-uc010xcd.1, ENSP00000330671, ENSP00000368076-uc002fbm.1-uc010vml.1	0.999999760618	E
1	2.38527215894e-07	1	ENSP00000306920-uc003cfi.1-uc003cfj.1, ENSP00000339486-uc001xxj.2-uc010atj.2, ENSP00000367196-uc003zyz.2-uc003zyy.1, ENSP00000378130-uc003hzr.3-uc003hzq.2	0.999999761473	E
1	2.38055221116e-07	1	ENSP00000229854-uc003pan.1-uc011dwu.1, ENSP00000253490-uc003mdk.2-uc010jjy.1, ENSP00000267859-uc010uhc.1-uc002agi.3, ENSP00000316924-uc002wub.2-uc010gdc.2	0.999999761945	E
1	2.35880082198e-07	1	ENSP00000297990-uc003zsz.2-uc003zsy.2, ENSP00000362656-uc004bpc.2-uc010mws.2, ENSP00000379411-uc002dhg.3-uc002dhh.3, ENSP00000385030-uc002rgu.2-uc010ykr.1	0.99999976412	E
1	2.32351673583e-07	1	ENSP00000221200-uc003xeo.2-uc011lad.1, ENSP00000318883-uc002zmw.2-uc002zna.2, ENSP00000345308-uc009wot.2-uc010pen.1, ENSP00000346762-uc003vmi.2-uc010lle.2	0.999999767648	E
1	2.27577247186e-07	1	ENSP00000285021-uc011ave.1-uc011avf.1, ENSP00000378438-uc002azq.3-uc002azr.3, ENSP00000391524-uc011arv.1-uc011aru.1, ENSP00000400065-uc003afi.2-uc011ako.1	0.999999772423	E
1	2.25714001872e-07	1	ENSP00000287295-uc004evg.2-uc004evi.2, ENSP00000370761-uc001rgn.2-uc001rgo.2, ENSP00000422464-uc003iph.1-uc011cir.1, ENSP00000469583-uc010rye.1-uc001pti.2	0.999999774286	E
1	2.24332685388e-07	1	ENSP00000262031-uc001sln.2-uc010sqp.1, ENSP00000354529, ENSP00000413851-uc002kud.2-uc002kub.2, ENSP00000422464-uc003iph.1-uc011cir.1	0.999999775667	E
1	2.21811334586e-07	1	ENSP00000345810-uc002wze.1-uc002wzj.1, ENSP00000384797, ENSP00000396205-uc011mad.1-uc010mxi.2, ENSP00000464306-uc001eoc.1-uc001eod.1	0.999999778189	E
1	2.2173183394e-07	1	ENSP00000296051-uc003ewu.1-uc011bnq.1, ENSP00000296350-uc003fxk.3-uc003fxl.3, ENSP00000337313-uc001ucn.2-uc001ucl.2, ENSP00000366502-uc010oag.1-uc001aqf.2	0.999999778268	E
1	2.20765216274e-07	1	ENSP00000312618-uc003ela.3-uc003ele.2, ENSP00000412394, ENSP00000437271-uc001njs.2-uc001njp.2, ENSP00000445725-uc003xpm.2-uc010lxp.2	0.999999779235	E
1	2.17008871549e-07	1	ENSP00000230859-uc003jdx.1-uc010itl.1, ENSP00000329419-uc003etf.3-uc011bmv.1, ENSP00000361818-uc002xnu.2-uc010zws.1, ENSP00000436619-uc004aiq.2-uc004air.2	0.999999782991	E
1	2.14384358487e-07	1	ENSP00000261292-uc002ldv.2-uc010xdh.1, ENSP00000289968-uc002dnb.2-uc002dmw.2, ENSP00000328287-uc003cxh.2-uc003cxi.2, ENSP00000417601-uc003cfp.2-uc011axp.1	0.999999785616	E
1	2.10571014369e-07	1	ENSP00000226004-uc002ied.3-uc002ief.1, ENSP00000249075-uc003agz.2-uc011aks.1, ENSP00000349824-uc004cxv.1-uc004cxw.1, ENSP00000359233-uc001dqn.3-uc009wdr.2	0.999999789429	E
1	2.09650748534e-07	1	ENSP00000263634-uc002rxg.1-uc002rxf.1, ENSP00000320076-uc002jme.1-uc010wro.1, ENSP00000366395-uc001odb.2-uc009yqc.2, ENSP00000417980-uc011mfc.1-uc004coe.2	0.999999790349	E
1	2.09650748534e-07	1	ENSP00000046794-uc003man.1-uc011des.1, ENSP00000357507-uc001fei.2-uc001fef.1, ENSP00000361818-uc002xnu.2-uc010zws.1, ENSP00000399828-uc003gfr.2-uc003gfn.2	0.999999790349	E
1	2.08508661981e-07	1	ENSP00000268099-uc002azb.1-uc002aza.1, ENSP00000320885-uc002roc.2-uc002rod.2, ENSP00000351126-uc003kod.3-uc003kof.2, ENSP00000361245-uc009vxk.2-uc001cmx.3	0.999999791491	E
1	2.03180518401e-07	1	ENSP00000301887-uc001ocf.1-uc001oce.1, ENSP00000401133-uc010ujs.1-uc010ujt.1, ENSP00000419279-uc003vus.2-uc011kqq.1, ENSP00000462664-uc002lfj.3-uc010dpg.2	0.99999979682	E
1	2.02897512947e-07	1	ENSP00000294794-uc001gbu.2-uc001gbt.2, ENSP00000338258-uc002jjo.2-uc002jjp.1, ENSP00000359830-uc001dhu.2-uc009wca.1, ENSP00000374185-uc010ydh.1-uc002pyl.1	0.999999797103	E
1	2.01210658949e-07	1	ENSP00000263960-uc002uuh.1-uc010fsl.1, ENSP00000329419-uc003etf.3-uc011bmv.1, ENSP00000356272-uc003qoi.2-uc011eeq.1, ENSP00000369373-uc001mbm.1-uc001mbn.2	0.999999798789	E
1	1.99984133044e-07	1	ENSP00000248054-uc002nez.1-uc010eaj.1, ENSP00000254722-uc002ftl.2-uc010cjw.2, ENSP00000265348-uc003otq.2-uc010jyh.2, ENSP00000355623-uc001hub.2-uc009xfh.1	0.999999800016	E
1	1.99780013837e-07	1	ENSP00000343027-uc003uhb.1-uc011kgt.1, ENSP00000378857-uc003cvj.2-uc011bby.1, ENSP00000396861-uc010jaf.1-uc003kga.2, ENSP00000463916-uc001etp.2-uc001etq.2	0.99999980022	E
1	1.97567907788e-07	1	ENSP00000346246-uc002ppo.2-uc010enk.2, ENSP00000356641-uc001gku.1-uc009wwv.2, ENSP00000364899-uc004arb.2-uc011ltr.1, ENSP00000393762-uc003psu.2-uc003pst.3	0.999999802432	E
1	1.94686963739e-07	1	ENSP00000334738-uc003adk.2-uc011akg.1, ENSP00000347532-uc009xyw.2-uc001lcy.3, ENSP00000389998-uc011lgk.1-uc011lgl.1, ENSP00000413272-uc003epr.2-uc003epq.2	0.999999805313	E
1	1.8980456265e-07	1	ENSP00000253363-uc002xeb.2-uc002xea.2, ENSP00000281142-uc003igp.2-uc003igo.2, ENSP00000305721-uc003pjl.1-uc011dyu.1, ENSP00000318176-uc002umf.2-uc002umd.2	0.999999810195	E
1	1.89071024503e-07	1	ENSP00000390121-uc002jbv.2-uc010wps.1, ENSP00000395007-uc010lpi.2-uc003wfw.2, ENSP00000417401-uc002yfm.2-uc002yfl.1, ENSP00000419098-uc004cdd.2-uc004cdc.2	0.999999810929	E
1	1.89071024503e-07	1	ENSP00000302728-uc003tun.2-uc011kdt.1, ENSP00000337746-uc002njd.1-uc002njf.1, ENSP00000352608, ENSP00000390121-uc002jbv.2-uc010wps.1	0.999999810929	E
1	1.87127969309e-07	1	ENSP00000326514-uc003hbf.1-uc003hbg.1, ENSP00000386725-uc002uny.2-uc002unw.2, ENSP00000414558-uc001wgm.2-uc010tnb.1, ENSP00000444443-uc010wbo.1-uc010wbp.1	0.999999812872	E
1	1.85891366924e-07	1	ENSP00000245541-uc002jni.1-uc002jnj.1, ENSP00000263816, ENSP00000275227-uc003qdw.1-uc010kgd.1, ENSP00000348359-uc001ptt.2-uc009zai.1	0.999999814109	E
1	1.83018806094e-07	1	ENSP00000239223-uc003mbv.1-uc011dez.1, ENSP00000245541-uc002jni.1-uc002jnj.1, ENSP00000369009-uc004czp.2-uc004czn.3, ENSP00000369081-uc003mxv.2-uc010jnz.2	0.999999816981	E
1	1.82218818427e-07	1	ENSP00000046794-uc003man.1-uc011des.1, ENSP00000300658-uc002hsj.2-uc010cvy.2, ENSP00000328551-uc003gmu.2-uc003gmv.2, ENSP00000369538-uc001iil.3-uc001iim.3	0.999999817781	E
1	1.81095082563e-07	1	ENSP00000300584-uc002bcy.3-uc010bla.2, ENSP00000341097, ENSP00000361818-uc002xnu.2-uc010zws.1, ENSP00000394966-uc001cbh.1-uc001cbf.1	0.999999818905	E
1	1.80270214795e-07	1	ENSP00000220751-uc003yee.2-uc003yef.2, ENSP00000278903-uc001qca.2-uc010sbf.1, ENSP00000382809-uc002yng.2-uc010glp.2, ENSP00000418754-uc011dve.1-uc010jyj.1	0.99999981973	E
1	1.79472690383e-07	1	ENSP00000005587-uc003syc.2-uc011jzj.1, ENSP00000312734-uc002alz.2-uc010uih.1, ENSP00000386609-uc002ftj.2-uc010vqq.1, ENSP00000451763-uc001xoz.1-uc010tuj.1	0.999999820527	E
1	1.79114009456e-07	1	ENSP00000414224-uc002tmk.2-uc010yys.1, ENSP00000414558-uc001wgm.2-uc010tnb.1, ENSP00000416097-uc011maw.1-uc010mxw.2, ENSP00000432332-uc001oxx.2-uc001oya.2	0.999999820886	E
1	1.77971180753e-07	1	ENSP00000005587-uc003syc.2-uc011jzj.1, ENSP00000229854-uc003pan.1-uc011dwu.1, ENSP00000245796-uc002tjc.2-uc002tjh.2, ENSP00000313854-uc003jch.2-uc003jcg.2	0.999999822029	E
1	1.76387555686e-07	1	ENSP00000316426-uc002hqi.3-uc010cvn.1, ENSP00000316578-uc002hgs.2-uc002hgt.2, ENSP00000318687-uc001utj.2-uc010tds.1, ENSP00000407843-uc001skp.3-uc001skq.3	0.999999823612	E
1	1.753271393e-07	1	ENSP00000349636-uc002itb.2-uc002ita.2, ENSP00000355623-uc001hub.2-uc009xfh.1, ENSP00000366506-uc003mdc.3-uc003mdd.2, ENSP00000370839-uc003gzj.2-uc011bzp.1	0.999999824673	E
1	1.72576441374e-07	1	ENSP00000260408-uc002afd.1-uc010ugz.1, ENSP00000273359-uc003dyk.3-uc011bhq.1, ENSP00000368079-uc003iyw.3-uc010ism.2, ENSP00000387133-uc010mda.1-uc010mdb.1	0.999999827424	E
1	1.70520988102e-07	1	ENSP00000355623-uc001hub.2-uc009xfh.1, ENSP00000362285-uc001jrr.3-uc001jru.3, ENSP00000363894-uc004bci.2-uc004bcj.1, ENSP00000365757-uc001irl.3-uc010qcu.1	0.999999829479	E
1	1.70469422897e-07	1	ENSP00000196482-uc002qsw.1-uc002qsx.1, ENSP00000278903-uc001qca.2-uc010sbf.1, ENSP00000404684-uc003cui.2-uc003cuk.2, ENSP00000405424-uc011lht.1-uc003yml.2	0.999999829531	E
1	1.67956882962e-07	1	ENSP00000264638-uc002iay.2-uc010wgs.1, ENSP00000265000-uc003isz.3-uc011ckb.1, ENSP00000316054-uc003fms.2-uc003fmu.2, ENSP00000386722-uc009ytl.2-uc001oth.3	0.999999832043	E
1	1.66839796685e-07	1	ENSP00000267859-uc010uhc.1-uc002agi.3, ENSP00000310170-uc001ogg.1-uc010ros.1, ENSP00000345895-uc003bfr.2-uc011aqn.1, ENSP00000453969-uc001zlh.3-uc010ucn.1	0.99999983316	E
1	1.65983327202e-07	1	ENSP00000327214-uc001baa.2-uc001azz.1, ENSP00000330361-uc003zfc.3-uc003zfd.2, ENSP00000356155-uc001haw.2-uc010pqv.1, ENSP00000370196-uc003blh.2-uc003blf.2	0.999999834017	E
1	1.62038365531e-07	1	ENSP00000327214-uc001baa.2-uc001azz.1, ENSP00000343617-uc002qqw.2-uc010yhp.1, ENSP00000352645-uc003tvn.2-uc011kef.1, ENSP00000383411-uc002yju.1-uc010gky.1	0.999999837962	E
1	1.60011655738e-07	1	ENSP00000259021-uc002ipm.2-uc010wmg.1, ENSP00000269919-uc002nis.1-uc010xqg.1, ENSP00000291358-uc001bum.2-uc010ogz.1, ENSP00000330060-uc003cfc.1-uc010hfw.1	0.999999839988	E
1	1.59571653965e-07	1	ENSP00000261191-uc001rhk.3-uc001rhj.3, ENSP00000331682-uc002zsl.1-uc011ahr.1, ENSP00000352447-uc001hfd.2-uc009xcb.1, ENSP00000458302-uc003uae.1-uc003uaf.1	0.999999840428	E
1	1.58540978368e-07	1	ENSP00000225577-uc002ixy.2-uc002ixz.2, ENSP00000290231-uc002xre.2-uc002xrc.2, ENSP00000327009-uc002rmv.2-uc002rmw.2, ENSP00000381204-uc001pha.2-uc009yxc.2	0.999999841459	E
1	1.57173629806e-07	1	ENSP00000263209-uc002zri.2-uc002zrj.2, ENSP00000265963-uc001moh.2-uc001moj.2, ENSP00000301887-uc001ocf.1-uc001oce.1, ENSP00000361245-uc009vxk.2-uc001cmx.3	0.999999842826	E
1	1.55442335538e-07	1	ENSP00000323302-uc001tbc.2-uc009zsq.2, ENSP00000345789-uc002lrz.2-uc002lsd.2, ENSP00000354622-uc002ici.1-uc010whi.1, ENSP00000358918-uc001kvy.1-uc009xxe.1	0.999999844558	E
1	1.54778375104e-07	1	ENSP00000301831-uc003ckv.3-uc003cku.3, ENSP00000323811-uc003caf.2-uc010hep.2, ENSP00000355897-uc001hlm.2-uc001hlo.2, ENSP00000378086-uc001xip.2-uc001xis.2	0.999999845222	E
1	1.53350652611e-07	1	ENSP00000278903-uc001qca.2-uc010sbf.1, ENSP00000300935-uc002ndn.3-uc002ndo.3, ENSP00000309487-uc003dys.1-uc003dyt.1, ENSP00000321498-uc003vvo.2-uc003vvn.2	0.999999846649	E
1	1.53035308811e-07	1	ENSP00000285021-uc011ave.1-uc011avf.1, ENSP00000316426-uc002hqi.3-uc010cvn.1, ENSP00000340062, ENSP00000445725-uc003xpm.2-uc010lxp.2	0.999999846965	E
1	1.51827292384e-07	1	ENSP00000264638-uc002iay.2-uc010wgs.1, ENSP00000329002-uc001fes.2-uc009wov.2, ENSP00000347416-uc002lva.2-uc010dsv.2, ENSP00000368076-uc002fbm.1-uc010vml.1	0.999999848173	E
1	1.51542894836e-07	1	ENSP00000295550, ENSP00000328287-uc003cxh.2-uc003cxi.2, ENSP00000341957-uc010pvb.1-uc010puz.1, ENSP00000354571-uc001ora.2-uc001orb.2	0.999999848457	E
1	1.50402232654e-07	1	ENSP00000263209-uc002zri.2-uc002zrj.2, ENSP00000337358-uc002zmf.2-uc002zme.2, ENSP00000383191-uc002zhg.2-uc002zhk.2, ENSP00000417401-uc002yfm.2-uc002yfl.1	0.999999849598	E
1	1.49325434953e-07	1	ENSP00000357507-uc001fei.2-uc001fef.1, ENSP00000417548-uc001msx.2-uc009yjn.1, ENSP00000440978-uc010swq.1-uc010swp.1, ENSP00000454657-uc001wsy.1-uc001wtc.1	0.999999850675	E
1	1.43842121345e-07	1	ENSP00000224949-uc001igt.1-uc001igs.1, ENSP00000318012-uc004bvu.3-uc011mbj.1, ENSP00000392105-uc010ppm.1-uc001gvo.2, ENSP00000414786-uc003yen.2-uc003yeo.2	0.999999856158	E
1	1.4378983161e-07	1	ENSP00000240651-uc001rew.2-uc009zir.2, ENSP00000265651-uc001muz.2-uc010rej.1, ENSP00000320043-uc003xry.2-uc011ldx.1, ENSP00000320663-uc002rsi.2-uc010ynv.1	0.99999985621	E
1	1.43021047685e-07	1	ENSP00000238714-uc002sai.2-uc010fch.2, ENSP00000264720-uc002rjw.1-uc010eyy.1, ENSP00000272638-uc002tur.2-uc002tut.2, ENSP00000353375-uc003csb.2-uc003crw.2	0.999999856979	E
1	1.41057799065e-07	1	ENSP00000260762-uc001kig.2-uc001kih.2, ENSP00000296529-uc003ipx.2-uc010iqi.2, ENSP00000333799-uc003ubr.2-uc010lca.2, ENSP00000401470-uc003azu.2-uc003azr.2	0.999999858942	E
1	1.41031107634e-07	1	ENSP00000219689-uc002dll.2-uc002dlk.2, ENSP00000220751-uc003yee.2-uc003yef.2, ENSP00000251119-uc001xka.2-uc010tsz.1, ENSP00000362824-uc004eaa.1-uc004ead.2	0.999999858969	E
1	1.40585313503e-07	1	ENSP00000268482-uc002fcb.2-uc010vmp.1, ENSP00000321330-uc002qys.2-uc002qyt.2, ENSP00000363482-uc001jcu.2-uc001jcw.2, ENSP00000425006-uc003iwu.1-uc003iws.1	0.999999859415	E
1	1.40458309633e-07	1	ENSP00000265993-uc001klb.3-uc001kla.3, ENSP00000312618-uc003ela.3-uc003ele.2, ENSP00000340062, ENSP00000377617-uc002skk.2-uc010yrp.1	0.999999859542	E
1	1.40401303114e-07	1	ENSP00000278193-uc001mrl.2-uc009yii.2, ENSP00000345308-uc009wot.2-uc010pen.1, ENSP00000386935-uc010ncb.2-uc004cla.3, ENSP00000418823-uc002ehr.2-uc002ehs.2	0.999999859599	E
1	1.40231954444e-07	1	ENSP00000246957-uc002cvt.3-uc010uxf.1, ENSP00000282003-uc001vkw.1-uc010afc.2, ENSP00000420533-uc003gdq.3-uc003gds.3, ENSP00000421202-uc003jrh.3-uc003jrk.3	0.999999859768	E
1	1.39479330265e-07	1	ENSP00000316578-uc002hgs.2-uc002hgt.2, ENSP00000334153-uc003cay.2-uc010hes.2, ENSP00000361892-uc002xnb.2-uc010ggy.2, ENSP00000444443-uc010wbo.1-uc010wbp.1	0.999999860521	E
1	1.38236927689e-07	1	ENSP00000265963-uc001moh.2-uc001moj.2, ENSP00000390121-uc002jbv.2-uc010wps.1, ENSP00000416892-uc003auf.2-uc003auh.2, ENSP00000468541-uc002mcy.2-uc002mcz.2	0.999999861763	E
1	1.37855441572e-07	1	ENSP00000261643-uc002gof.3-uc010vvt.1, ENSP00000324628-uc002kon.2-uc002koo.2, ENSP00000329419-uc003etf.3-uc011bmv.1, ENSP00000369695-uc003zoe.2-uc011lnf.1	0.999999862145	E
1	1.37630478493e-07	1	ENSP00000264669-uc003jeb.2-uc003jec.2, ENSP00000285381-uc003ydj.2-uc011lfv.1, ENSP00000356574-uc001gnz.2-uc001goc.2, ENSP00000462311-uc002llm.1-uc010dqs.2	0.99999986237	E
1	1.34720572891e-07	1	ENSP00000272462-uc002tfk.2-uc010fju.2, ENSP00000378736-uc003tus.2-uc003tuu.2, ENSP00000395007-uc010lpi.2-uc003wfw.2, ENSP00000407487-uc002bqg.2-uc002bqi.2	0.999999865279	E
1	1.33407345632e-07	1	ENSP00000327154-uc003owr.2-uc003ows.2, ENSP00000352645-uc003tvn.2-uc011kef.1, ENSP00000361355-uc001kbl.2-uc001kbo.3, ENSP00000415889-uc003wut.1-uc011kxl.1	0.999999866593	E
1	1.31280525186e-07	1	ENSP00000363753-uc004bdn.2-uc010mtr.2, ENSP00000364218-uc004aym.2-uc004ayk.2, ENSP00000367263, ENSP00000379411-uc002dhg.3-uc002dhh.3	0.999999868719	E
1	1.30629671286e-07	1	ENSP00000255499-uc004eml.2-uc004emk.2, ENSP00000311165-uc003tbv.1-uc010kwf.1, ENSP00000437271-uc001njs.2-uc001njp.2, ENSP00000445943	0.99999986937	E
1	1.29895696975e-07	1	ENSP00000261405-uc001qnn.1-uc010set.1, ENSP00000364218-uc004aym.2-uc004ayk.2, ENSP00000369009-uc004czp.2-uc004czn.3, ENSP00000380869-uc010tlt.1-uc010ain.2	0.999999870104	E
1	1.28929282235e-07	1	ENSP00000224949-uc001igt.1-uc001igs.1, ENSP00000301475-uc010dwg.1-uc010xkh.1, ENSP00000387261-uc002lbp.3-uc002lbq.3, ENSP00000443442-uc001ria.2-uc001rif.1	0.999999871071	E
1	1.28599312252e-07	1	ENSP00000312618-uc003ela.3-uc003ele.2, ENSP00000356713-uc003qho.2-uc011edm.1, ENSP00000404602-uc003soy.1-uc011jwj.1, ENSP00000419098-uc004cdd.2-uc004cdc.2	0.999999871401	E
1	1.27953970945e-07	1	ENSP00000295119-uc002upf.2-uc010zfs.1, ENSP00000311427-uc002bau.2-uc002bav.2, ENSP00000359819-uc004eyb.2-uc010nrv.2, ENSP00000377864-uc001ses.2-uc001sev.2	0.999999872046	E
1	1.24123262489e-07	1	ENSP00000251119-uc001xka.2-uc010tsz.1, ENSP00000263563-uc001jrd.3-uc001jre.3, ENSP00000313885-uc002jnz.3-uc002job.3, ENSP00000327214-uc001baa.2-uc001azz.1	0.999999875877	E
1	1.21829862958e-07	1	ENSP00000290866-uc002jau.1-uc002jav.1, ENSP00000327154-uc003owr.2-uc003ows.2, ENSP00000358335-uc003pnz.1-uc003pny.1, ENSP00000419851-uc003faq.2-uc011bom.1	0.99999987817	E
1	1.20914331863e-07	1	ENSP00000314132-uc002wbq.2-uc002wbr.2, ENSP00000339486-uc001xxj.2-uc010atj.2, ENSP00000417401-uc002yfm.2-uc002yfl.1, ENSP00000449960-uc001sef.2-uc001see.2	0.999999879086	E
1	1.1914414865e-07	1	ENSP00000308622-uc004bvj.2-uc010myd.2, ENSP00000310170-uc001ogg.1-uc010ros.1, ENSP00000332595-uc003ttz.2-uc003tub.2, ENSP00000418754-uc011dve.1-uc010jyj.1	0.999999880856	E
1	1.17677612806e-07	1	ENSP00000193322-uc003psd.2-uc003pse.1, ENSP00000262679-uc001ctd.3-uc009vzb.2, ENSP00000336750-uc002rli.1-uc010ezh.1, ENSP00000345789-uc002lrz.2-uc002lsd.2	0.999999882322	E
1	1.17427661606e-07	1	ENSP00000261173-uc001tbh.2-uc009zsr.2, ENSP00000312066-uc002jqk.1-uc002jqj.1, ENSP00000407487-uc002bqg.2-uc002bqi.2, ENSP00000430548-uc003yht.1-uc003yhu.1	0.999999882572	E
1	1.16839494022e-07	1	ENSP00000336630-uc003aab.2-uc011ajs.1, ENSP00000358335-uc003pnz.1-uc003pny.1, ENSP00000358548-uc009wgu.2-uc001efh.3, ENSP00000364493-uc004aur.2-uc011luh.1	0.999999883161	E
1	1.16780242412e-07	1	ENSP00000313869-uc003ciw.1-uc003ciz.1, ENSP00000374035-uc002iga.2-uc010wiv.1, ENSP00000377389-uc001onw.2-uc001onz.2, ENSP00000377864-uc001ses.2-uc001sev.2	0.99999988322	E
1	1.16523920196e-07	1	ENSP00000261475-uc001wss.2-uc001wst.2, ENSP00000359621-uc001dkp.2-uc001dko.2, ENSP00000360112-uc001dbs.1-uc010opb.1, ENSP00000470203-uc004fjs.1-uc010nur.2	0.999999883476	E
1	1.16211515835e-07	1	ENSP00000271657-uc001exr.2-uc010pcw.1, ENSP00000321853-uc002ftk.1-uc010vqr.1, ENSP00000352208-uc001kin.2-uc009xue.2, ENSP00000377864-uc001ses.2-uc001sev.2	0.999999883788	E
1	1.14925534809e-07	1	ENSP00000264400-uc003hmi.1-uc010ijq.1, ENSP00000355929-uc001hjz.2-uc010ptq.1, ENSP00000357110-uc003qch.2-uc003qcd.1, ENSP00000368031-uc001aga.1-uc001agb.1	0.999999885074	E
1	1.14791420296e-07	1	ENSP00000262213-uc003xyo.1-uc011lfc.1, ENSP00000313854-uc003jch.2-uc003jcg.2, ENSP00000419879-uc002wls.2-uc010zqv.1, ENSP00000440978-uc010swq.1-uc010swp.1	0.999999885209	E
1	1.14344224187e-07	1	ENSP00000262294-uc002iwz.3-uc010woc.1, ENSP00000328236-uc001ucv.2-uc010taf.1, ENSP00000347586-uc003ltq.2-uc011dcq.1, ENSP00000376930-uc003emz.3-uc011blc.1	0.999999885656	E
1	1.1398461436e-07	1	ENSP00000267484-uc001xen.1-uc001xek.1, ENSP00000368503-uc003iqa.2-uc010iqp.1, ENSP00000371811-uc001uof.2-uc010tct.1, ENSP00000450613-uc010fyv.2-uc002vxp.3	0.999999886015	E
1	1.13172587266e-07	1	ENSP00000246062-uc002wnu.1-uc010zrd.1, ENSP00000261405-uc001qnn.1-uc010set.1, ENSP00000339435-uc002fue.1-uc002fui.1, ENSP00000347924-uc001leb.2-uc001ldy.2	0.999999886827	E
1	1.12282229378e-07	1	ENSP00000233146-uc002rvy.1-uc010fbg.2, ENSP00000237596-uc003hre.2-uc011cdg.1, ENSP00000352510-uc001ylw.1-uc010txx.1, ENSP00000354837-uc001fmt.2-uc001fmq.2	0.999999887718	E
1	1.11069419613e-07	1	ENSP00000349174-uc003hwc.2-uc003hwa.1, ENSP00000349748-uc001bys.2-uc001byr.2, ENSP00000361474-uc004eng.2-uc004enf.2, ENSP00000441045-uc003gkw.3-uc003gky.2	0.999999888931	E
1	1.10243073529e-07	1	ENSP00000228280-uc001tav.2-uc009zsn.2, ENSP00000302728-uc003tun.2-uc011kdt.1, ENSP00000315768-uc001slc.2-uc001slb.2, ENSP00000470710-uc011myk.1-uc004fgx.2	0.999999889757	E
1	1.09796921365e-07	1	ENSP00000261308-uc003jtv.3-uc011cqw.1, ENSP00000261739-uc001tpx.2-uc001tqa.2, ENSP00000362656-uc004bpc.2-uc010mws.2, ENSP00000417401-uc002yfm.2-uc002yfl.1	0.999999890203	E
1	1.08784596031e-07	1	ENSP00000219473-uc002fii.2-uc010vof.1, ENSP00000286096-uc002doh.2-uc010bxw.2, ENSP00000386797-uc002tob.1-uc002toa.1, ENSP00000436958-uc001pbl.2-uc001pbk.2	0.999999891215	E
1	1.07868328758e-07	1	ENSP00000006015-uc003syx.2-uc003syy.2, ENSP00000248054-uc002nez.1-uc010eaj.1, ENSP00000323591-uc002gst.2-uc010vxq.1, ENSP00000348359-uc001ptt.2-uc009zai.1	0.999999892132	E
1	1.07585594892e-07	1	ENSP00000251143-uc002dgn.1-uc002dgp.1, ENSP00000296529-uc003ipx.2-uc010iqi.2, ENSP00000349490-uc003ass.1-uc003asr.1, ENSP00000401133-uc010ujs.1-uc010ujt.1	0.999999892414	E
1	1.07552698425e-07	1	ENSP00000262809-uc002njh.2-uc002njg.2, ENSP00000313382-uc003pfs.2-uc010kap.2, ENSP00000362285-uc001jrr.3-uc001jru.3, ENSP00000419231-uc003esl.2-uc011bmm.1	0.999999892447	E
1	1.05523798938e-07	1	ENSP00000238146-uc001ufi.2-uc001ufl.2, ENSP00000264350-uc003hrt.2-uc011cdm.1, ENSP00000330237-uc001awn.2-uc001awo.2, ENSP00000370467-uc004crv.2-uc010ndl.2	0.999999894476	E
1	1.05410137068e-07	1	ENSP00000006015-uc003syx.2-uc003syy.2, ENSP00000294066-uc001obh.2-uc001obg.2, ENSP00000317382-uc001pdn.2-uc001pdm.2, ENSP00000343273-uc003svs.3-uc011jyv.1	0.99999989459	E
1	1.04915199814e-07	1	ENSP00000269554-uc002hqs.2-uc010cvp.2, ENSP00000359727-uc003pdr.2-uc011dxo.1, ENSP00000361178-uc004eof.1-uc004eog.1, ENSP00000366460-uc001iqg.1-uc009xkc.1	0.999999895085	E
1	1.04650176116e-07	1	ENSP00000264346-uc011cdi.1-uc011cdl.1, ENSP00000284503-uc003wue.2-uc003wuf.2, ENSP00000352510-uc001ylw.1-uc010txx.1, ENSP00000470710-uc011myk.1-uc004fgx.2	0.99999989535	E
1	1.02763967065e-07	1	ENSP00000262304, ENSP00000295373-uc002rrf.2-uc002rrd.3, ENSP00000300658-uc002hsj.2-uc010cvy.2, ENSP00000316924-uc002wub.2-uc010gdc.2	0.999999897236	E
1	1.01628377326e-07	1	ENSP00000275954-uc004ddh.2-uc010ngs.2, ENSP00000364509-uc004auf.1-uc010mrj.1, ENSP00000393860-uc003xmi.3-uc011lce.1, ENSP00000418823-uc002ehr.2-uc002ehs.2	0.999999898372	E
1	9.8700399395e-08	1	ENSP00000264094-uc002smp.1-uc002smo.1, ENSP00000314132-uc002wbq.2-uc002wbr.2, ENSP00000357551-uc001lmg.1-uc001lmf.1, ENSP00000420780-uc003drf.2-uc010hop.2	0.9999999013	E
1	9.86209380607e-08	1	ENSP00000072644-uc001cvu.2-uc001cvy.2, ENSP00000321853-uc002ftk.1-uc010vqr.1, ENSP00000326381-uc003fqs.2-uc003fqv.2, ENSP00000385746-uc004dag.2-uc010nfs.2	0.999999901379	E
1	9.43440523577e-08	1	ENSP00000317272, ENSP00000350331-uc001iig.2-uc001iii.2, ENSP00000358694-uc001kyp.1-uc001kyq.1, ENSP00000365200-uc001vpo.2-uc001vpp.2	0.999999905656	E
1	9.43313817142e-08	1	ENSP00000229854-uc003pan.1-uc011dwu.1, ENSP00000253490-uc003mdk.2-uc010jjy.1, ENSP00000316007-uc002luj.2-uc010dss.2, ENSP00000439856-uc002nei.1-uc010xpg.1	0.999999905669	E
1	9.42474464031e-08	1	ENSP00000229854-uc003pan.1-uc011dwu.1, ENSP00000354529, ENSP00000356849-uc001gdt.1-uc010plf.1, ENSP00000413851-uc002kud.2-uc002kub.2	0.999999905753	E
1	9.34810191872e-08	1	ENSP00000253270-uc004awc.2-uc004awd.2, ENSP00000348564-uc001zql.2-uc001zqj.2, ENSP00000362136-uc001cby.2-uc001cbz.2, ENSP00000370196-uc003blh.2-uc003blf.2	0.999999906519	E
1	9.34565146754e-08	1	ENSP00000265872-uc001joo.2-uc010qjb.1, ENSP00000338777-uc002boq.3-uc002bos.3, ENSP00000377880-uc003dof.2-uc003doe.2, ENSP00000420780-uc003drf.2-uc010hop.2	0.999999906543	E
1	9.24413626186e-08	1	ENSP00000284503-uc003wue.2-uc003wuf.2, ENSP00000349428-uc002lpp.2-uc002lps.2, ENSP00000376800-uc003vte.3-uc010lmv.2, ENSP00000428924-uc003xsk.3-uc003xsl.3	0.999999907559	E
1	9.13442674363e-08	1	ENSP00000318176-uc002umf.2-uc002umd.2, ENSP00000357438-uc001ffx.2-uc001ffu.2, ENSP00000374029-uc003ltj.2-uc011dcn.1, ENSP00000393762-uc003psu.2-uc003pst.3	0.999999908656	E
1	9.05652969217e-08	1	ENSP00000311427-uc002bau.2-uc002bav.2, ENSP00000363506-uc002xcd.2-uc010zuz.1, ENSP00000365851-uc001irh.2-uc009xkg.2, ENSP00000384943-uc002hzm.1-uc010wgh.1	0.999999909435	E
1	9.0079800457e-08	1	ENSP00000253270-uc004awc.2-uc004awd.2, ENSP00000264346-uc011cdi.1-uc011cdl.1, ENSP00000301011-uc002fky.2-uc002fkz.2, ENSP00000378394-uc001jsm.2-uc001jsl.2	0.99999990992	E
1	8.99127903696e-08	1	ENSP00000303153-uc003yvd.2-uc011ljo.1, ENSP00000334229-uc001rfq.2-uc010sir.1, ENSP00000365938-uc001vmt.2-uc001vms.2, ENSP00000416892-uc003auf.2-uc003auh.2	0.999999910087	E
1	8.81619909304e-08	1	ENSP00000297440-uc010krz.1-uc003sjb.2, ENSP00000378736-uc003tus.2-uc003tuu.2, ENSP00000386626-uc002tzd.3-uc010zch.1, ENSP00000440045-uc001tqk.3-uc009zvn.2	0.999999911838	E
1	8.76139821327e-08	1	ENSP00000317904-uc002plp.2-uc010xzy.1, ENSP00000356591-uc001gml.2-uc010pnk.1, ENSP00000368079-uc003iyw.3-uc010ism.2, ENSP00000385575-uc003hly.3-uc003hlx.1	0.999999912386	E
1	8.76139821327e-08	1	ENSP00000313007-uc003yjs.1-uc011lhd.1, ENSP00000316042-uc003lbt.2-uc010jeo.2, ENSP00000378736-uc003tus.2-uc003tuu.2, ENSP00000379411-uc002dhg.3-uc002dhh.3	0.999999912386	E
1	8.73899995029e-08	1	ENSP00000299767-uc001tkb.1-uc010swg.1, ENSP00000314193-uc002uql.1-uc002uqo.1, ENSP00000373347-uc003brf.1-uc003brg.1, ENSP00000428205-uc003yqr.2-uc003yqq.2	0.99999991261	E
1	8.73433294976e-08	1	ENSP00000202556-uc001yof.1-uc010awv.1, ENSP00000300738-uc001lyw.3-uc010qyd.1, ENSP00000303279-uc001hmc.2-uc001hmd.2, ENSP00000310841-uc002fjw.2-uc010vot.1	0.999999912657	E
1	8.64754731908e-08	1	ENSP00000263238-uc002tkx.1-uc010yyd.1, ENSP00000264963-uc002swu.2-uc010yuw.1, ENSP00000301011-uc002fky.2-uc002fkz.2, ENSP00000443442-uc001ria.2-uc001rif.1	0.999999913525	E
1	8.58181188521e-08	1	ENSP00000255977-uc003vvt.2-uc011krd.1, ENSP00000270570-uc002gvy.1-uc010cqp.1, ENSP00000336630-uc003aab.2-uc011ajs.1, ENSP00000369773-uc003mux.2-uc011dhs.1	0.999999914182	E
1	8.44375380848e-08	1	ENSP00000381204-uc001pha.2-uc009yxc.2, ENSP00000389998-uc011lgk.1-uc011lgl.1, ENSP00000422464-uc003iph.1-uc011cir.1, ENSP00000439303-uc010ymi.1-uc002rma.2	0.999999915562	E
1	8.28665472825e-08	1	ENSP00000262213-uc003xyo.1-uc011lfc.1, ENSP00000286096-uc002doh.2-uc010bxw.2, ENSP00000319726-uc001odu.3-uc009yqj.2, ENSP00000359621-uc001dkp.2-uc001dko.2	0.999999917133	E
1	8.24396233065e-08	1	ENSP00000297029-uc003ssn.3-uc003sso.3, ENSP00000329419-uc003etf.3-uc011bmv.1, ENSP00000344666, ENSP00000371531-uc003zhl.1-uc003zhn.1	0.99999991756	E
1	8.20101422649e-08	1	ENSP00000350249-uc003vlm.2-uc003vlo.2, ENSP00000361818-uc002xnu.2-uc010zws.1, ENSP00000363283-uc001bmr.1-uc010ofe.1, ENSP00000399584-uc004csx.3-uc010ndt.2	0.99999991799	E
1	8.17641661164e-08	1	ENSP00000346824-uc001wjm.2-uc010akk.2, ENSP00000347416-uc002lva.2-uc010dsv.2, ENSP00000374029-uc003ltj.2-uc011dcn.1, ENSP00000407843-uc001skp.3-uc001skq.3	0.999999918236	E
1	7.99088558387e-08	1	ENSP00000271663-uc001exi.2-uc010pcv.1, ENSP00000354571-uc001ora.2-uc001orb.2, ENSP00000356849-uc001gdt.1-uc010plf.1, ENSP00000379931-uc003ccg.2-uc010hfc.2	0.999999920091	E
1	7.96101788428e-08	1	ENSP00000325269-uc003vfc.2-uc003vez.2, ENSP00000338235-uc003yhz.2-uc010mbf.2, ENSP00000365757-uc001irl.3-uc010qcu.1, ENSP00000470141-uc004dmb.3-uc004dmc.3	0.99999992039	E
1	7.88714743533e-08	1	ENSP00000265651-uc001muz.2-uc010rej.1, ENSP00000299608-uc002lkf.2-uc010xez.1, ENSP00000352567-uc003pwt.2-uc003pwu.2, ENSP00000357438-uc001ffx.2-uc001ffu.2	0.999999921129	E
1	7.85803581992e-08	1	ENSP00000254260-uc002nuf.2-uc010xro.1, ENSP00000301924-uc003xfl.1-uc010lup.1, ENSP00000316042-uc003lbt.2-uc010jeo.2, ENSP00000362187-uc004bsx.1-uc004bsw.1	0.99999992142	E
1	7.39047645968e-08	1	ENSP00000259569-uc003zjr.2-uc003zjs.2, ENSP00000300456-uc004but.2-uc004buu.2, ENSP00000355897-uc001hlm.2-uc001hlo.2, ENSP00000358335-uc003pnz.1-uc003pny.1	0.999999926095	E
1	7.36769871165e-08	1	ENSP00000308032-uc002opw.2-uc010xvx.1, ENSP00000367815-uc002fhl.3-uc010vnw.1, ENSP00000376800-uc003vte.3-uc010lmv.2, ENSP00000407843-uc001skp.3-uc001skq.3	0.999999926323	E
1	7.31602543108e-08	1	ENSP00000336630-uc003aab.2-uc011ajs.1, ENSP00000364218-uc004aym.2-uc004ayk.2, ENSP00000383401-uc002kod.1-uc002kof.2, ENSP00000407843-uc001skp.3-uc001skq.3	0.99999992684	E
1	7.22453987196e-08	1	ENSP00000264832-uc002mnq.2-uc010xle.1, ENSP00000265000-uc003isz.3-uc011ckb.1, ENSP00000295373-uc002rrf.2-uc002rrd.3, ENSP00000353114	0.999999927755	E
1	7.13447628668e-08	1	ENSP00000316054-uc003fms.2-uc003fmu.2, ENSP00000317382-uc001pdn.2-uc001pdm.2, ENSP00000352282-uc001www.2-uc010tqg.1, ENSP00000373347-uc003brf.1-uc003brg.1	0.999999928655	E
1	6.98455291348e-08	1	ENSP00000233146-uc002rvy.1-uc010fbg.2, ENSP00000258145-uc001ssg.3-uc001ssf.2, ENSP00000384943-uc002hzm.1-uc010wgh.1, ENSP00000417132-uc003ddx.2-uc010hmh.2	0.999999930154	E
1	6.95135543307e-08	1	ENSP00000226004-uc002ied.3-uc002ief.1, ENSP00000254260-uc002nuf.2-uc010xro.1, ENSP00000261047-uc003dxj.2-uc003dxk.2, ENSP00000357904-uc001ewy.2-uc010pcr.1	0.999999930486	E
1	6.91087660997e-08	1	ENSP00000254260-uc002nuf.2-uc010xro.1, ENSP00000262177-uc003wnk.2-uc011kvz.1, ENSP00000443442-uc001ria.2-uc001rif.1, ENSP00000467423-uc002mcg.2-uc010xiu.1	0.999999930891	E
1	6.91087660997e-08	1	ENSP00000288078-uc002eyy.2-uc002eyz.2, ENSP00000356966-uc001fze.2-uc009wue.2, ENSP00000358548-uc009wgu.2-uc001efh.3, ENSP00000366475-uc001obx.2-uc001obw.2	0.999999930891	E
1	6.89955669751e-08	1	ENSP00000336923-uc003ilf.2-uc003ili.2, ENSP00000354040-uc001ift.2-uc010qad.1, ENSP00000393762-uc003psu.2-uc003pst.3, ENSP00000441045-uc003gkw.3-uc003gky.2	0.999999931004	E
1	6.84812459096e-08	1	ENSP00000242067-uc003tdn.1-uc003tdt.2, ENSP00000253925-uc001opo.2-uc001opr.2, ENSP00000295148-uc002rep.2-uc010eya.2, ENSP00000345772-uc003oku.3-uc010jvx.2	0.999999931519	E
1	6.75951060211e-08	1	ENSP00000203407-uc003cub.1-uc003cua.1, ENSP00000251582-uc003mjw.2-uc011dgm.1, ENSP00000278903-uc001qca.2-uc010sbf.1, ENSP00000366475-uc001obx.2-uc001obw.2	0.999999932405	E
1	6.72930529515e-08	1	ENSP00000253024-uc002qtg.1-uc002qth.1, ENSP00000255977-uc003vvt.2-uc011krd.1, ENSP00000320688-uc003etr.2-uc011bmz.1, ENSP00000369373-uc001mbm.1-uc001mbn.2	0.999999932707	E
1	6.66697410632e-08	1	ENSP00000242067-uc003tdn.1-uc003tdt.2, ENSP00000354995-uc002zaq.2-uc002zao.2, ENSP00000416097-uc011maw.1-uc010mxw.2, ENSP00000419475-uc003exk.2-uc003exj.1	0.99999993333	E
1	6.64212369404e-08	1	ENSP00000316649-uc002yck.1-uc002ycl.1, ENSP00000347532-uc009xyw.2-uc001lcy.3, ENSP00000348564-uc001zql.2-uc001zqj.2, ENSP00000362136-uc001cby.2-uc001cbz.2	0.999999933579	E
1	6.6007901103e-08	1	ENSP00000260506-uc001dpw.2-uc010otl.1, ENSP00000260803-uc003erv.2-uc003ert.2, ENSP00000263563-uc001jrd.3-uc001jre.3, ENSP00000289968-uc002dnb.2-uc002dmw.2	0.999999933992	E
1	6.59417535668e-08	1	ENSP00000261405-uc001qnn.1-uc010set.1, ENSP00000355499-uc001hzw.2-uc001hzx.2, ENSP00000358605-uc001kzc.3-uc001kzb.2, ENSP00000364448-uc001vup.2-uc001vut.2	0.999999934058	E
1	6.53926310055e-08	1	ENSP00000347416-uc002lva.2-uc010dsv.2, ENSP00000361355-uc001kbl.2-uc001kbo.3, ENSP00000386759, ENSP00000415034-uc003cqp.2-uc010hjo.1	0.999999934607	E
1	6.388707001e-08	1	ENSP00000308315-uc001cuv.2-uc010ons.1, ENSP00000410083-uc001tdz.2-uc009ztb.1, ENSP00000417185-uc001afs.2-uc001afr.2, ENSP00000460334-uc002qdo.2-uc002qdn.2	0.999999936113	E
1	6.33703061232e-08	1	ENSP00000300738-uc001lyw.3-uc010qyd.1, ENSP00000337358-uc002zmf.2-uc002zme.2, ENSP00000393762-uc003psu.2-uc003pst.3, ENSP00000420793-uc002scl.2-uc010ypx.1	0.99999993663	E
1	6.29660715629e-08	1	ENSP00000270570-uc002gvy.1-uc010cqp.1, ENSP00000304592-uc002kdu.2-uc002kdv.1, ENSP00000312734-uc002alz.2-uc010uih.1, ENSP00000356713-uc003qho.2-uc011edm.1	0.999999937034	E
1	6.21653972082e-08	1	ENSP00000265870-uc001joi.2-uc010qiy.1, ENSP00000311165-uc003tbv.1-uc010kwf.1, ENSP00000358335-uc003pnz.1-uc003pny.1, ENSP00000393762-uc003psu.2-uc003pst.3	0.999999937835	E
1	6.16809311553e-08	1	ENSP00000290231-uc002xre.2-uc002xrc.2, ENSP00000347427-uc010vsl.1-uc010vsp.1, ENSP00000351042-uc002nqi.2-uc002nqh.2, ENSP00000415436-uc001rrx.2-uc001rru.2	0.999999938319	E
1	6.15083136688e-08	1	ENSP00000295148-uc002rep.2-uc010eya.2, ENSP00000328103-uc003ala.1-uc003akx.1, ENSP00000328551-uc003gmu.2-uc003gmv.2, ENSP00000383191-uc002zhg.2-uc002zhk.2	0.999999938492	E
1	5.99619745181e-08	1	ENSP00000257527-uc003lwz.2-uc003lwy.2, ENSP00000262982-uc002xty.2-uc010ghy.2, ENSP00000369695-uc003zoe.2-uc011lnf.1, ENSP00000417401-uc002yfm.2-uc002yfl.1	0.999999940038	E
1	5.95537843454e-08	1	ENSP00000300658-uc002hsj.2-uc010cvy.2, ENSP00000325326-uc002xqw.2-uc002xqv.2, ENSP00000338629, ENSP00000440045-uc001tqk.3-uc009zvn.2	0.999999940446	E
1	5.91914377267e-08	1	ENSP00000221200-uc003xeo.2-uc011lad.1, ENSP00000309330-uc003tta.2-uc010kzr.2, ENSP00000352208-uc001kin.2-uc009xue.2, ENSP00000365200-uc001vpo.2-uc001vpp.2	0.999999940809	E
1	5.87453867265e-08	1	ENSP00000256079-uc001rjd.2-uc001rje.1, ENSP00000265000-uc003isz.3-uc011ckb.1, ENSP00000375810-uc002pbf.1-uc010ejy.1, ENSP00000402717-uc002rvk.2-uc002rvl.2	0.999999941255	E
1	5.83836863689e-08	1	ENSP00000296473-uc003cxz.2-uc003cya.2, ENSP00000336923-uc003ilf.2-uc003ili.2, ENSP00000375936-uc002vkw.1-uc002vky.2, ENSP00000407193-uc002jhc.2-uc002jhb.1	0.999999941616	E
1	5.8058073591e-08	1	ENSP00000263563-uc001jrd.3-uc001jre.3, ENSP00000299608-uc002lkf.2-uc010xez.1, ENSP00000358813-uc003pjc.2-uc003pjb.3, ENSP00000369695-uc003zoe.2-uc011lnf.1	0.999999941942	E
1	5.76568662782e-08	1	ENSP00000230859-uc003jdx.1-uc010itl.1, ENSP00000257287-uc003hbi.2-uc003hbj.2, ENSP00000282003-uc001vkw.1-uc010afc.2, ENSP00000356230-uc001gyo.1-uc001gym.1	0.999999942343	E
1	5.72040047261e-08	1	ENSP00000265565-uc003crh.1-uc003crg.2, ENSP00000326381-uc003fqs.2-uc003fqv.2, ENSP00000377389-uc001onw.2-uc001onz.2, ENSP00000386406-uc002sky.2-uc002skt.1	0.999999942796	E
1	5.67812194508e-08	1	ENSP00000237596-uc003hre.2-uc011cdg.1, ENSP00000356574-uc001gnz.2-uc001goc.2, ENSP00000357283-uc001fni.2-uc001fnk.2, ENSP00000378394-uc001jsm.2-uc001jsl.2	0.999999943219	E
1	5.66313350041e-08	1	ENSP00000336750-uc002rli.1-uc010ezh.1, ENSP00000386626-uc002tzd.3-uc010zch.1, ENSP00000404684-uc003cui.2-uc003cuk.2, ENSP00000435933-uc001ghx.1-uc001ghv.1	0.999999943369	E
1	5.6628766614e-08	1	ENSP00000284690-uc001ljg.1-uc001lje.1, ENSP00000384203-uc003oqt.1-uc003oqr.1, ENSP00000441140-uc004arv.2-uc004arw.2, ENSP00000468541-uc002mcy.2-uc002mcz.2	0.999999943371	E
1	5.64924210048e-08	1	ENSP00000238714-uc002sai.2-uc010fch.2, ENSP00000358262-uc001epm.3-uc009wji.2, ENSP00000364899-uc004arb.2-uc011ltr.1, ENSP00000377880-uc003dof.2-uc003doe.2	0.999999943508	E
1	5.58720287879e-08	1	ENSP00000310841-uc002fjw.2-uc010vot.1, ENSP00000351338-uc003csx.2-uc003cst.2, ENSP00000413851-uc002kud.2-uc002kub.2, ENSP00000418823-uc002ehr.2-uc002ehs.2	0.999999944128	E
1	5.55061780844e-08	1	ENSP00000325269-uc003vfc.2-uc003vez.2, ENSP00000327197-uc003fwz.3-uc011bty.1, ENSP00000340507-uc003vuc.2-uc003vub.2, ENSP00000376333-uc002joh.2-uc010wsd.1	0.999999944494	E
1	5.34576390787e-08	1	ENSP00000264963-uc002swu.2-uc010yuw.1, ENSP00000314499-uc003gbm.3-uc003gbk.3, ENSP00000370761-uc001rgn.2-uc001rgo.2, ENSP00000410051-uc010seh.1-uc010sei.1	0.999999946542	E
1	5.28343545105e-08	1	ENSP00000260600-uc002rfs.3-uc002rfr.3, ENSP00000265993-uc001klb.3-uc001kla.3, ENSP00000300249-uc002kyg.2-uc010xcd.1, ENSP00000348407-uc003bfk.2-uc003bfl.2	0.999999947166	E
1	5.27226025636e-08	1	ENSP00000287295-uc004evg.2-uc004evi.2, ENSP00000295448-uc003gwy.2-uc011bzb.1, ENSP00000350249-uc003vlm.2-uc003vlo.2, ENSP00000440495-uc010xim.1-uc002mbr.3	0.999999947277	E
1	5.16663938324e-08	1	ENSP00000234420-uc002rwd.3-uc010yoi.1, ENSP00000273359-uc003dyk.3-uc011bhq.1, ENSP00000354529, ENSP00000379625-uc011ayi.1-uc011ayk.1	0.999999948334	E
1	4.99208404862e-08	1	ENSP00000268482-uc002fcb.2-uc010vmp.1, ENSP00000343002-uc010aaz.2-uc001uto.3, ENSP00000354622-uc002ici.1-uc010whi.1, ENSP00000361009-uc002xtw.1-uc002xtv.1	0.999999950079	E
1	4.97402752478e-08	1	ENSP00000261819-uc001uag.2-uc010szv.1, ENSP00000262679-uc001ctd.3-uc009vzb.2, ENSP00000308344-uc002jbc.2-uc010wpn.1, ENSP00000365048-uc001vqr.2-uc010agj.2	0.99999995026	E
1	4.90941273029e-08	1	ENSP00000231338-uc003jin.2-uc003jio.2, ENSP00000253925-uc001opo.2-uc001opr.2, ENSP00000338258-uc002jjo.2-uc002jjp.1, ENSP00000369681-uc002amf.2-uc010uik.1	0.999999950906	E
1	4.82592032434e-08	1	ENSP00000006015-uc003syx.2-uc003syy.2, ENSP00000359233-uc001dqn.3-uc009wdr.2, ENSP00000402717-uc002rvk.2-uc002rvl.2, ENSP00000458302-uc003uae.1-uc003uaf.1	0.999999951741	E
1	4.76128409154e-08	1	ENSP00000257548-uc010sxi.1-uc001tnw.3, ENSP00000310447-uc001slj.2-uc009zot.2, ENSP00000340467-uc001wlj.2-uc001wlk.2, ENSP00000363506-uc002xcd.2-uc010zuz.1	0.999999952387	E
1	4.75678823209e-08	1	ENSP00000249075-uc003agz.2-uc011aks.1, ENSP00000271732-uc001evj.2-uc010pci.1, ENSP00000291560-uc002zdi.2-uc011aey.1, ENSP00000345731-uc003fxn.3-uc011bud.1	0.999999952432	E
1	4.74910245748e-08	1	ENSP00000342222-uc002gpy.2-uc002gpz.2, ENSP00000369871-uc003znk.2-uc011lmz.1, ENSP00000385030-uc002rgu.2-uc010ykr.1, ENSP00000407487-uc002bqg.2-uc002bqi.2	0.999999952509	E
1	4.61152850992e-08	1	ENSP00000260762-uc001kig.2-uc001kih.2, ENSP00000266022-uc003cyc.2-uc011bdi.1, ENSP00000310244-uc001zke.3-uc010bbg.2, ENSP00000358694-uc001kyp.1-uc001kyq.1	0.999999953885	E
1	4.61058561966e-08	1	ENSP00000261643-uc002gof.3-uc010vvt.1, ENSP00000319255-uc001pdg.2-uc009yvz.2, ENSP00000355632-uc010pwa.1-uc001htu.2, ENSP00000361009-uc002xtw.1-uc002xtv.1	0.999999953894	E
1	4.57146182477e-08	1	ENSP00000264094-uc002smp.1-uc002smo.1, ENSP00000315118-uc002oor.2-uc002ooq.1, ENSP00000336923-uc003ilf.2-uc003ili.2, ENSP00000401133-uc010ujs.1-uc010ujt.1	0.999999954285	E
1	4.54847154738e-08	1	ENSP00000267938-uc002bbg.2-uc002bbi.2, ENSP00000354850-uc001ktv.2-uc001ktu.2, ENSP00000426968-uc010iqc.2-uc003ioz.2, ENSP00000467075-uc010xdd.1-uc002lcy.2	0.999999954515	E
1	4.43302733244e-08	1	ENSP00000297440-uc010krz.1-uc003sjb.2, ENSP00000334490-uc002zrq.2-uc010gsa.2, ENSP00000357438-uc001ffx.2-uc001ffu.2, ENSP00000362580-uc010ohm.1-uc010ohn.1	0.99999995567	E
1	4.43015625117e-08	1	ENSP00000260128-uc003xyg.2-uc003xyi.1, ENSP00000281471-uc001rkq.3-uc009zjs.2, ENSP00000343405-uc001jux.2-uc010qkq.1, ENSP00000367196-uc003zyz.2-uc003zyy.1	0.999999955698	E
1	4.32800827883e-08	1	ENSP00000248594-uc003ugh.2-uc010lds.2, ENSP00000258962-uc002ivi.2-uc002ivj.2, ENSP00000261405-uc001qnn.1-uc010set.1, ENSP00000295119-uc002upf.2-uc010zfs.1	0.99999995672	E
1	4.29373572589e-08	1	ENSP00000247956-uc002mku.2-uc002mkw.2, ENSP00000258733-uc003swb.2-uc011jyz.1, ENSP00000295148-uc002rep.2-uc010eya.2, ENSP00000368102-uc001ilq.1-uc009xjb.1	0.999999957063	E
1	4.26317308328e-08	1	ENSP00000255499-uc004eml.2-uc004emk.2, ENSP00000280377-uc001src.1-uc001srb.1, ENSP00000369681-uc002amf.2-uc010uik.1, ENSP00000387006-uc002unp.2-uc002uno.2	0.999999957368	E
1	4.25214873471e-08	1	ENSP00000348429-uc001kzu.2-uc010qrj.1, ENSP00000361009-uc002xtw.1-uc002xtv.1, ENSP00000374185-uc010ydh.1-uc002pyl.1, ENSP00000473060-uc004fel.2-uc004fek.2	0.999999957479	E
1	4.20971484317e-08	1	ENSP00000262679-uc001ctd.3-uc009vzb.2, ENSP00000277458-uc004byf.1-uc011mbt.1, ENSP00000358635-uc003pla.2-uc003pkz.2, ENSP00000459424-uc003udy.2-uc003uea.2	0.999999957903	E
1	4.19488759201e-08	1	ENSP00000242067-uc003tdn.1-uc003tdt.2, ENSP00000273371-uc003ecu.2-uc011bjc.1, ENSP00000347416-uc002lva.2-uc010dsv.2, ENSP00000357835-uc001lhs.1-uc009yaj.1	0.999999958051	E
1	4.13365181745e-08	1	ENSP00000254322-uc002myz.1-uc010xnr.1, ENSP00000322343-uc004apr.2-uc004apu.2, ENSP00000404602-uc003soy.1-uc011jwj.1, ENSP00000473060-uc004fel.2-uc004fek.2	0.999999958663	E
1	4.10471605137e-08	1	ENSP00000364028-uc001bek.2-uc001bei.2, ENSP00000381031-uc003aet.2-uc003aey.2, ENSP00000386626-uc002tzd.3-uc010zch.1, ENSP00000419126-uc001lgw.2-uc001lgx.2	0.999999958953	E
1	4.03842141222e-08	1	ENSP00000263212-uc002zvp.1-uc011aik.1, ENSP00000276893-uc003zjy.2-uc003zkb.2, ENSP00000348407-uc003bfk.2-uc003bfl.2, ENSP00000369871-uc003znk.2-uc011lmz.1	0.999999959616	E
1	4.03015687839e-08	1	ENSP00000307023-uc002raf.1-uc010yjc.1, ENSP00000329002-uc001fes.2-uc009wov.2, ENSP00000360065-uc001dcx.2-uc009waw.2, ENSP00000368020-uc003kxo.2-uc003kxm.2	0.999999959698	E
1	4.00622891781e-08	1	ENSP00000299767-uc001tkb.1-uc010swg.1, ENSP00000305533-uc003hnt.2-uc003hnv.2, ENSP00000357307-uc001fmg.2-uc010pgq.1, ENSP00000429168-uc001vag.2-uc001vah.2	0.999999959938	E
1	3.94646860762e-08	1	ENSP00000238146-uc001ufi.2-uc001ufl.2, ENSP00000290341-uc002iom.2-uc010dbj.2, ENSP00000348564-uc001zql.2-uc001zqj.2, ENSP00000375936-uc002vkw.1-uc002vky.2	0.999999960535	E
1	3.92966908963e-08	1	ENSP00000262809-uc002njh.2-uc002njg.2, ENSP00000263196-uc002zoq.1-uc011agr.1, ENSP00000291565-uc002zdm.3-uc002zdq.3, ENSP00000310447-uc001slj.2-uc009zot.2	0.999999960703	E
1	3.85915216125e-08	1	ENSP00000301831-uc003ckv.3-uc003cku.3, ENSP00000348359-uc001ptt.2-uc009zai.1, ENSP00000353533-uc003eil.2-uc011bkh.1, ENSP00000429168-uc001vag.2-uc001vah.2	0.999999961408	E
1	3.82525880516e-08	1	ENSP00000299952-uc002fau.2-uc010cge.2, ENSP00000355897-uc001hlm.2-uc001hlo.2, ENSP00000375809-uc002pbj.2-uc002pbi.2, ENSP00000393835-uc010eci.2-uc002nog.2	0.999999961747	E
1	3.67434567306e-08	1	ENSP00000264350-uc003hrt.2-uc011cdm.1, ENSP00000355632-uc010pwa.1-uc001htu.2, ENSP00000364493-uc004aur.2-uc011luh.1, ENSP00000365388-uc001isv.2-uc010qdf.1	0.999999963257	E
1	3.66879051652e-08	1	ENSP00000255977-uc003vvt.2-uc011krd.1, ENSP00000349428-uc002lpp.2-uc002lps.2, ENSP00000384203-uc003oqt.1-uc003oqr.1, ENSP00000421202-uc003jrh.3-uc003jrk.3	0.999999963312	E
1	3.66731218789e-08	1	ENSP00000316924-uc002wub.2-uc010gdc.2, ENSP00000354995-uc002zaq.2-uc002zao.2, ENSP00000369681-uc002amf.2-uc010uik.1, ENSP00000413272-uc003epr.2-uc003epq.2	0.999999963327	E
1	3.66437240603e-08	1	ENSP00000263196-uc002zoq.1-uc011agr.1, ENSP00000290810-uc002eqf.2-uc002eqg.2, ENSP00000297837-uc004ayu.2-uc004ayv.1, ENSP00000471156-uc004eau.2-uc011mqe.1	0.999999963356	E
1	3.64198740026e-08	1	ENSP00000261413-uc003kbz.3-uc011csd.1, ENSP00000262679-uc001ctd.3-uc009vzb.2, ENSP00000285039-uc002leb.2-uc002ldz.2, ENSP00000367263	0.99999996358	E
1	3.63823728879e-08	1	ENSP00000269919-uc002nis.1-uc010xqg.1, ENSP00000319726-uc001odu.3-uc009yqj.2, ENSP00000356210-uc003qph.2-uc003qpg.2, ENSP00000417509-uc003die.3-uc003dib.3	0.999999963618	E
1	3.61457339486e-08	1	ENSP00000217909-uc004erd.2-uc011mtt.1, ENSP00000260570-uc002rku.2-uc010ezb.2, ENSP00000298317-uc001qde.2-uc010sbl.1, ENSP00000369431-uc003zqc.2-uc003zqb.2	0.999999963854	E
1	3.53310922321e-08	1	ENSP00000238561-uc001xui.2-uc001xuj.2, ENSP00000310447-uc001slj.2-uc009zot.2, ENSP00000365637-uc001iru.3-uc001isa.1, ENSP00000378736-uc003tus.2-uc003tuu.2	0.999999964669	E
1	3.5258828701e-08	1	ENSP00000248054-uc002nez.1-uc010eaj.1, ENSP00000264720-uc002rjw.1-uc010eyy.1, ENSP00000330470-uc003akk.2-uc003aki.2, ENSP00000357904-uc001ewy.2-uc010pcr.1	0.999999964741	E
1	3.43556807798e-08	1	ENSP00000265000-uc003isz.3-uc011ckb.1, ENSP00000318921-uc002ueg.2-uc002uej.2, ENSP00000341154-uc001yno.2-uc001yns.2, ENSP00000348564-uc001zql.2-uc001zqj.2	0.999999965644	E
1	3.40838485471e-08	1	ENSP00000335321, ENSP00000347445-uc002cwl.2-uc010uxk.1, ENSP00000356591-uc001gml.2-uc010pnk.1, ENSP00000364509-uc004auf.1-uc010mrj.1	0.999999965916	E
1	3.39615717986e-08	1	ENSP00000293261-uc002pix.1-uc010xzo.1, ENSP00000312244-uc004cuw.2-uc004cux.2, ENSP00000380025-uc002vhp.1-uc010zjz.1, ENSP00000381970-uc003koa.1-uc003kob.1	0.999999966038	E
1	3.38328151223e-08	1	ENSP00000345731-uc003fxn.3-uc011bud.1, ENSP00000349708-uc001byh.2-uc010oht.1, ENSP00000354966-uc002xuv.1-uc010gid.2, ENSP00000355632-uc010pwa.1-uc001htu.2	0.999999966167	E
1	3.33078004063e-08	1	ENSP00000352645-uc003tvn.2-uc011kef.1, ENSP00000358335-uc003pnz.1-uc003pny.1, ENSP00000362136-uc001cby.2-uc001cbz.2, ENSP00000419446-uc003xmr.2-uc003xms.2	0.999999966692	E
1	3.29920805011e-08	1	ENSP00000227752-uc001prv.2-uc010rxn.1, ENSP00000263209-uc002zri.2-uc002zrj.2, ENSP00000327197-uc003fwz.3-uc011bty.1, ENSP00000340507-uc003vuc.2-uc003vub.2	0.999999967008	E
1	3.28176817777e-08	1	ENSP00000282003-uc001vkw.1-uc010afc.2, ENSP00000327197-uc003fwz.3-uc011bty.1, ENSP00000370658-uc001riq.2-uc009zjl.2, ENSP00000453969-uc001zlh.3-uc010ucn.1	0.999999967182	E
1	3.27805348243e-08	1	ENSP00000262294-uc002iwz.3-uc010woc.1, ENSP00000307746-uc003ktq.1-uc003ktp.1, ENSP00000364000-uc002uqk.2-uc010frx.2, ENSP00000471186-uc004fli.3-uc004flj.2	0.999999967219	E
1	3.22549392401e-08	1	ENSP00000261643-uc002gof.3-uc010vvt.1, ENSP00000332595-uc003ttz.2-uc003tub.2, ENSP00000349428-uc002lpp.2-uc002lps.2, ENSP00000434442-uc001ndt.2-uc010rhc.1	0.999999967745	E
1	3.20989115999e-08	1	ENSP00000281142-uc003igp.2-uc003igo.2, ENSP00000379931-uc003ccg.2-uc010hfc.2, ENSP00000380837-uc002zil.2-uc011afv.1, ENSP00000417980-uc011mfc.1-uc004coe.2	0.999999967901	E
1	3.18946649737e-08	1	ENSP00000336750-uc002rli.1-uc010ezh.1, ENSP00000350967-uc002kzk.1-uc002kzo.1, ENSP00000395007-uc010lpi.2-uc003wfw.2, ENSP00000416799-uc002xuw.2-uc010zyn.1	0.999999968105	E
1	3.16560500605e-08	1	ENSP00000263578-uc001qdi.2-uc010sbn.1, ENSP00000328551-uc003gmu.2-uc003gmv.2, ENSP00000331879-uc001mqb.2-uc010rdn.1, ENSP00000363482-uc001jcu.2-uc001jcw.2	0.999999968344	E
1	3.09422005031e-08	1	ENSP00000265348-uc003otq.2-uc010jyh.2, ENSP00000323927-uc002hrg.2-uc010cvr.1, ENSP00000355050-uc010zvw.1-uc002xhj.2, ENSP00000415436-uc001rrx.2-uc001rru.2	0.999999969058	E
1	3.08013517217e-08	1	ENSP00000328287-uc003cxh.2-uc003cxi.2, ENSP00000356591-uc001gml.2-uc010pnk.1, ENSP00000366475-uc001obx.2-uc001obw.2, ENSP00000368884-uc004czu.2-uc011mjk.1	0.999999969199	E
1	3.07089659531e-08	1	ENSP00000226578-uc003hwg.2-uc011ces.1, ENSP00000308622-uc004bvj.2-uc010myd.2, ENSP00000346762-uc003vmi.2-uc010lle.2, ENSP00000377389-uc001onw.2-uc001onz.2	0.999999969291	E
1	3.0528982142e-08	1	ENSP00000298229-uc001osf.2-uc001osg.2, ENSP00000355632-uc010pwa.1-uc001htu.2, ENSP00000357283-uc001fni.2-uc001fnk.2, ENSP00000376333-uc002joh.2-uc010wsd.1	0.999999969471	E
1	3.0391061685e-08	1	ENSP00000265565-uc003crh.1-uc003crg.2, ENSP00000395007-uc010lpi.2-uc003wfw.2, ENSP00000436604-uc001tbd.2-uc001tbe.2, ENSP00000441285-uc001gee.2-uc010plh.1	0.999999969609	E
1	3.02397441663e-08	1	ENSP00000263736-uc002rus.2-uc010yoc.1, ENSP00000369213-uc003zra.2-uc010mjj.2, ENSP00000405424-uc011lht.1-uc003yml.2, ENSP00000419879-uc002wls.2-uc010zqv.1	0.99999996976	E
1	3.00485107981e-08	1	ENSP00000309487-uc003dys.1-uc003dyt.1, ENSP00000318012-uc004bvu.3-uc011mbj.1, ENSP00000441045-uc003gkw.3-uc003gky.2, ENSP00000462664-uc002lfj.3-uc010dpg.2	0.999999969951	E
1	2.87069359074e-08	1	ENSP00000295448-uc003gwy.2-uc011bzb.1, ENSP00000320043-uc003xry.2-uc011ldx.1, ENSP00000441140-uc004arv.2-uc004arw.2, ENSP00000471771-uc004eay.3-uc010nll.2	0.999999971293	E
1	2.79414492117e-08	1	ENSP00000253270-uc004awc.2-uc004awd.2, ENSP00000312244-uc004cuw.2-uc004cux.2, ENSP00000356574-uc001gnz.2-uc001goc.2, ENSP00000415332-uc002uni.3-uc002unh.3	0.999999972059	E
1	2.79320145362e-08	1	ENSP00000269919-uc002nis.1-uc010xqg.1, ENSP00000342148-uc001dwn.2-uc009weu.2, ENSP00000344214-uc001vna.2-uc010tij.1, ENSP00000360112-uc001dbs.1-uc010opb.1	0.999999972068	E
1	2.7709014023e-08	1	ENSP00000249075-uc003agz.2-uc011aks.1, ENSP00000322242-uc001typ.3-uc001tyq.3, ENSP00000357904-uc001ewy.2-uc010pcr.1, ENSP00000377617-uc002skk.2-uc010yrp.1	0.999999972291	E
1	2.7435917026e-08	1	ENSP00000284690-uc001ljg.1-uc001lje.1, ENSP00000295797-uc003fgs.2-uc003fgt.2, ENSP00000307491-uc003cit.2-uc003ciu.2, ENSP00000467437-uc002jwj.2-uc002jwl.2	0.999999972564	E
1	2.73076421873e-08	1	ENSP00000170564-uc002nug.1-uc002nuh.1, ENSP00000299638-uc002aet.3-uc002aeu.3, ENSP00000307387-uc003cfx.2-uc011axw.1, ENSP00000347427-uc010vsl.1-uc010vsp.1	0.999999972692	E
1	2.72924211403e-08	1	ENSP00000263736-uc002rus.2-uc010yoc.1, ENSP00000339314-uc002zxs.2-uc002zxr.1, ENSP00000349959-uc003jlp.2-uc010ivf.2, ENSP00000433388-uc003dcn.2-uc010hly.2	0.999999972708	E
1	2.71381149016e-08	1	ENSP00000299638-uc002aet.3-uc002aeu.3, ENSP00000308032-uc002opw.2-uc010xvx.1, ENSP00000310657-uc001jvk.2-uc010qks.1, ENSP00000387261-uc002lbp.3-uc002lbq.3	0.999999972862	E
1	2.71010300099e-08	1	ENSP00000249883-uc003eqg.1-uc003eqe.1, ENSP00000356574-uc001gnz.2-uc001goc.2, ENSP00000436604-uc001tbd.2-uc001tbe.2, ENSP00000460334-uc002qdo.2-uc002qdn.2	0.999999972899	E
1	2.67371776074e-08	1	ENSP00000360065-uc001dcx.2-uc009waw.2, ENSP00000362243-uc001caa.2-uc001cad.2, ENSP00000376799-uc001pkh.2-uc010rvx.1, ENSP00000444443-uc010wbo.1-uc010wbp.1	0.999999973263	E
1	2.67016932133e-08	1	ENSP00000323591-uc002gst.2-uc010vxq.1, ENSP00000328103-uc003ala.1-uc003akx.1, ENSP00000364037-uc004bas.2-uc011lvf.1, ENSP00000375936-uc002vkw.1-uc002vky.2	0.999999973298	E
1	2.66256411577e-08	1	ENSP00000217909-uc004erd.2-uc011mtt.1, ENSP00000261292-uc002ldv.2-uc010xdh.1, ENSP00000294066-uc001obh.2-uc001obg.2, ENSP00000352288-uc003bkv.3-uc003bkt.1	0.999999973374	E
1	2.64499902148e-08	1	ENSP00000294794-uc001gbu.2-uc001gbt.2, ENSP00000340693-uc003dts.2-uc003dtu.2, ENSP00000347416-uc002lva.2-uc010dsv.2, ENSP00000392775-uc003vbd.2-uc011klj.1	0.99999997355	E
1	2.6039029161e-08	1	ENSP00000314193-uc002uql.1-uc002uqo.1, ENSP00000336775-uc002bup.2-uc002buq.2, ENSP00000373347-uc003brf.1-uc003brg.1, ENSP00000444443-uc010wbo.1-uc010wbp.1	0.999999973961	E
1	2.55148736508e-08	1	ENSP00000220751-uc003yee.2-uc003yef.2, ENSP00000252826-uc002pmw.2-uc002pmy.2, ENSP00000285039-uc002leb.2-uc002ldz.2, ENSP00000471039-uc004dlx.1-uc004dlw.1	0.999999974485	E
1	2.49304916488e-08	1	ENSP00000310657-uc001jvk.2-uc010qks.1, ENSP00000312734-uc002alz.2-uc010uih.1, ENSP00000327009-uc002rmv.2-uc002rmw.2, ENSP00000364889-uc010tjo.1-uc001vrv.3	0.99999997507	E
1	2.49102916954e-08	1	ENSP00000287295-uc004evg.2-uc004evi.2, ENSP00000334490-uc002zrq.2-uc010gsa.2, ENSP00000349428-uc002lpp.2-uc002lps.2, ENSP00000471186-uc004fli.3-uc004flj.2	0.99999997509	E
1	2.46688725825e-08	1	ENSP00000259395-uc004bbg.1-uc011lvk.1, ENSP00000310841-uc002fjw.2-uc010vot.1, ENSP00000339486-uc001xxj.2-uc010atj.2, ENSP00000380837-uc002zil.2-uc011afv.1	0.999999975331	E
1	2.45148215846e-08	1	ENSP00000320885-uc002roc.2-uc002rod.2, ENSP00000378130-uc003hzr.3-uc003hzq.2, ENSP00000395007-uc010lpi.2-uc003wfw.2, ENSP00000471677-uc004dkn.2-uc011mmg.1	0.999999975485	E
1	2.41934242236e-08	1	ENSP00000266481-uc001rlf.2-uc010ski.1, ENSP00000323973-uc003emn.2-uc003ems.2, ENSP00000336775-uc002bup.2-uc002buq.2, ENSP00000379625-uc011ayi.1-uc011ayk.1	0.999999975807	E
1	2.41524400065e-08	1	ENSP00000261844-uc002acg.3-uc002acf.3, ENSP00000264555-uc001lqe.2-uc009yca.1, ENSP00000312244-uc004cuw.2-uc004cux.2, ENSP00000316426-uc002hqi.3-uc010cvn.1	0.999999975848	E
1	2.35155834239e-08	1	ENSP00000351338-uc003csx.2-uc003cst.2, ENSP00000376930-uc003emz.3-uc011blc.1, ENSP00000423228-uc003jlg.1-uc003jlb.1, ENSP00000423485-uc010jgh.2-uc003lmh.3	0.999999976484	E
1	2.32637625205e-08	1	ENSP00000299575-uc002ffz.1-uc010vnn.1, ENSP00000318687-uc001utj.2-uc010tds.1, ENSP00000358635-uc003pla.2-uc003pkz.2, ENSP00000364493-uc004aur.2-uc011luh.1	0.999999976736	E
1	2.29880812585e-08	1	ENSP00000255121-uc001coj.1-uc001coi.1, ENSP00000273512-uc003fig.2-uc011bpy.1, ENSP00000393835-uc010eci.2-uc002nog.2, ENSP00000462521-uc001enn.3-uc001enm.1	0.999999977012	E
1	2.29814305784e-08	1	ENSP00000245796-uc002tjc.2-uc002tjh.2, ENSP00000265395-uc003szf.2-uc003szh.2, ENSP00000360151-uc001kmp.2-uc001kmo.2, ENSP00000361818-uc002xnu.2-uc010zws.1	0.999999977019	E
1	2.2803429627e-08	1	ENSP00000238561-uc001xui.2-uc001xuj.2, ENSP00000317902-uc001pfp.1-uc001pfr.1, ENSP00000328551-uc003gmu.2-uc003gmv.2, ENSP00000356591-uc001gml.2-uc010pnk.1	0.999999977197	E
1	2.27198682451e-08	1	ENSP00000263196-uc002zoq.1-uc011agr.1, ENSP00000329867-uc001ouw.2-uc001oux.2, ENSP00000360187, ENSP00000362824-uc004eaa.1-uc004ead.2	0.99999997728	E
1	2.2610498063e-08	1	ENSP00000219439-uc002fhk.2-uc010vnv.1, ENSP00000307491-uc003cit.2-uc003ciu.2, ENSP00000336923-uc003ilf.2-uc003ili.2, ENSP00000370658-uc001riq.2-uc009zjl.2	0.99999997739	E
1	2.25947105802e-08	1	ENSP00000265870-uc001joi.2-uc010qiy.1, ENSP00000343129-uc001pwz.2-uc001pwy.2, ENSP00000358918-uc001kvy.1-uc009xxe.1, ENSP00000373783-uc003xdh.1-uc010lty.1	0.999999977405	E
1	2.25130843171e-08	1	ENSP00000318318-uc002azc.1-uc010ulx.1, ENSP00000358262-uc001epm.3-uc009wji.2, ENSP00000462311-uc002llm.1-uc010dqs.2, ENSP00000469947-uc001qsl.2-uc009zfr.2	0.999999977487	E
1	2.2265887826e-08	1	ENSP00000311165-uc003tbv.1-uc010kwf.1, ENSP00000316042-uc003lbt.2-uc010jeo.2, ENSP00000359233-uc001dqn.3-uc009wdr.2, ENSP00000420793-uc002scl.2-uc010ypx.1	0.999999977734	E
1	2.22330880624e-08	1	ENSP00000288502-uc004bjd.3-uc004bjf.3, ENSP00000317128-uc003emx.2-uc003emw.2, ENSP00000384338-uc002twh.2-uc010zbn.1, ENSP00000415057-uc010ukd.1-uc010bik.1	0.999999977767	E
1	2.210710095e-08	1	ENSP00000297029-uc003ssn.3-uc003sso.3, ENSP00000307387-uc003cfx.2-uc011axw.1, ENSP00000376534-uc002uao.2-uc002uap.2, ENSP00000413937-uc002fsr.2-uc010vql.1	0.999999977893	E
1	2.18266409552e-08	1	ENSP00000072644-uc001cvu.2-uc001cvy.2, ENSP00000217159-uc002ydb.1-uc002yde.1, ENSP00000264501, ENSP00000285039-uc002leb.2-uc002ldz.2	0.999999978173	E
1	2.16134705804e-08	1	ENSP00000317232-uc002hxv.2-uc002hxw.1, ENSP00000330237-uc001awn.2-uc001awo.2, ENSP00000382924-uc002knq.2-uc002knt.2, ENSP00000470710-uc011myk.1-uc004fgx.2	0.999999978387	E
1	2.15429145734e-08	1	ENSP00000262294-uc002iwz.3-uc010woc.1, ENSP00000376534-uc002uao.2-uc002uap.2, ENSP00000414786-uc003yen.2-uc003yeo.2, ENSP00000415034-uc003cqp.2-uc010hjo.1	0.999999978457	E
1	2.13798876446e-08	1	ENSP00000313490-uc002gkr.2-uc002gks.2, ENSP00000349959-uc003jlp.2-uc010ivf.2, ENSP00000378130-uc003hzr.3-uc003hzq.2, ENSP00000470203-uc004fjs.1-uc010nur.2	0.99999997862	E
1	2.13309221452e-08	1	ENSP00000265000-uc003isz.3-uc011ckb.1, ENSP00000317382-uc001pdn.2-uc001pdm.2, ENSP00000378438-uc002azq.3-uc002azr.3, ENSP00000381008	0.999999978669	E
1	2.11810895512e-08	1	ENSP00000251143-uc002dgn.1-uc002dgp.1, ENSP00000257548-uc010sxi.1-uc001tnw.3, ENSP00000281038-uc001ozi.2-uc010rsq.1, ENSP00000451763-uc001xoz.1-uc010tuj.1	0.999999978819	E
1	2.08528677613e-08	1	ENSP00000311997, ENSP00000340766-uc001gqg.2-uc001gqf.2, ENSP00000354958-uc001fjm.2-uc009wql.2, ENSP00000371531-uc003zhl.1-uc003zhn.1	0.999999979147	E
1	2.08347505864e-08	1	ENSP00000308344-uc002jbc.2-uc010wpn.1, ENSP00000336775-uc002bup.2-uc002buq.2, ENSP00000347445-uc002cwl.2-uc010uxk.1, ENSP00000369373-uc001mbm.1-uc001mbn.2	0.999999979165	E
1	2.0773380454e-08	1	ENSP00000262679-uc001ctd.3-uc009vzb.2, ENSP00000338777-uc002boq.3-uc002bos.3, ENSP00000346532-uc002orx.2-uc002ose.2, ENSP00000347445-uc002cwl.2-uc010uxk.1	0.999999979227	E
1	2.07189521021e-08	1	ENSP00000263209-uc002zri.2-uc002zrj.2, ENSP00000307746-uc003ktq.1-uc003ktp.1, ENSP00000311165-uc003tbv.1-uc010kwf.1, ENSP00000358450-uc001ehg.2-uc001ehf.2	0.999999979281	E
1	2.05249881421e-08	1	ENSP00000245796-uc002tjc.2-uc002tjh.2, ENSP00000318921-uc002ueg.2-uc002uej.2, ENSP00000362580-uc010ohm.1-uc010ohn.1, ENSP00000366475-uc001obx.2-uc001obw.2	0.999999979475	E
1	2.04808834213e-08	1	ENSP00000260570-uc002rku.2-uc010ezb.2, ENSP00000275227-uc003qdw.1-uc010kgd.1, ENSP00000377756-uc010hoy.2-uc003drw.2, ENSP00000461672-uc002kal.1-uc002kai.1	0.999999979519	E
1	2.04674803646e-08	1	ENSP00000328287-uc003cxh.2-uc003cxi.2, ENSP00000354360-uc004caa.1-uc010mze.1, ENSP00000355827-uc001hoh.2-uc010pvc.1, ENSP00000419851-uc003faq.2-uc011bom.1	0.999999979533	E
1	2.01035684566e-08	1	ENSP00000311579-uc003wss.2-uc011kww.1, ENSP00000328103-uc003ala.1-uc003akx.1, ENSP00000378857-uc003cvj.2-uc011bby.1, ENSP00000421202-uc003jrh.3-uc003jrk.3	0.999999979896	E
1	1.99207187176e-08	1	ENSP00000289968-uc002dnb.2-uc002dmw.2, ENSP00000303147-uc002spr.2-uc010fgk.2, ENSP00000392105-uc010ppm.1-uc001gvo.2, ENSP00000420793-uc002scl.2-uc010ypx.1	0.999999980079	E
1	1.98623470756e-08	1	ENSP00000337358-uc002zmf.2-uc002zme.2, ENSP00000362804-uc001jnh.3-uc009xpq.2, ENSP00000378086-uc001xip.2-uc001xis.2, ENSP00000420780-uc003drf.2-uc010hop.2	0.999999980138	E
1	1.97964877563e-08	1	ENSP00000220751-uc003yee.2-uc003yef.2, ENSP00000229854-uc003pan.1-uc011dwu.1, ENSP00000345810-uc002wze.1-uc002wzj.1, ENSP00000369373-uc001mbm.1-uc001mbn.2	0.999999980204	E
1	1.96934377413e-08	1	ENSP00000264720-uc002rjw.1-uc010eyy.1, ENSP00000295148-uc002rep.2-uc010eya.2, ENSP00000355050-uc010zvw.1-uc002xhj.2, ENSP00000415057-uc010ukd.1-uc010bik.1	0.999999980307	E
1	1.94503066657e-08	1	ENSP00000253363-uc002xeb.2-uc002xea.2, ENSP00000268638-uc002fjh.2-uc010chp.2, ENSP00000369538-uc001iil.3-uc001iim.3, ENSP00000377880-uc003dof.2-uc003doe.2	0.99999998055	E
1	1.93098512379e-08	1	ENSP00000291560-uc002zdi.2-uc011aey.1, ENSP00000300658-uc002hsj.2-uc010cvy.2, ENSP00000369431-uc003zqc.2-uc003zqb.2, ENSP00000378394-uc001jsm.2-uc001jsl.2	0.99999998069	E
1	1.93056443807e-08	1	ENSP00000225388-uc002hdy.3-uc002hdx.3, ENSP00000261308-uc003jtv.3-uc011cqw.1, ENSP00000313854-uc003jch.2-uc003jcg.2, ENSP00000345772-uc003oku.3-uc010jvx.2	0.999999980694	E
1	1.92048305771e-08	1	ENSP00000296799-uc011csr.1-uc003kcz.3, ENSP00000334738-uc003adk.2-uc011akg.1, ENSP00000337313-uc001ucn.2-uc001ucl.2, ENSP00000365200-uc001vpo.2-uc001vpp.2	0.999999980795	E
1	1.91610362747e-08	1	ENSP00000248594-uc003ugh.2-uc010lds.2, ENSP00000347924-uc001leb.2-uc001ldy.2, ENSP00000358635-uc003pla.2-uc003pkz.2, ENSP00000367227-uc003zyo.2-uc003zyn.2	0.999999980839	E
1	1.88965287427e-08	1	ENSP00000264669-uc003jeb.2-uc003jec.2, ENSP00000325017-uc001qoo.2-uc010sfd.1, ENSP00000355428-uc001iew.1-uc010pzq.1, ENSP00000357283-uc001fni.2-uc001fnk.2	0.999999981103	E
1	1.85981269893e-08	1	ENSP00000264963-uc002swu.2-uc010yuw.1, ENSP00000297990-uc003zsz.2-uc003zsy.2, ENSP00000326604-uc003wmw.3-uc003wmv.3, ENSP00000334490-uc002zrq.2-uc010gsa.2	0.999999981402	E
1	1.82068345392e-08	1	ENSP00000303279-uc001hmc.2-uc001hmd.2, ENSP00000329002-uc001fes.2-uc009wov.2, ENSP00000355623-uc001hub.2-uc009xfh.1, ENSP00000471074-uc002xfh.2-uc002xfg.2	0.999999981793	E
1	1.80602926468e-08	1	ENSP00000262213-uc003xyo.1-uc011lfc.1, ENSP00000281405-uc002rdj.2-uc002rdh.2, ENSP00000353292-uc001qnw.2-uc001qnv.2, ENSP00000410083-uc001tdz.2-uc009ztb.1	0.99999998194	E
1	1.79287493127e-08	1	ENSP00000265395-uc003szf.2-uc003szh.2, ENSP00000282308-uc002qqu.2-uc010euj.2, ENSP00000340507-uc003vuc.2-uc003vub.2, ENSP00000355632-uc010pwa.1-uc001htu.2	0.999999982071	E
1	1.79000721404e-08	1	ENSP00000273179-uc003chg.2-uc003chh.2, ENSP00000294794-uc001gbu.2-uc001gbt.2, ENSP00000322323-uc003sip.2-uc011jvn.1, ENSP00000368031-uc001aga.1-uc001agb.1	0.9999999821	E
1	1.76486182782e-08	1	ENSP00000281038-uc001ozi.2-uc010rsq.1, ENSP00000297440-uc010krz.1-uc003sjb.2, ENSP00000307275-uc001fjs.2-uc001fjr.2, ENSP00000318176-uc002umf.2-uc002umd.2	0.999999982351	E
1	1.73839919527e-08	1	ENSP00000279068-uc010gjy.1-uc010zzz.1, ENSP00000343002-uc010aaz.2-uc001uto.3, ENSP00000349708-uc001byh.2-uc010oht.1, ENSP00000441140-uc004arv.2-uc004arw.2	0.999999982616	E
1	1.73798059678e-08	1	ENSP00000240651-uc001rew.2-uc009zir.2, ENSP00000298229-uc001osf.2-uc001osg.2, ENSP00000326804-uc003wey.2-uc003wez.2, ENSP00000439856-uc002nei.1-uc010xpg.1	0.99999998262	E
1	1.73655369371e-08	1	ENSP00000339435-uc002fue.1-uc002fui.1, ENSP00000364218-uc004aym.2-uc004ayk.2, ENSP00000439856-uc002nei.1-uc010xpg.1, ENSP00000470710-uc011myk.1-uc004fgx.2	0.999999982634	E
1	1.73100507649e-08	1	ENSP00000317232-uc002hxv.2-uc002hxw.1, ENSP00000362580-uc010ohm.1-uc010ohn.1, ENSP00000380025-uc002vhp.1-uc010zjz.1, ENSP00000408576-uc003cop.1-uc010hit.1	0.99999998269	E
1	1.7200554018e-08	1	ENSP00000279068-uc010gjy.1-uc010zzz.1, ENSP00000318131-uc002peq.3-uc002per.3, ENSP00000374455-uc003mkw.3-uc003mkv.3, ENSP00000412173-uc001bvh.3-uc010ohi.1	0.999999982799	E
1	1.71817690441e-08	1	ENSP00000238146-uc001ufi.2-uc001ufl.2, ENSP00000258962-uc002ivi.2-uc002ivj.2, ENSP00000264424-uc003ipc.2-uc003ipd.2, ENSP00000362243-uc001caa.2-uc001cad.2	0.999999982818	E
1	1.67854951348e-08	1	ENSP00000203407-uc003cub.1-uc003cua.1, ENSP00000357841-uc001eym.2-uc010pdg.1, ENSP00000375809-uc002pbj.2-uc002pbi.2, ENSP00000404684-uc003cui.2-uc003cuk.2	0.999999983215	E
1	1.67232582515e-08	1	ENSP00000300456-uc004but.2-uc004buu.2, ENSP00000311579-uc003wss.2-uc011kww.1, ENSP00000383411-uc002yju.1-uc010gky.1, ENSP00000432787-uc003pzz.1-uc003pzw.1	0.999999983277	E
1	1.60954164626e-08	1	ENSP00000259569-uc003zjr.2-uc003zjs.2, ENSP00000320663-uc002rsi.2-uc010ynv.1, ENSP00000355299-uc001gqt.3-uc001gqu.3, ENSP00000358548-uc009wgu.2-uc001efh.3	0.999999983905	E
1	1.60369607769e-08	1	ENSP00000298317-uc001qde.2-uc010sbl.1, ENSP00000364899-uc004arb.2-uc011ltr.1, ENSP00000370658-uc001riq.2-uc009zjl.2, ENSP00000470203-uc004fjs.1-uc010nur.2	0.999999983963	E
1	1.59627055071e-08	1	ENSP00000265565-uc003crh.1-uc003crg.2, ENSP00000329419-uc003etf.3-uc011bmv.1, ENSP00000368020-uc003kxo.2-uc003kxm.2, ENSP00000384338-uc002twh.2-uc010zbn.1	0.999999984037	E
1	1.58925677216e-08	1	ENSP00000308315-uc001cuv.2-uc010ons.1, ENSP00000318883-uc002zmw.2-uc002zna.2, ENSP00000380869-uc010tlt.1-uc010ain.2, ENSP00000386722-uc009ytl.2-uc001oth.3	0.999999984107	E
1	1.58229182121e-08	1	ENSP00000317214-uc004epc.1-uc011msu.1, ENSP00000340693-uc003dts.2-uc003dtu.2, ENSP00000362590-uc003onn.2-uc003onp.2, ENSP00000416892-uc003auf.2-uc003auh.2	0.999999984177	E
1	1.55107656811e-08	1	ENSP00000262394-uc002gzd.1-uc002gze.1, ENSP00000286627-uc001jxm.2-uc001jxs.3, ENSP00000358548-uc009wgu.2-uc001efh.3, ENSP00000474435-uc002hjr.2-uc010wcj.1	0.999999984489	E
1	1.53483780197e-08	1	ENSP00000216129-uc003bdq.2-uc003bdp.2, ENSP00000259395-uc004bbg.1-uc011lvk.1, ENSP00000301475-uc010dwg.1-uc010xkh.1, ENSP00000364037-uc004bas.2-uc011lvf.1	0.999999984652	E
1	1.52438072217e-08	1	ENSP00000245541-uc002jni.1-uc002jnj.1, ENSP00000264832-uc002mnq.2-uc010xle.1, ENSP00000275954-uc004ddh.2-uc010ngs.2, ENSP00000381204-uc001pha.2-uc009yxc.2	0.999999984756	E
1	1.51771070197e-08	1	ENSP00000297440-uc010krz.1-uc003sjb.2, ENSP00000316924-uc002wub.2-uc010gdc.2, ENSP00000342581-uc011mbe.1-uc004bvh.2, ENSP00000401980-uc002wjw.3-uc002wjy.3	0.999999984823	E
1	1.51393135841e-08	1	ENSP00000261405-uc001qnn.1-uc010set.1, ENSP00000279263-uc001oct.2-uc010rny.1, ENSP00000320885-uc002roc.2-uc002rod.2, ENSP00000385575-uc003hly.3-uc003hlx.1	0.999999984861	E
1	1.4972083685e-08	1	ENSP00000354360-uc004caa.1-uc010mze.1, ENSP00000356155-uc001haw.2-uc010pqv.1, ENSP00000356641-uc001gku.1-uc009wwv.2, ENSP00000420533-uc003gdq.3-uc003gds.3	0.999999985028	E
1	1.47024380419e-08	1	ENSP00000279068-uc010gjy.1-uc010zzz.1, ENSP00000327214-uc001baa.2-uc001azz.1, ENSP00000348429-uc001kzu.2-uc010qrj.1, ENSP00000362590-uc003onn.2-uc003onp.2	0.999999985298	E
1	1.44965349665e-08	1	ENSP00000320794, ENSP00000354837-uc001fmt.2-uc001fmq.2, ENSP00000380025-uc002vhp.1-uc010zjz.1, ENSP00000383401-uc002kod.1-uc002kof.2	0.999999985503	E
1	1.44892532356e-08	1	ENSP00000203001-uc002wmh.1-uc010zra.1, ENSP00000221200-uc003xeo.2-uc011lad.1, ENSP00000322343-uc004apr.2-uc004apu.2, ENSP00000328023-uc001qdh.2-uc010sbm.1	0.999999985511	E
1	1.44015602703e-08	1	ENSP00000295373-uc002rrf.2-uc002rrd.3, ENSP00000332256-uc002bwn.3-uc010bpb.2, ENSP00000415332-uc002uni.3-uc002unh.3, ENSP00000454552-uc002fec.2-uc002fed.1	0.999999985598	E
1	1.41815015182e-08	1	ENSP00000264094-uc002smp.1-uc002smo.1, ENSP00000341489-uc002nah.1-uc002nai.1, ENSP00000400065-uc003afi.2-uc011ako.1, ENSP00000425006-uc003iwu.1-uc003iws.1	0.999999985818	E
1	1.41679690096e-08	1	ENSP00000261798-uc003lqy.1-uc003lqu.2, ENSP00000340766-uc001gqg.2-uc001gqf.2, ENSP00000342222-uc002gpy.2-uc002gpz.2, ENSP00000398401-uc003umc.2-uc003umd.2	0.999999985832	E
1	1.40742025692e-08	1	ENSP00000265077, ENSP00000298317-uc001qde.2-uc010sbl.1, ENSP00000377566-uc002esa.2-uc002esc.2, ENSP00000471677-uc004dkn.2-uc011mmg.1	0.999999985926	E
1	1.39926317068e-08	1	ENSP00000253270-uc004awc.2-uc004awd.2, ENSP00000253925-uc001opo.2-uc001opr.2, ENSP00000262177-uc003wnk.2-uc011kvz.1, ENSP00000473060-uc004fel.2-uc004fek.2	0.999999986007	E
1	1.39485673985e-08	1	ENSP00000225577-uc002ixy.2-uc002ixz.2, ENSP00000288078-uc002eyy.2-uc002eyz.2, ENSP00000318176-uc002umf.2-uc002umd.2, ENSP00000364493-uc004aur.2-uc011luh.1	0.999999986051	E
1	1.37360215257e-08	1	ENSP00000303696-uc002lwr.2-uc010xha.1, ENSP00000317382-uc001pdn.2-uc001pdm.2, ENSP00000332256-uc002bwn.3-uc010bpb.2, ENSP00000345772-uc003oku.3-uc010jvx.2	0.999999986264	E
1	1.36908270103e-08	1	ENSP00000247178-uc001xbx.1-uc001xbw.1, ENSP00000287169-uc001nkx.1-uc001nky.1, ENSP00000370761-uc001rgn.2-uc001rgo.2, ENSP00000406571-uc003mds.3-uc003mdv.2	0.999999986309	E
1	1.35887506616e-08	1	ENSP00000246505-uc010tjw.1-uc001vtf.2, ENSP00000262144-uc002fdh.1-uc002fdf.1, ENSP00000269919-uc002nis.1-uc010xqg.1, ENSP00000429168-uc001vag.2-uc001vah.2	0.999999986411	E
1	1.330701036e-08	1	ENSP00000311429-uc002aqb.2-uc010bhv.2, ENSP00000330237-uc001awn.2-uc001awo.2, ENSP00000386609-uc002ftj.2-uc010vqq.1, ENSP00000420793-uc002scl.2-uc010ypx.1	0.999999986693	E
1	1.31528697688e-08	1	ENSP00000269554-uc002hqs.2-uc010cvp.2, ENSP00000325326-uc002xqw.2-uc002xqv.2, ENSP00000364899-uc004arb.2-uc011ltr.1, ENSP00000370074-uc003mug.2-uc003muf.2	0.999999986847	E
1	1.30443994235e-08	1	ENSP00000258145-uc001ssg.3-uc001ssf.2, ENSP00000278193-uc001mrl.2-uc009yii.2, ENSP00000289407-uc003vop.1-uc003voq.1, ENSP00000471656-uc001qsi.2-uc010sfw.1	0.999999986956	E
1	1.29622877717e-08	1	ENSP00000343273-uc003svs.3-uc011jyv.1, ENSP00000366395-uc001odb.2-uc009yqc.2, ENSP00000390121-uc002jbv.2-uc010wps.1, ENSP00000473060-uc004fel.2-uc004fek.2	0.999999987038	E
1	1.28436289096e-08	1	ENSP00000245441-uc001wyi.2-uc001wyj.2, ENSP00000347427-uc010vsl.1-uc010vsp.1, ENSP00000416799-uc002xuw.2-uc010zyn.1, ENSP00000431883-uc001qhb.1-uc009zcz.1	0.999999987156	E
1	1.28368150267e-08	1	ENSP00000221347, ENSP00000322323-uc003sip.2-uc011jvn.1, ENSP00000350578-uc002yma.2-uc011acg.1, ENSP00000357110-uc003qch.2-uc003qcd.1	0.999999987163	E
1	1.28172661085e-08	1	ENSP00000249075-uc003agz.2-uc011aks.1, ENSP00000271588, ENSP00000301011-uc002fky.2-uc002fkz.2, ENSP00000422464-uc003iph.1-uc011cir.1	0.999999987183	E
1	1.27755928875e-08	1	ENSP00000271663-uc001exi.2-uc010pcv.1, ENSP00000281038-uc001ozi.2-uc010rsq.1, ENSP00000288078-uc002eyy.2-uc002eyz.2, ENSP00000290231-uc002xre.2-uc002xrc.2	0.999999987224	E
1	1.27124821478e-08	1	ENSP00000255759-uc002dec.1-uc002ded.1, ENSP00000361474-uc004eng.2-uc004enf.2, ENSP00000374185-uc010ydh.1-uc002pyl.1, ENSP00000416097-uc011maw.1-uc010mxw.2	0.999999987288	E
1	1.26866424838e-08	1	ENSP00000263980-uc001bnm.2-uc001bnl.2, ENSP00000322343-uc004apr.2-uc004apu.2, ENSP00000369373-uc001mbm.1-uc001mbn.2, ENSP00000432332-uc001oxx.2-uc001oya.2	0.999999987313	E
1	1.26733150333e-08	1	ENSP00000265000-uc003isz.3-uc011ckb.1, ENSP00000293677-uc002moa.2-uc002mnz.2, ENSP00000317904-uc002plp.2-uc010xzy.1, ENSP00000366522-uc003zds.1-uc011llk.1	0.999999987327	E
1	1.25455280285e-08	1	ENSP00000296799-uc011csr.1-uc003kcz.3, ENSP00000318687-uc001utj.2-uc010tds.1, ENSP00000369373-uc001mbm.1-uc001mbn.2, ENSP00000410083-uc001tdz.2-uc009ztb.1	0.999999987454	E
1	1.25314639451e-08	1	ENSP00000265140-uc003kkr.3-uc003kks.2, ENSP00000280700-uc003cdl.2-uc003cdk.2, ENSP00000314499-uc003gbm.3-uc003gbk.3, ENSP00000469022-uc002nbc.2-uc002nba.3	0.999999987469	E
1	1.25078383989e-08	1	ENSP00000263563-uc001jrd.3-uc001jre.3, ENSP00000308622-uc004bvj.2-uc010myd.2, ENSP00000369695-uc003zoe.2-uc011lnf.1, ENSP00000448012-uc001tar.2-uc001taq.2	0.999999987492	E
1	1.23832844746e-08	1	ENSP00000271688-uc001evz.2-uc009wmh.2, ENSP00000369213-uc003zra.2-uc010mjj.2, ENSP00000394966-uc001cbh.1-uc001cbf.1, ENSP00000419098-uc004cdd.2-uc004cdc.2	0.999999987617	E
1	1.23211335228e-08	1	ENSP00000268482-uc002fcb.2-uc010vmp.1, ENSP00000295448-uc003gwy.2-uc011bzb.1, ENSP00000369274-uc004cyv.3-uc004cyu.3, ENSP00000402717-uc002rvk.2-uc002rvl.2	0.999999987679	E
1	1.21674978611e-08	1	ENSP00000282308-uc002qqu.2-uc010euj.2, ENSP00000345895-uc003bfr.2-uc011aqn.1, ENSP00000384203-uc003oqt.1-uc003oqr.1, ENSP00000417132-uc003ddx.2-uc010hmh.2	0.999999987833	E
1	1.18845963777e-08	1	ENSP00000311579-uc003wss.2-uc011kww.1, ENSP00000313007-uc003yjs.1-uc011lhd.1, ENSP00000370839-uc003gzj.2-uc011bzp.1, ENSP00000386844	0.999999988115	E
1	1.18783934506e-08	1	ENSP00000281471-uc001rkq.3-uc009zjs.2, ENSP00000367243-uc003lmt.2-uc003lmw.2, ENSP00000371535-uc003grg.2-uc003grh.2, ENSP00000377374-uc003mbw.3-uc011dfa.1	0.999999988122	E
1	1.1792878077e-08	1	ENSP00000252826-uc002pmw.2-uc002pmy.2, ENSP00000295802-uc002spd.2-uc010fgf.2, ENSP00000338457-uc003acl.2-uc003ach.2, ENSP00000467437-uc002jwj.2-uc002jwl.2	0.999999988207	E
1	1.17165835498e-08	1	ENSP00000006015-uc003syx.2-uc003syy.2, ENSP00000338258-uc002jjo.2-uc002jjp.1, ENSP00000344223-uc002fhi.2-uc002fhh.2, ENSP00000356966-uc001fze.2-uc009wue.2	0.999999988283	E
1	1.1563613467e-08	1	ENSP00000219070-uc002ehz.3-uc002eia.3, ENSP00000246032-uc002wfw.3-uc010zpu.1, ENSP00000290231-uc002xre.2-uc002xrc.2, ENSP00000461672-uc002kal.1-uc002kai.1	0.999999988436	E
1	1.11494627486e-08	1	ENSP00000310447-uc001slj.2-uc009zot.2, ENSP00000355180-uc002zhu.1-uc002zhw.1, ENSP00000357047-uc003qcs.1-uc003qcr.1, ENSP00000416799-uc002xuw.2-uc010zyn.1	0.999999988851	E
1	1.09724621103e-08	1	ENSP00000286186-uc002uxj.1-uc010ftb.1, ENSP00000363506-uc002xcd.2-uc010zuz.1, ENSP00000366395-uc001odb.2-uc009yqc.2, ENSP00000471888-uc010vhz.1-uc010vhw.1	0.999999989028	E
1	1.08309997114e-08	1	ENSP00000299952-uc002fau.2-uc010cge.2, ENSP00000303696-uc002lwr.2-uc010xha.1, ENSP00000349708-uc001byh.2-uc010oht.1, ENSP00000359727-uc003pdr.2-uc011dxo.1	0.999999989169	E
1	1.07533864614e-08	1	ENSP00000366460-uc001iqg.1-uc009xkc.1, ENSP00000400065-uc003afi.2-uc011ako.1, ENSP00000411032-uc002oyg.1-uc010ejd.2, ENSP00000423485-uc010jgh.2-uc003lmh.3	0.999999989247	E
1	1.0744195591e-08	1	ENSP00000256649-uc001egz.2-uc001eha.2, ENSP00000366084-uc001vmd.3-uc010afj.2, ENSP00000414786-uc003yen.2-uc003yeo.2, ENSP00000463916-uc001etp.2-uc001etq.2	0.999999989256	E
1	1.07011664547e-08	1	ENSP00000193322-uc003psd.2-uc003pse.1, ENSP00000261844-uc002acg.3-uc002acf.3, ENSP00000343273-uc003svs.3-uc011jyv.1, ENSP00000344214-uc001vna.2-uc010tij.1	0.999999989299	E
1	1.05998745898e-08	1	ENSP00000278193-uc001mrl.2-uc009yii.2, ENSP00000326381-uc003fqs.2-uc003fqv.2, ENSP00000393978-uc002pfj.2-uc002pfd.2, ENSP00000461672-uc002kal.1-uc002kai.1	0.9999999894	E
1	1.05475181368e-08	1	ENSP00000230859-uc003jdx.1-uc010itl.1, ENSP00000265846-uc003sjo.3-uc003sjm.3, ENSP00000269701-uc002nav.2-uc010dzy.2, ENSP00000359830-uc001dhu.2-uc009wca.1	0.999999989452	E
1	1.04883395852e-08	1	ENSP00000363506-uc002xcd.2-uc010zuz.1, ENSP00000386626-uc002tzd.3-uc010zch.1, ENSP00000428982-uc003pqe.2-uc003pqd.2, ENSP00000436619-uc004aiq.2-uc004air.2	0.999999989512	E
1	1.012151168e-08	1	ENSP00000257548-uc010sxi.1-uc001tnw.3, ENSP00000267101-uc001sjh.2-uc001sjl.2, ENSP00000362082-uc003orn.2-uc011duk.1, ENSP00000364037-uc004bas.2-uc011lvf.1	0.999999989878	E
1	1.00619613148e-08	1	ENSP00000251241-uc002ixn.1-uc010wof.1, ENSP00000265294-uc003mau.2-uc011dev.1, ENSP00000283195, ENSP00000370074-uc003mug.2-uc003muf.2	0.999999989938	E
1	9.84968977901e-09	1	ENSP00000256398-uc003xgo.3-uc011lat.1, ENSP00000318012-uc004bvu.3-uc011mbj.1, ENSP00000345772-uc003oku.3-uc010jvx.2, ENSP00000362804-uc001jnh.3-uc009xpq.2	0.99999999015	E
1	9.65527873429e-09	1	ENSP00000160298-uc002mgv.3-uc002mgw.2, ENSP00000297440-uc010krz.1-uc003sjb.2, ENSP00000354837-uc001fmt.2-uc001fmq.2, ENSP00000361178-uc004eof.1-uc004eog.1	0.999999990345	E
1	9.63198991875e-09	1	ENSP00000239906-uc003lcw.2-uc011cyr.1, ENSP00000327009-uc002rmv.2-uc002rmw.2, ENSP00000417185-uc001afs.2-uc001afr.2, ENSP00000445044-uc001nbw.1-uc001nby.1	0.999999990368	E
1	9.57730099816e-09	1	ENSP00000311165-uc003tbv.1-uc010kwf.1, ENSP00000346246-uc002ppo.2-uc010enk.2, ENSP00000361355-uc001kbl.2-uc001kbo.3, ENSP00000400175-uc003cwu.2-uc010hku.2	0.999999990423	E
1	9.51901795255e-09	1	ENSP00000347532-uc009xyw.2-uc001lcy.3, ENSP00000360112-uc001dbs.1-uc010opb.1, ENSP00000363753-uc004bdn.2-uc010mtr.2, ENSP00000383191-uc002zhg.2-uc002zhk.2	0.999999990481	E
1	9.43513593931e-09	1	ENSP00000286627-uc001jxm.2-uc001jxs.3, ENSP00000345498-uc001dyb.1-uc001dye.1, ENSP00000350967-uc002kzk.1-uc002kzo.1, ENSP00000401338-uc002cgu.3-uc002cgv.3	0.999999990565	E
1	9.33578252399e-09	1	ENSP00000274000-uc003iaj.3-uc003iak.3, ENSP00000300737-uc001lyv.2-uc009yeg.2, ENSP00000308032-uc002opw.2-uc010xvx.1, ENSP00000359665-uc001kog.1-uc009xvw.1	0.999999990664	E
1	9.29098557964e-09	1	ENSP00000170564-uc002nug.1-uc002nuh.1, ENSP00000301475-uc010dwg.1-uc010xkh.1, ENSP00000365388-uc001isv.2-uc010qdf.1, ENSP00000368884-uc004czu.2-uc011mjk.1	0.999999990709	E
1	9.18831859267e-09	1	ENSP00000369695-uc003zoe.2-uc011lnf.1, ENSP00000379931-uc003ccg.2-uc010hfc.2, ENSP00000404602-uc003soy.1-uc011jwj.1, ENSP00000439338-uc001tsi.2-uc001tsg.2	0.999999990812	E
1	9.09988644137e-09	1	ENSP00000261658-uc002dco.2-uc010uzh.1, ENSP00000288078-uc002eyy.2-uc002eyz.2, ENSP00000317904-uc002plp.2-uc010xzy.1, ENSP00000394897-uc001dvj.1-uc010ouv.1	0.9999999909	E
1	9.08413970398e-09	1	ENSP00000252826-uc002pmw.2-uc002pmy.2, ENSP00000355632-uc010pwa.1-uc001htu.2, ENSP00000380860, ENSP00000459424-uc003udy.2-uc003uea.2	0.999999990916	E
1	9.05972700967e-09	1	ENSP00000295148-uc002rep.2-uc010eya.2, ENSP00000356849-uc001gdt.1-uc010plf.1, ENSP00000362285-uc001jrr.3-uc001jru.3, ENSP00000405424-uc011lht.1-uc003yml.2	0.99999999094	E
1	9.04499024217e-09	1	ENSP00000262144-uc002fdh.1-uc002fdf.1, ENSP00000265872-uc001joo.2-uc010qjb.1, ENSP00000318176-uc002umf.2-uc002umd.2, ENSP00000393762-uc003psu.2-uc003pst.3	0.999999990955	E
1	8.7764456088e-09	1	ENSP00000296595-uc003kjc.2-uc011ctx.1, ENSP00000303147-uc002spr.2-uc010fgk.2, ENSP00000346762-uc003vmi.2-uc010lle.2, ENSP00000415057-uc010ukd.1-uc010bik.1	0.999999991224	E
1	8.69415077047e-09	1	ENSP00000174653-uc003xoo.2-uc010lxe.2, ENSP00000246062-uc002wnu.1-uc010zrd.1, ENSP00000341154-uc001yno.2-uc001yns.2, ENSP00000386722-uc009ytl.2-uc001oth.3	0.999999991306	E
1	8.69214615176e-09	1	ENSP00000285518-uc003wqo.2-uc011kwm.1, ENSP00000333657-uc002yzf.1-uc010gop.1, ENSP00000369681-uc002amf.2-uc010uik.1, ENSP00000428924-uc003xsk.3-uc003xsl.3	0.999999991308	E
1	8.60245545168e-09	1	ENSP00000281471-uc001rkq.3-uc009zjs.2, ENSP00000332979-uc002yyw.2-uc010goo.2, ENSP00000369081-uc003mxv.2-uc010jnz.2, ENSP00000394966-uc001cbh.1-uc001cbf.1	0.999999991398	E
1	8.54581142838e-09	1	ENSP00000264669-uc003jeb.2-uc003jec.2, ENSP00000280700-uc003cdl.2-uc003cdk.2, ENSP00000293230-uc002jru.1-uc002jrv.1, ENSP00000378322-uc003hvu.2-uc010ilk.2	0.999999991454	E
1	8.37776185271e-09	1	ENSP00000265846-uc003sjo.3-uc003sjm.3, ENSP00000305533-uc003hnt.2-uc003hnv.2, ENSP00000361892-uc002xnb.2-uc010ggy.2, ENSP00000367872-uc001aif.2-uc009vky.2	0.999999991622	E
1	8.33277306186e-09	1	ENSP00000254722-uc002ftl.2-uc010cjw.2, ENSP00000278903-uc001qca.2-uc010sbf.1, ENSP00000377954-uc003lnx.1-uc011dbq.1, ENSP00000397552-uc003fjw.2-uc003fjx.2	0.999999991667	E
1	8.28389660302e-09	1	ENSP00000300737-uc001lyv.2-uc009yeg.2, ENSP00000324842-uc001uhc.2-uc009zyh.2, ENSP00000411124-uc001yhq.2-uc001yhp.2, ENSP00000457258-uc002ejb.2-uc002ejc.2	0.999999991716	E
1	8.28266725305e-09	1	ENSP00000273512-uc003fig.2-uc011bpy.1, ENSP00000296051-uc003ewu.1-uc011bnq.1, ENSP00000354966-uc002xuv.1-uc010gid.2, ENSP00000419098-uc004cdd.2-uc004cdc.2	0.999999991717	E
1	8.22766547169e-09	1	ENSP00000262294-uc002iwz.3-uc010woc.1, ENSP00000314193-uc002uql.1-uc002uqo.1, ENSP00000359818-uc001knt.2-uc001knq.2, ENSP00000377756-uc010hoy.2-uc003drw.2	0.999999991772	E
1	8.13132808839e-09	1	ENSP00000336914-uc004asz.2-uc011luc.1, ENSP00000345444-uc001qfp.2-uc009zcv.2, ENSP00000347924-uc001leb.2-uc001ldy.2, ENSP00000355050-uc010zvw.1-uc002xhj.2	0.999999991869	E
1	8.08435399672e-09	1	ENSP00000230901-uc003lcg.2-uc011cyl.1, ENSP00000340693-uc003dts.2-uc003dtu.2, ENSP00000364218-uc004aym.2-uc004ayk.2, ENSP00000458290-uc002klh.3-uc010dkj.2	0.999999991916	E
1	8.05503966774e-09	1	ENSP00000320885-uc002roc.2-uc002rod.2, ENSP00000322242-uc001typ.3-uc001tyq.3, ENSP00000347586-uc003ltq.2-uc011dcq.1, ENSP00000473196-uc004fip.2-uc004fio.2	0.999999991945	E
1	7.88897461582e-09	1	ENSP00000305533-uc003hnt.2-uc003hnv.2, ENSP00000324882-uc003vko.2-uc011kny.1, ENSP00000348407-uc003bfk.2-uc003bfl.2, ENSP00000458290-uc002klh.3-uc010dkj.2	0.999999992111	E
1	7.8828099914e-09	1	ENSP00000263578-uc001qdi.2-uc010sbn.1, ENSP00000329748-uc001rls.1-uc001rlr.1, ENSP00000349824-uc004cxv.1-uc004cxw.1, ENSP00000370467-uc004crv.2-uc010ndl.2	0.999999992117	E
1	7.77637235409e-09	1	ENSP00000251119-uc001xka.2-uc010tsz.1, ENSP00000350578-uc002yma.2-uc011acg.1, ENSP00000357507-uc001fei.2-uc001fef.1, ENSP00000376800-uc003vte.3-uc010lmv.2	0.999999992224	E
1	7.75982014991e-09	1	ENSP00000365851-uc001irh.2-uc009xkg.2, ENSP00000416097-uc011maw.1-uc010mxw.2, ENSP00000416892-uc003auf.2-uc003auh.2, ENSP00000443442-uc001ria.2-uc001rif.1	0.99999999224	E
1	7.756201711e-09	1	ENSP00000282003-uc001vkw.1-uc010afc.2, ENSP00000338457-uc003acl.2-uc003ach.2, ENSP00000364000-uc002uqk.2-uc010frx.2, ENSP00000419446-uc003xmr.2-uc003xms.2	0.999999992244	E
1	7.7439637225e-09	1	ENSP00000247178-uc001xbx.1-uc001xbw.1, ENSP00000294785-uc001fvx.2-uc010pjg.1, ENSP00000329419-uc003etf.3-uc011bmv.1, ENSP00000354850-uc001ktv.2-uc001ktu.2	0.999999992256	E
1	7.72992306487e-09	1	ENSP00000265348-uc003otq.2-uc010jyh.2, ENSP00000343617-uc002qqw.2-uc010yhp.1, ENSP00000357336-uc001fkj.2-uc001fks.2, ENSP00000450613-uc010fyv.2-uc002vxp.3	0.99999999227	E
1	7.69286803887e-09	1	ENSP00000238823-uc002rpa.1-uc010ynd.1, ENSP00000245787-uc002tlk.2-uc010yye.1, ENSP00000297044-uc003spt.2-uc011jws.1, ENSP00000353375-uc003csb.2-uc003crw.2	0.999999992307	E
1	7.45401587679e-09	1	ENSP00000307746-uc003ktq.1-uc003ktp.1, ENSP00000313953-uc002rom.2-uc002ron.2, ENSP00000377617-uc002skk.2-uc010yrp.1, ENSP00000393762-uc003psu.2-uc003pst.3	0.999999992546	E
1	7.41797359625e-09	1	ENSP00000280377-uc001src.1-uc001srb.1, ENSP00000385812-uc003apr.2-uc011amr.1, ENSP00000468541-uc002mcy.2-uc002mcz.2, ENSP00000470203-uc004fjs.1-uc010nur.2	0.999999992582	E
1	7.18593831468e-09	1	ENSP00000221200-uc003xeo.2-uc011lad.1, ENSP00000260453-uc002adr.2-uc010bfo.2, ENSP00000269554-uc002hqs.2-uc010cvp.2, ENSP00000356641-uc001gku.1-uc009wwv.2	0.999999992814	E
1	7.17506179269e-09	1	ENSP00000242209-uc003tdh.2-uc011kam.1, ENSP00000385575-uc003hly.3-uc003hlx.1, ENSP00000463916-uc001etp.2-uc001etq.2, ENSP00000470965-uc002tmb.2-uc010yyq.1	0.999999992825	E
1	7.14042416634e-09	1	ENSP00000252015-uc002xbk.2-uc010zuq.1, ENSP00000362285-uc001jrr.3-uc001jru.3, ENSP00000367243-uc003lmt.2-uc003lmw.2, ENSP00000394966-uc001cbh.1-uc001cbf.1	0.99999999286	E
1	7.08198635578e-09	1	ENSP00000260382-uc002asw.2-uc002asz.2, ENSP00000300456-uc004but.2-uc004buu.2, ENSP00000379931-uc003ccg.2-uc010hfc.2, ENSP00000381293-uc002iku.2-uc010wkf.1	0.999999992918	E
1	7.05327132522e-09	1	ENSP00000226578-uc003hwg.2-uc011ces.1, ENSP00000316924-uc002wub.2-uc010gdc.2, ENSP00000384943-uc002hzm.1-uc010wgh.1, ENSP00000421202-uc003jrh.3-uc003jrk.3	0.999999992947	E
1	7.04168004165e-09	1	ENSP00000228280-uc001tav.2-uc009zsn.2, ENSP00000356641-uc001gku.1-uc009wwv.2, ENSP00000370467-uc004crv.2-uc010ndl.2, ENSP00000381785-uc004bga.1-uc011lwv.1	0.999999992958	E
1	7.0360926222e-09	1	ENSP00000238823-uc002rpa.1-uc010ynd.1, ENSP00000288988-uc002rnr.2-uc002rnq.2, ENSP00000354837-uc001fmt.2-uc001fmq.2, ENSP00000441140-uc004arv.2-uc004arw.2	0.999999992964	E
1	7.00258853357e-09	1	ENSP00000240651-uc001rew.2-uc009zir.2, ENSP00000295119-uc002upf.2-uc010zfs.1, ENSP00000340467-uc001wlj.2-uc001wlk.2, ENSP00000358548-uc009wgu.2-uc001efh.3	0.999999992997	E
1	6.87623294004e-09	1	ENSP00000203407-uc003cub.1-uc003cua.1, ENSP00000246032-uc002wfw.3-uc010zpu.1, ENSP00000320794, ENSP00000437271-uc001njs.2-uc001njp.2	0.999999993124	E
1	6.83541225959e-09	1	ENSP00000247956-uc002mku.2-uc002mkw.2, ENSP00000253669-uc002nfe.2-uc002nff.2, ENSP00000300658-uc002hsj.2-uc010cvy.2, ENSP00000374029-uc003ltj.2-uc011dcn.1	0.999999993165	E
1	6.82778491634e-09	1	ENSP00000260570-uc002rku.2-uc010ezb.2, ENSP00000337358-uc002zmf.2-uc002zme.2, ENSP00000355897-uc001hlm.2-uc001hlo.2, ENSP00000357507-uc001fei.2-uc001fef.1	0.999999993172	E
1	6.74827129788e-09	1	ENSP00000281038-uc001ozi.2-uc010rsq.1, ENSP00000316054-uc003fms.2-uc003fmu.2, ENSP00000326674-uc002chn.2-uc002chp.2, ENSP00000364218-uc004aym.2-uc004ayk.2	0.999999993252	E
1	6.64181745143e-09	1	ENSP00000244020-uc010zwg.1-uc002xki.2, ENSP00000308622-uc004bvj.2-uc010myd.2, ENSP00000341489-uc002nah.1-uc002nai.1, ENSP00000471039-uc004dlx.1-uc004dlw.1	0.999999993358	E
1	6.63705259622e-09	1	ENSP00000279804-uc002dzw.2-uc002dzx.2, ENSP00000356849-uc001gdt.1-uc010plf.1, ENSP00000363558-uc010qfc.1-uc010qfd.1, ENSP00000380025-uc002vhp.1-uc010zjz.1	0.999999993363	E
1	6.62816159712e-09	1	ENSP00000251241-uc002ixn.1-uc010wof.1, ENSP00000356966-uc001fze.2-uc009wue.2, ENSP00000386935-uc010ncb.2-uc004cla.3, ENSP00000465500-uc002lin.2-uc010dpv.2	0.999999993372	E
1	6.41370469903e-09	1	ENSP00000219070-uc002ehz.3-uc002eia.3, ENSP00000263563-uc001jrd.3-uc001jre.3, ENSP00000332595-uc003ttz.2-uc003tub.2, ENSP00000346532-uc002orx.2-uc002ose.2	0.999999993586	E
1	6.40143451409e-09	1	ENSP00000246957-uc002cvt.3-uc010uxf.1, ENSP00000310657-uc001jvk.2-uc010qks.1, ENSP00000400113-uc001mpi.2-uc001mpj.2, ENSP00000471677-uc004dkn.2-uc011mmg.1	0.999999993599	E
1	6.31136755962e-09	1	ENSP00000281405-uc002rdj.2-uc002rdh.2, ENSP00000342222-uc002gpy.2-uc002gpz.2, ENSP00000360112-uc001dbs.1-uc010opb.1, ENSP00000396861-uc010jaf.1-uc003kga.2	0.999999993689	E
1	6.26148312938e-09	1	ENSP00000318012-uc004bvu.3-uc011mbj.1, ENSP00000367872-uc001aif.2-uc009vky.2, ENSP00000376733-uc003etv.2-uc011bnb.1, ENSP00000445725-uc003xpm.2-uc010lxp.2	0.999999993739	E
1	6.21780429079e-09	1	ENSP00000264670-uc003jdu.2-uc003jds.2, ENSP00000359233-uc001dqn.3-uc009wdr.2, ENSP00000359830-uc001dhu.2-uc009wca.1, ENSP00000370467-uc004crv.2-uc010ndl.2	0.999999993782	E
1	6.13755881336e-09	1	ENSP00000242067-uc003tdn.1-uc003tdt.2, ENSP00000308344-uc002jbc.2-uc010wpn.1, ENSP00000317902-uc001pfp.1-uc001pfr.1, ENSP00000354958-uc001fjm.2-uc009wql.2	0.999999993862	E
1	6.12826602454e-09	1	ENSP00000264424-uc003ipc.2-uc003ipd.2, ENSP00000354086-uc001cxa.3-uc001cxc.3, ENSP00000366522-uc003zds.1-uc011llk.1, ENSP00000421741-uc003gde.3-uc010ibv.2	0.999999993872	E
1	6.08605045991e-09	1	ENSP00000260803-uc003erv.2-uc003ert.2, ENSP00000366475-uc001obx.2-uc001obw.2, ENSP00000386406-uc002sky.2-uc002skt.1, ENSP00000419126-uc001lgw.2-uc001lgx.2	0.999999993914	E
1	6.0751075466e-09	1	ENSP00000261531-uc001xuf.2-uc010asu.2, ENSP00000281405-uc002rdj.2-uc002rdh.2, ENSP00000471186-uc004fli.3-uc004flj.2, ENSP00000471656-uc001qsi.2-uc010sfw.1	0.999999993925	E
1	6.0121507953e-09	1	ENSP00000160298-uc002mgv.3-uc002mgw.2, ENSP00000357507-uc001fei.2-uc001fef.1, ENSP00000367830-uc001aiq.2-uc009vla.2, ENSP00000401338-uc002cgu.3-uc002cgv.3	0.999999993988	E
1	5.96075346415e-09	1	ENSP00000343002-uc010aaz.2-uc001uto.3, ENSP00000351138-uc004bxa.2-uc004bxb.2, ENSP00000358918-uc001kvy.1-uc009xxe.1, ENSP00000386844	0.999999994039	E
1	5.89940587012e-09	1	ENSP00000220751-uc003yee.2-uc003yef.2, ENSP00000259021-uc002ipm.2-uc010wmg.1, ENSP00000321853-uc002ftk.1-uc010vqr.1, ENSP00000324842-uc001uhc.2-uc009zyh.2	0.999999994101	E
1	5.73943849651e-09	1	ENSP00000349636-uc002itb.2-uc002ita.2, ENSP00000380025-uc002vhp.1-uc010zjz.1, ENSP00000402537-uc001zfh.1-uc010ubk.1, ENSP00000407487-uc002bqg.2-uc002bqi.2	0.999999994261	E
1	5.73814220009e-09	1	ENSP00000251143-uc002dgn.1-uc002dgp.1, ENSP00000264832-uc002mnq.2-uc010xle.1, ENSP00000328103-uc003ala.1-uc003akx.1, ENSP00000368799-uc001uxu.1-uc010ace.1	0.999999994262	E
1	5.70859583457e-09	1	ENSP00000281924-uc002ttx.2-uc002tty.2, ENSP00000326604-uc003wmw.3-uc003wmv.3, ENSP00000347924-uc001leb.2-uc001ldy.2, ENSP00000359818-uc001knt.2-uc001knq.2	0.999999994291	E
1	5.70696580512e-09	1	ENSP00000264381-uc003fem.3-uc003fen.3, ENSP00000316007-uc002luj.2-uc010dss.2, ENSP00000316924-uc002wub.2-uc010gdc.2, ENSP00000367024-uc009yoz.2-uc010rmy.1	0.999999994293	E
1	5.64883053041e-09	1	ENSP00000271227-uc001dqv.3-uc010ott.1, ENSP00000369373-uc001mbm.1-uc001mbn.2, ENSP00000385746-uc004dag.2-uc010nfs.2, ENSP00000470203-uc004fjs.1-uc010nur.2	0.999999994351	E
1	5.60207426463e-09	1	ENSP00000271732-uc001evj.2-uc010pci.1, ENSP00000290810-uc002eqf.2-uc002eqg.2, ENSP00000305922-uc001czi.3-uc001czm.3, ENSP00000367196-uc003zyz.2-uc003zyy.1	0.999999994398	E
1	5.58725978157e-09	1	ENSP00000265963-uc001moh.2-uc001moj.2, ENSP00000301831-uc003ckv.3-uc003cku.3, ENSP00000369373-uc001mbm.1-uc001mbn.2, ENSP00000413507-uc011kav.1-uc003tey.2	0.999999994413	E
1	5.36390566736e-09	1	ENSP00000219478-uc002cxp.1-uc002cxo.1, ENSP00000297044-uc003spt.2-uc011jws.1, ENSP00000300584-uc002bcy.3-uc010bla.2, ENSP00000364000-uc002uqk.2-uc010frx.2	0.999999994636	E
1	5.28712186542e-09	1	ENSP00000303423-uc003xps.2-uc003xpu.2, ENSP00000349174-uc003hwc.2-uc003hwa.1, ENSP00000364037-uc004bas.2-uc011lvf.1, ENSP00000370839-uc003gzj.2-uc011bzp.1	0.999999994713	E
1	5.27535683196e-09	1	ENSP00000329867-uc001ouw.2-uc001oux.2, ENSP00000365943-uc004ajz.2-uc004akb.2, ENSP00000367196-uc003zyz.2-uc003zyy.1, ENSP00000469022-uc002nbc.2-uc002nba.3	0.999999994725	E
1	5.27535683196e-09	1	ENSP00000246151-uc001bhq.2-uc010oeb.1, ENSP00000369519-uc003zph.2-uc011lnl.1, ENSP00000410083-uc001tdz.2-uc009ztb.1, ENSP00000469947-uc001qsl.2-uc009zfr.2	0.999999994725	E
1	5.23907851808e-09	1	ENSP00000279804-uc002dzw.2-uc002dzx.2, ENSP00000347416-uc002lva.2-uc010dsv.2, ENSP00000358918-uc001kvy.1-uc009xxe.1, ENSP00000439856-uc002nei.1-uc010xpg.1	0.999999994761	E
1	5.19933430995e-09	1	ENSP00000264094-uc002smp.1-uc002smo.1, ENSP00000280700-uc003cdl.2-uc003cdk.2, ENSP00000285039-uc002leb.2-uc002ldz.2, ENSP00000369538-uc001iil.3-uc001iim.3	0.999999994801	E
1	5.15245125671e-09	1	ENSP00000248248-uc002fez.2-uc010vng.1, ENSP00000261308-uc003jtv.3-uc011cqw.1, ENSP00000327197-uc003fwz.3-uc011bty.1, ENSP00000418754-uc011dve.1-uc010jyj.1	0.999999994848	E
1	5.07646792559e-09	1	ENSP00000219070-uc002ehz.3-uc002eia.3, ENSP00000256496-uc003bqg.2-uc011asy.1, ENSP00000297837-uc004ayu.2-uc004ayv.1, ENSP00000378438-uc002azq.3-uc002azr.3	0.999999994924	E
1	5.06500154213e-09	1	ENSP00000341154-uc001yno.2-uc001yns.2, ENSP00000348407-uc003bfk.2-uc003bfl.2, ENSP00000352510-uc001ylw.1-uc010txx.1, ENSP00000362580-uc010ohm.1-uc010ohn.1	0.999999994935	E
1	4.94995223814e-09	1	ENSP00000264670-uc003jdu.2-uc003jds.2, ENSP00000271663-uc001exi.2-uc010pcv.1, ENSP00000284503-uc003wue.2-uc003wuf.2, ENSP00000358694-uc001kyp.1-uc001kyq.1	0.99999999505	E
1	4.81099716779e-09	1	ENSP00000275227-uc003qdw.1-uc010kgd.1, ENSP00000346762-uc003vmi.2-uc010lle.2, ENSP00000371535-uc003grg.2-uc003grh.2, ENSP00000402515	0.999999995189	E
1	4.80344221109e-09	1	ENSP00000261844-uc002acg.3-uc002acf.3, ENSP00000353292-uc001qnw.2-uc001qnv.2, ENSP00000383191-uc002zhg.2-uc002zhk.2, ENSP00000417601-uc003cfp.2-uc011axp.1	0.999999995197	E
1	4.77690910192e-09	1	ENSP00000230859-uc003jdx.1-uc010itl.1, ENSP00000377374-uc003mbw.3-uc011dfa.1, ENSP00000407642-uc004fhc.2-uc004fhd.2, ENSP00000448012-uc001tar.2-uc001taq.2	0.999999995223	E
1	4.75535767451e-09	1	ENSP00000262809-uc002njh.2-uc002njg.2, ENSP00000288078-uc002eyy.2-uc002eyz.2, ENSP00000290231-uc002xre.2-uc002xrc.2, ENSP00000302728-uc003tun.2-uc011kdt.1	0.999999995245	E
1	4.74448548242e-09	1	ENSP00000263563-uc001jrd.3-uc001jre.3, ENSP00000308315-uc001cuv.2-uc010ons.1, ENSP00000345444-uc001qfp.2-uc009zcv.2, ENSP00000359621-uc001dkp.2-uc001dko.2	0.999999995256	E
1	4.71637752188e-09	1	ENSP00000249075-uc003agz.2-uc011aks.1, ENSP00000253925-uc001opo.2-uc001opr.2, ENSP00000268099-uc002azb.1-uc002aza.1, ENSP00000340507-uc003vuc.2-uc003vub.2	0.999999995284	E
1	4.68896755857e-09	1	ENSP00000005587-uc003syc.2-uc011jzj.1, ENSP00000238823-uc002rpa.1-uc010ynd.1, ENSP00000269571-uc002hso.2-uc010wek.1, ENSP00000419446-uc003xmr.2-uc003xms.2	0.999999995311	E
1	4.63377670642e-09	1	ENSP00000238823-uc002rpa.1-uc010ynd.1, ENSP00000248594-uc003ugh.2-uc010lds.2, ENSP00000359830-uc001dhu.2-uc009wca.1, ENSP00000368031-uc001aga.1-uc001agb.1	0.999999995366	E
1	4.59504102491e-09	1	ENSP00000327154-uc003owr.2-uc003ows.2, ENSP00000351631-uc001pfn.2-uc001pfm.2, ENSP00000365938-uc001vmt.2-uc001vms.2, ENSP00000436604-uc001tbd.2-uc001tbe.2	0.999999995405	E
1	4.5388074513e-09	1	ENSP00000257527-uc003lwz.2-uc003lwy.2, ENSP00000345498-uc001dyb.1-uc001dye.1, ENSP00000353292-uc001qnw.2-uc001qnv.2, ENSP00000471186-uc004fli.3-uc004flj.2	0.999999995461	E
1	4.53399607776e-09	1	ENSP00000318557-uc002euz.2-uc010vkh.1, ENSP00000357307-uc001fmg.2-uc010pgq.1, ENSP00000357336-uc001fkj.2-uc001fks.2, ENSP00000361892-uc002xnb.2-uc010ggy.2	0.999999995466	E
1	4.49951243944e-09	1	ENSP00000265963-uc001moh.2-uc001moj.2, ENSP00000303423-uc003xps.2-uc003xpu.2, ENSP00000330237-uc001awn.2-uc001awo.2, ENSP00000379350-uc001iwt.3-uc001iwr.3	0.9999999955	E
1	4.38901183028e-09	1	ENSP00000265140-uc003kkr.3-uc003kks.2, ENSP00000336888-uc002mpf.2-uc002mpi.2, ENSP00000379411-uc002dhg.3-uc002dhh.3, ENSP00000471039-uc004dlx.1-uc004dlw.1	0.999999995611	E
1	4.360173343e-09	1	ENSP00000262031-uc001sln.2-uc010sqp.1, ENSP00000307023-uc002raf.1-uc010yjc.1, ENSP00000318176-uc002umf.2-uc002umd.2, ENSP00000374029-uc003ltj.2-uc011dcn.1	0.99999999564	E
1	4.2857349983e-09	1	ENSP00000226578-uc003hwg.2-uc011ces.1, ENSP00000254260-uc002nuf.2-uc010xro.1, ENSP00000404602-uc003soy.1-uc011jwj.1, ENSP00000470710-uc011myk.1-uc004fgx.2	0.999999995714	E
1	4.19704749614e-09	1	ENSP00000265872-uc001joo.2-uc010qjb.1, ENSP00000303696-uc002lwr.2-uc010xha.1, ENSP00000333799-uc003ubr.2-uc010lca.2, ENSP00000377867-uc004ewk.1-uc004ewm.1	0.999999995803	E
1	4.10445667186e-09	1	ENSP00000225388-uc002hdy.3-uc002hdx.3, ENSP00000257287-uc003hbi.2-uc003hbj.2, ENSP00000281416-uc002urz.2-uc010zge.1, ENSP00000288988-uc002rnr.2-uc002rnq.2	0.999999995896	E
1	4.07744883134e-09	1	ENSP00000260803-uc003erv.2-uc003ert.2, ENSP00000301887-uc001ocf.1-uc001oce.1, ENSP00000341957-uc010pvb.1-uc010puz.1, ENSP00000473196-uc004fip.2-uc004fio.2	0.999999995923	E
1	4.03950307354e-09	1	ENSP00000269217-uc002kus.3-uc002kut.3, ENSP00000269701-uc002nav.2-uc010dzy.2, ENSP00000301887-uc001ocf.1-uc001oce.1, ENSP00000352567-uc003pwt.2-uc003pwu.2	0.99999999596	E
1	4.01771217103e-09	1	ENSP00000329867-uc001ouw.2-uc001oux.2, ENSP00000336888-uc002mpf.2-uc002mpi.2, ENSP00000365200-uc001vpo.2-uc001vpp.2, ENSP00000390222-uc001vla.2-uc001vkx.2	0.999999995982	E
1	3.97555722466e-09	1	ENSP00000265565-uc003crh.1-uc003crg.2, ENSP00000317232-uc002hxv.2-uc002hxw.1, ENSP00000352645-uc003tvn.2-uc011kef.1, ENSP00000394897-uc001dvj.1-uc010ouv.1	0.999999996024	E
1	3.95054789662e-09	1	ENSP00000336775-uc002bup.2-uc002buq.2, ENSP00000354958-uc001fjm.2-uc009wql.2, ENSP00000369081-uc003mxv.2-uc010jnz.2, ENSP00000378130-uc003hzr.3-uc003hzq.2	0.999999996049	E
1	3.90339594743e-09	1	ENSP00000261531-uc001xuf.2-uc010asu.2, ENSP00000334490-uc002zrq.2-uc010gsa.2, ENSP00000431883-uc001qhb.1-uc009zcz.1, ENSP00000436958-uc001pbl.2-uc001pbk.2	0.999999996097	E
1	3.75222897902e-09	1	ENSP00000261475-uc001wss.2-uc001wst.2, ENSP00000268603-uc002eoi.2-uc010cdn.2, ENSP00000369213-uc003zra.2-uc010mjj.2, ENSP00000375809-uc002pbj.2-uc002pbi.2	0.999999996248	E
1	3.75222897902e-09	1	ENSP00000316042-uc003lbt.2-uc010jeo.2, ENSP00000356641-uc001gku.1-uc009wwv.2, ENSP00000361009-uc002xtw.1-uc002xtv.1, ENSP00000434442-uc001ndt.2-uc010rhc.1	0.999999996248	E
1	3.73932752129e-09	1	ENSP00000257700-uc003vda.1-uc010ljj.1, ENSP00000357904-uc001ewy.2-uc010pcr.1, ENSP00000376250-uc003fsv.2-uc003fsw.2, ENSP00000378438-uc002azq.3-uc002azr.3	0.999999996261	E
1	3.71801079505e-09	1	ENSP00000260570-uc002rku.2-uc010ezb.2, ENSP00000334143-uc002vxx.3-uc002vxy.2, ENSP00000360151-uc001kmp.2-uc001kmo.2, ENSP00000380869-uc010tlt.1-uc010ain.2	0.999999996282	E
1	3.70794085013e-09	1	ENSP00000219439-uc002fhk.2-uc010vnv.1, ENSP00000261733-uc001tst.2-uc010syi.1, ENSP00000352288-uc003bkv.3-uc003bkt.1, ENSP00000358605-uc001kzc.3-uc001kzb.2	0.999999996292	E
1	3.62079766825e-09	1	ENSP00000234256-uc010yqa.1-uc010ypz.1, ENSP00000298317-uc001qde.2-uc010sbl.1, ENSP00000407642-uc004fhc.2-uc004fhd.2, ENSP00000457258-uc002ejb.2-uc002ejc.2	0.999999996379	E
1	3.61646468982e-09	1	ENSP00000251119-uc001xka.2-uc010tsz.1, ENSP00000279068-uc010gjy.1-uc010zzz.1, ENSP00000361178-uc004eof.1-uc004eog.1, ENSP00000471888-uc010vhz.1-uc010vhw.1	0.999999996384	E
1	3.56636643076e-09	1	ENSP00000219070-uc002ehz.3-uc002eia.3, ENSP00000263980-uc001bnm.2-uc001bnl.2, ENSP00000354622-uc002ici.1-uc010whi.1, ENSP00000364218-uc004aym.2-uc004ayk.2	0.999999996434	E
1	3.56379726365e-09	1	ENSP00000264669-uc003jeb.2-uc003jec.2, ENSP00000380860, ENSP00000416097-uc011maw.1-uc010mxw.2, ENSP00000461108-uc002qis.3-uc002qiw.2	0.999999996436	E
1	3.55952201681e-09	1	ENSP00000269217-uc002kus.3-uc002kut.3, ENSP00000346762-uc003vmi.2-uc010lle.2, ENSP00000355428-uc001iew.1-uc010pzq.1, ENSP00000365388-uc001isv.2-uc010qdf.1	0.99999999644	E
1	3.55474272872e-09	1	ENSP00000223357-uc003tkb.2-uc003tkd.2, ENSP00000263563-uc001jrd.3-uc001jre.3, ENSP00000282308-uc002qqu.2-uc010euj.2, ENSP00000407487-uc002bqg.2-uc002bqi.2	0.999999996445	E
1	3.50984397718e-09	1	ENSP00000046794-uc003man.1-uc011des.1, ENSP00000367030-uc001iop.2-uc001ior.2, ENSP00000370074-uc003mug.2-uc003muf.2, ENSP00000420793-uc002scl.2-uc010ypx.1	0.99999999649	E
1	3.48217921771e-09	1	ENSP00000253925-uc001opo.2-uc001opr.2, ENSP00000314499-uc003gbm.3-uc003gbk.3, ENSP00000352288-uc003bkv.3-uc003bkt.1, ENSP00000377756-uc010hoy.2-uc003drw.2	0.999999996518	E
1	3.46287110697e-09	1	ENSP00000238714-uc002sai.2-uc010fch.2, ENSP00000278193-uc001mrl.2-uc009yii.2, ENSP00000351126-uc003kod.3-uc003kof.2, ENSP00000358694-uc001kyp.1-uc001kyq.1	0.999999996537	E
1	3.43494167034e-09	1	ENSP00000275227-uc003qdw.1-uc010kgd.1, ENSP00000303696-uc002lwr.2-uc010xha.1, ENSP00000370761-uc001rgn.2-uc001rgo.2, ENSP00000395653-uc002hbf.1-uc002hbg.1	0.999999996565	E
1	3.42655870932e-09	1	ENSP00000299853-uc002dkk.2-uc010vbt.1, ENSP00000366475-uc001obx.2-uc001obw.2, ENSP00000386609-uc002ftj.2-uc010vqq.1, ENSP00000393835-uc010eci.2-uc002nog.2	0.999999996573	E
1	3.42469941881e-09	1	ENSP00000264669-uc003jeb.2-uc003jec.2, ENSP00000267836-uc001zwj.3-uc001zwh.3, ENSP00000354995-uc002zaq.2-uc002zao.2, ENSP00000366502-uc010oag.1-uc001aqf.2	0.999999996575	E
1	3.41053896817e-09	1	ENSP00000253270-uc004awc.2-uc004awd.2, ENSP00000287295-uc004evg.2-uc004evi.2, ENSP00000355973-uc001hif.2-uc009xcz.2, ENSP00000365388-uc001isv.2-uc010qdf.1	0.999999996589	E
1	3.40961659488e-09	1	ENSP00000278903-uc001qca.2-uc010sbf.1, ENSP00000380025-uc002vhp.1-uc010zjz.1, ENSP00000406012-uc002cmb.2-uc002clz.2, ENSP00000471156-uc004eau.2-uc011mqe.1	0.99999999659	E
1	3.39322093222e-09	1	ENSP00000266022-uc003cyc.2-uc011bdi.1, ENSP00000300935-uc002ndn.3-uc002ndo.3, ENSP00000361892-uc002xnb.2-uc010ggy.2, ENSP00000471074-uc002xfh.2-uc002xfg.2	0.999999996607	E
1	3.38914741291e-09	1	ENSP00000239223-uc003mbv.1-uc011dez.1, ENSP00000264720-uc002rjw.1-uc010eyy.1, ENSP00000329867-uc001ouw.2-uc001oux.2, ENSP00000355827-uc001hoh.2-uc010pvc.1	0.999999996611	E
1	3.34788008987e-09	1	ENSP00000184956-uc002iyk.1-uc010ddk.1, ENSP00000265594-uc003fle.2-uc003flf.2, ENSP00000365388-uc001isv.2-uc010qdf.1, ENSP00000400175-uc003cwu.2-uc010hku.2	0.999999996652	E
1	3.28887317921e-09	1	ENSP00000253247-uc002jgd.1-uc010deu.1, ENSP00000334738-uc003adk.2-uc011akg.1, ENSP00000358635-uc003pla.2-uc003pkz.2, ENSP00000365943-uc004ajz.2-uc004akb.2	0.999999996711	E
1	3.28122685117e-09	1	ENSP00000313885-uc002jnz.3-uc002job.3, ENSP00000329419-uc003etf.3-uc011bmv.1, ENSP00000334738-uc003adk.2-uc011akg.1, ENSP00000347924-uc001leb.2-uc001ldy.2	0.999999996719	E
1	3.27563998685e-09	1	ENSP00000276893-uc003zjy.2-uc003zkb.2, ENSP00000317232-uc002hxv.2-uc002hxw.1, ENSP00000396205-uc011mad.1-uc010mxi.2, ENSP00000419098-uc004cdd.2-uc004cdc.2	0.999999996724	E
1	3.25470040338e-09	1	ENSP00000238823-uc002rpa.1-uc010ynd.1, ENSP00000299638-uc002aet.3-uc002aeu.3, ENSP00000415436-uc001rrx.2-uc001rru.2, ENSP00000440978-uc010swq.1-uc010swp.1	0.999999996745	E
1	3.24093197249e-09	1	ENSP00000247956-uc002mku.2-uc002mkw.2, ENSP00000339314-uc002zxs.2-uc002zxr.1, ENSP00000361474-uc004eng.2-uc004enf.2, ENSP00000377617-uc002skk.2-uc010yrp.1	0.999999996759	E
1	3.21712479397e-09	1	ENSP00000263196-uc002zoq.1-uc011agr.1, ENSP00000265348-uc003otq.2-uc010jyh.2, ENSP00000421741-uc003gde.3-uc010ibv.2, ENSP00000471039-uc004dlx.1-uc004dlw.1	0.999999996783	E
1	3.21578086899e-09	1	ENSP00000261844-uc002acg.3-uc002acf.3, ENSP00000316578-uc002hgs.2-uc002hgt.2, ENSP00000319255-uc001pdg.2-uc009yvz.2, ENSP00000401980-uc002wjw.3-uc002wjy.3	0.999999996784	E
1	3.10778780971e-09	1	ENSP00000217909-uc004erd.2-uc011mtt.1, ENSP00000298229-uc001osf.2-uc001osg.2, ENSP00000300737-uc001lyv.2-uc009yeg.2, ENSP00000402301-uc003yia.2-uc010mbg.2	0.999999996892	E
1	3.10390569285e-09	1	ENSP00000261658-uc002dco.2-uc010uzh.1, ENSP00000303153-uc003yvd.2-uc011ljo.1, ENSP00000370467-uc004crv.2-uc010ndl.2, ENSP00000413851-uc002kud.2-uc002kub.2	0.999999996896	E
1	3.08503445488e-09	1	ENSP00000227752-uc001prv.2-uc010rxn.1, ENSP00000253270-uc004awc.2-uc004awd.2, ENSP00000297029-uc003ssn.3-uc003sso.3, ENSP00000332595-uc003ttz.2-uc003tub.2	0.999999996915	E
1	3.04379211188e-09	1	ENSP00000262982-uc002xty.2-uc010ghy.2, ENSP00000266022-uc003cyc.2-uc011bdi.1, ENSP00000271227-uc001dqv.3-uc010ott.1, ENSP00000299608-uc002lkf.2-uc010xez.1	0.999999996956	E
1	3.03695513643e-09	1	ENSP00000265348-uc003otq.2-uc010jyh.2, ENSP00000354622-uc002ici.1-uc010whi.1, ENSP00000354671-uc001cov.2-uc001cpa.2, ENSP00000380869-uc010tlt.1-uc010ain.2	0.999999996963	E
1	2.9327673666e-09	1	ENSP00000248594-uc003ugh.2-uc010lds.2, ENSP00000250896-uc002lus.2-uc002luq.1, ENSP00000303279-uc001hmc.2-uc001hmd.2, ENSP00000452296-uc001vwc.3-uc001vwb.3	0.999999997067	E
1	2.93056535024e-09	1	ENSP00000248594-uc003ugh.2-uc010lds.2, ENSP00000316426-uc002hqi.3-uc010cvn.1, ENSP00000318884, ENSP00000348429-uc001kzu.2-uc010qrj.1	0.999999997069	E
1	2.91013813471e-09	1	ENSP00000238823-uc002rpa.1-uc010ynd.1, ENSP00000271732-uc001evj.2-uc010pci.1, ENSP00000362884-uc001brw.2-uc001brx.2, ENSP00000378322-uc003hvu.2-uc010ilk.2	0.99999999709	E
1	2.81717138903e-09	1	ENSP00000354040-uc001ift.2-uc010qad.1, ENSP00000354850-uc001ktv.2-uc001ktu.2, ENSP00000362580-uc010ohm.1-uc010ohn.1, ENSP00000434442-uc001ndt.2-uc010rhc.1	0.999999997183	E
1	2.8008519987e-09	1	ENSP00000260506-uc001dpw.2-uc010otl.1, ENSP00000351338-uc003csx.2-uc003cst.2, ENSP00000355623-uc001hub.2-uc009xfh.1, ENSP00000357448-uc001ffr.2-uc010pep.1	0.999999997199	E
1	2.79921952676e-09	1	ENSP00000261308-uc003jtv.3-uc011cqw.1, ENSP00000351635-uc002abr.1-uc002abs.1, ENSP00000352645-uc003tvn.2-uc011kef.1, ENSP00000423485-uc010jgh.2-uc003lmh.3	0.999999997201	E
1	2.77423129299e-09	1	ENSP00000311427-uc002bau.2-uc002bav.2, ENSP00000338235-uc003yhz.2-uc010mbf.2, ENSP00000386609-uc002ftj.2-uc010vqq.1, ENSP00000430548-uc003yht.1-uc003yhu.1	0.999999997226	E
1	2.70897060706e-09	1	ENSP00000263578-uc001qdi.2-uc010sbn.1, ENSP00000364509-uc004auf.1-uc010mrj.1, ENSP00000420533-uc003gdq.3-uc003gds.3, ENSP00000462521-uc001enn.3-uc001enm.1	0.999999997291	E
1	2.65327582479e-09	1	ENSP00000184956-uc002iyk.1-uc010ddk.1, ENSP00000313007-uc003yjs.1-uc011lhd.1, ENSP00000317904-uc002plp.2-uc010xzy.1, ENSP00000323591-uc002gst.2-uc010vxq.1	0.999999997347	E
1	2.64046762581e-09	1	ENSP00000226067-uc002iug.1-uc010dce.1, ENSP00000336775-uc002bup.2-uc002buq.2, ENSP00000411409-uc002cof.1-uc002coe.1, ENSP00000428924-uc003xsk.3-uc003xsl.3	0.99999999736	E
1	2.6109258123e-09	1	ENSP00000217909-uc004erd.2-uc011mtt.1, ENSP00000265872-uc001joo.2-uc010qjb.1, ENSP00000321853-uc002ftk.1-uc010vqr.1, ENSP00000370658-uc001riq.2-uc009zjl.2	0.999999997389	E
1	2.56501387126e-09	1	ENSP00000351338-uc003csx.2-uc003cst.2, ENSP00000357904-uc001ewy.2-uc010pcr.1, ENSP00000445044-uc001nbw.1-uc001nby.1, ENSP00000467437-uc002jwj.2-uc002jwl.2	0.999999997435	E
1	2.56452170939e-09	1	ENSP00000304669-uc003ldh.2-uc003ldl.2, ENSP00000359819-uc004eyb.2-uc010nrv.2, ENSP00000371531-uc003zhl.1-uc003zhn.1, ENSP00000418285	0.999999997435	E
1	2.56353272272e-09	1	ENSP00000296473-uc003cxz.2-uc003cya.2, ENSP00000318883-uc002zmw.2-uc002zna.2, ENSP00000373783-uc003xdh.1-uc010lty.1, ENSP00000385839-uc001snt.2-uc009zpn.1	0.999999997436	E
1	2.56077537281e-09	1	ENSP00000326804-uc003wey.2-uc003wez.2, ENSP00000356849-uc001gdt.1-uc010plf.1, ENSP00000357283-uc001fni.2-uc001fnk.2, ENSP00000415436-uc001rrx.2-uc001rru.2	0.999999997439	E
1	2.55512700214e-09	1	ENSP00000261844-uc002acg.3-uc002acf.3, ENSP00000280377-uc001src.1-uc001srb.1, ENSP00000319726-uc001odu.3-uc009yqj.2, ENSP00000345731-uc003fxn.3-uc011bud.1	0.999999997445	E
1	2.55255883423e-09	1	ENSP00000317904-uc002plp.2-uc010xzy.1, ENSP00000349708-uc001byh.2-uc010oht.1, ENSP00000350578-uc002yma.2-uc011acg.1, ENSP00000449960-uc001sef.2-uc001see.2	0.999999997447	E
1	2.52448284818e-09	1	ENSP00000354958-uc001fjm.2-uc009wql.2, ENSP00000371535-uc003grg.2-uc003grh.2, ENSP00000396861-uc010jaf.1-uc003kga.2, ENSP00000403476-uc010oia.1-uc010oib.1	0.999999997476	E
1	2.50700771568e-09	1	ENSP00000255977-uc003vvt.2-uc011krd.1, ENSP00000355499-uc001hzw.2-uc001hzx.2, ENSP00000364509-uc004auf.1-uc010mrj.1, ENSP00000415436-uc001rrx.2-uc001rru.2	0.999999997493	E
1	2.46949028198e-09	1	ENSP00000270570-uc002gvy.1-uc010cqp.1, ENSP00000296051-uc003ewu.1-uc011bnq.1, ENSP00000349636-uc002itb.2-uc002ita.2, ENSP00000368020-uc003kxo.2-uc003kxm.2	0.999999997531	E
1	2.46007747809e-09	1	ENSP00000238667-uc001xrs.2-uc010tvd.1, ENSP00000301475-uc010dwg.1-uc010xkh.1, ENSP00000359998-uc003pbf.2-uc003pbe.2, ENSP00000379411-uc002dhg.3-uc002dhh.3	0.99999999754	E
1	2.4455204558e-09	1	ENSP00000258796-uc003smp.2-uc010ksn.2, ENSP00000311427-uc002bau.2-uc002bav.2, ENSP00000367227-uc003zyo.2-uc003zyn.2, ENSP00000379931-uc003ccg.2-uc010hfc.2	0.999999997554	E
1	2.44323517272e-09	1	ENSP00000245787-uc002tlk.2-uc010yye.1, ENSP00000262031-uc001sln.2-uc010sqp.1, ENSP00000331682-uc002zsl.1-uc011ahr.1, ENSP00000378438-uc002azq.3-uc002azr.3	0.999999997557	E
1	2.41883047218e-09	1	ENSP00000262207-uc003yan.2-uc011lfl.1, ENSP00000265000-uc003isz.3-uc011ckb.1, ENSP00000317232-uc002hxv.2-uc002hxw.1, ENSP00000359364-uc002yeh.2-uc011aaq.1	0.999999997581	E
1	2.40967068811e-09	1	ENSP00000264424-uc003ipc.2-uc003ipd.2, ENSP00000290231-uc002xre.2-uc002xrc.2, ENSP00000369681-uc002amf.2-uc010uik.1, ENSP00000473196-uc004fip.2-uc004fio.2	0.99999999759	E
1	2.40567044352e-09	1	ENSP00000262031-uc001sln.2-uc010sqp.1, ENSP00000293261-uc002pix.1-uc010xzo.1, ENSP00000376362-uc001tui.1-uc001tuh.2, ENSP00000387261-uc002lbp.3-uc002lbq.3	0.999999997594	E
1	2.40145414953e-09	1	ENSP00000226067-uc002iug.1-uc010dce.1, ENSP00000280700-uc003cdl.2-uc003cdk.2, ENSP00000299638-uc002aet.3-uc002aeu.3, ENSP00000311429-uc002aqb.2-uc010bhv.2	0.999999997599	E
1	2.37437270127e-09	1	ENSP00000247178-uc001xbx.1-uc001xbw.1, ENSP00000264977-uc003eqv.1-uc011blz.1, ENSP00000273371-uc003ecu.2-uc011bjc.1, ENSP00000343129-uc001pwz.2-uc001pwy.2	0.999999997626	E
1	2.34987463098e-09	1	ENSP00000225388-uc002hdy.3-uc002hdx.3, ENSP00000306920-uc003cfi.1-uc003cfj.1, ENSP00000361474-uc004eng.2-uc004enf.2, ENSP00000378394-uc001jsm.2-uc001jsl.2	0.99999999765	E
1	2.31652564066e-09	1	ENSP00000264555-uc001lqe.2-uc009yca.1, ENSP00000320885-uc002roc.2-uc002rod.2, ENSP00000370761-uc001rgn.2-uc001rgo.2, ENSP00000471656-uc001qsi.2-uc010sfw.1	0.999999997683	E
1	2.27213403906e-09	1	ENSP00000160298-uc002mgv.3-uc002mgw.2, ENSP00000327214-uc001baa.2-uc001azz.1, ENSP00000354995-uc002zaq.2-uc002zao.2, ENSP00000404684-uc003cui.2-uc003cuk.2	0.999999997728	E
1	2.25687158106e-09	1	ENSP00000308344-uc002jbc.2-uc010wpn.1, ENSP00000320663-uc002rsi.2-uc010ynv.1, ENSP00000363506-uc002xcd.2-uc010zuz.1, ENSP00000438341-uc001tnj.2-uc010sxf.1	0.999999997743	E
1	2.251002276e-09	1	ENSP00000350249-uc003vlm.2-uc003vlo.2, ENSP00000354040-uc001ift.2-uc010qad.1, ENSP00000356155-uc001haw.2-uc010pqv.1, ENSP00000365943-uc004ajz.2-uc004akb.2	0.999999997749	E
1	2.24788832245e-09	1	ENSP00000248248-uc002fez.2-uc010vng.1, ENSP00000318012-uc004bvu.3-uc011mbj.1, ENSP00000347427-uc010vsl.1-uc010vsp.1, ENSP00000376930-uc003emz.3-uc011blc.1	0.999999997752	E
1	2.22427299049e-09	1	ENSP00000203407-uc003cub.1-uc003cua.1, ENSP00000246505-uc010tjw.1-uc001vtf.2, ENSP00000334738-uc003adk.2-uc011akg.1, ENSP00000387133-uc010mda.1-uc010mdb.1	0.999999997776	E
1	2.21448826189e-09	1	ENSP00000354837-uc001fmt.2-uc001fmq.2, ENSP00000364001-uc001iwx.3-uc001iwv.3, ENSP00000419231-uc003esl.2-uc011bmm.1, ENSP00000467423-uc002mcg.2-uc010xiu.1	0.999999997786	E
1	2.19826579404e-09	1	ENSP00000264346-uc011cdi.1-uc011cdl.1, ENSP00000296350-uc003fxk.3-uc003fxl.3, ENSP00000373347-uc003brf.1-uc003brg.1, ENSP00000430548-uc003yht.1-uc003yhu.1	0.999999997802	E
1	2.1711998889e-09	1	ENSP00000258733-uc003swb.2-uc011jyz.1, ENSP00000353458-uc001wsk.2-uc001wsl.2, ENSP00000355330-uc002xhr.2-uc010zvx.1, ENSP00000386725-uc002uny.2-uc002unw.2	0.999999997829	E
1	2.1440629295e-09	1	ENSP00000354995-uc002zaq.2-uc002zao.2, ENSP00000368076-uc002fbm.1-uc010vml.1, ENSP00000384338-uc002twh.2-uc010zbn.1, ENSP00000393978-uc002pfj.2-uc002pfd.2	0.999999997856	E
1	2.12094675381e-09	1	ENSP00000251119-uc001xka.2-uc010tsz.1, ENSP00000280700-uc003cdl.2-uc003cdk.2, ENSP00000359830-uc001dhu.2-uc009wca.1, ENSP00000366395-uc001odb.2-uc009yqc.2	0.999999997879	E
1	2.10847484139e-09	1	ENSP00000219070-uc002ehz.3-uc002eia.3, ENSP00000271688-uc001evz.2-uc009wmh.2, ENSP00000356574-uc001gnz.2-uc001goc.2, ENSP00000428924-uc003xsk.3-uc003xsl.3	0.999999997892	E
1	2.09072048781e-09	1	ENSP00000249075-uc003agz.2-uc011aks.1, ENSP00000279281-uc001ocr.1-uc001ocs.1, ENSP00000310129-uc003fnn.1-uc011brk.1, ENSP00000458290-uc002klh.3-uc010dkj.2	0.999999997909	E
1	2.04358241649e-09	1	ENSP00000282003-uc001vkw.1-uc010afc.2, ENSP00000324882-uc003vko.2-uc011kny.1, ENSP00000355299-uc001gqt.3-uc001gqu.3, ENSP00000436958-uc001pbl.2-uc001pbk.2	0.999999997956	E
1	2.03229566715e-09	1	ENSP00000221200-uc003xeo.2-uc011lad.1, ENSP00000265651-uc001muz.2-uc010rej.1, ENSP00000307275-uc001fjs.2-uc001fjr.2, ENSP00000399584-uc004csx.3-uc010ndt.2	0.999999997968	E
1	1.97124383677e-09	1	ENSP00000324944-uc003ncx.1-uc011dji.1, ENSP00000367227-uc003zyo.2-uc003zyn.2, ENSP00000414224-uc002tmk.2-uc010yys.1, ENSP00000417548-uc001msx.2-uc009yjn.1	0.999999998029	E
1	1.95811622664e-09	1	ENSP00000258796-uc003smp.2-uc010ksn.2, ENSP00000348429-uc001kzu.2-uc010qrj.1, ENSP00000358918-uc001kvy.1-uc009xxe.1, ENSP00000386844	0.999999998042	E
1	1.93065186247e-09	1	ENSP00000271732-uc001evj.2-uc010pci.1, ENSP00000298317-uc001qde.2-uc010sbl.1, ENSP00000363283-uc001bmr.1-uc010ofe.1, ENSP00000420793-uc002scl.2-uc010ypx.1	0.999999998069	E
1	1.91649318821e-09	1	ENSP00000275227-uc003qdw.1-uc010kgd.1, ENSP00000312618-uc003ela.3-uc003ele.2, ENSP00000366299-uc002ign.2-uc010czu.2, ENSP00000446289-uc003kdc.3-uc011css.1	0.999999998084	E
1	1.90411153692e-09	1	ENSP00000268603-uc002eoi.2-uc010cdn.2, ENSP00000310657-uc001jvk.2-uc010qks.1, ENSP00000361355-uc001kbl.2-uc001kbo.3, ENSP00000367830-uc001aiq.2-uc009vla.2	0.999999998096	E
1	1.88845450567e-09	1	ENSP00000260762-uc001kig.2-uc001kih.2, ENSP00000261798-uc003lqy.1-uc003lqu.2, ENSP00000312244-uc004cuw.2-uc004cux.2, ENSP00000392775-uc003vbd.2-uc011klj.1	0.999999998112	E
1	1.86081439319e-09	1	ENSP00000226578-uc003hwg.2-uc011ces.1, ENSP00000239906-uc003lcw.2-uc011cyr.1, ENSP00000261173-uc001tbh.2-uc009zsr.2, ENSP00000349490-uc003ass.1-uc003asr.1	0.999999998139	E
1	1.8528496532e-09	1	ENSP00000263563-uc001jrd.3-uc001jre.3, ENSP00000311427-uc002bau.2-uc002bav.2, ENSP00000357551-uc001lmg.1-uc001lmf.1, ENSP00000469947-uc001qsl.2-uc009zfr.2	0.999999998147	E
1	1.85280613246e-09	1	ENSP00000225573-uc002imo.2-uc010wla.1, ENSP00000246957-uc002cvt.3-uc010uxf.1, ENSP00000257287-uc003hbi.2-uc003hbj.2, ENSP00000304592-uc002kdu.2-uc002kdv.1	0.999999998147	E
1	1.84632742599e-09	1	ENSP00000242209-uc003tdh.2-uc011kam.1, ENSP00000262394-uc002gzd.1-uc002gze.1, ENSP00000338235-uc003yhz.2-uc010mbf.2, ENSP00000415889-uc003wut.1-uc011kxl.1	0.999999998154	E
1	1.82135817705e-09	1	ENSP00000261292-uc002ldv.2-uc010xdh.1, ENSP00000280377-uc001src.1-uc001srb.1, ENSP00000296051-uc003ewu.1-uc011bnq.1, ENSP00000423485-uc010jgh.2-uc003lmh.3	0.999999998179	E
1	1.81122905727e-09	1	ENSP00000261173-uc001tbh.2-uc009zsr.2, ENSP00000289407-uc003vop.1-uc003voq.1, ENSP00000302728-uc003tun.2-uc011kdt.1, ENSP00000305533-uc003hnt.2-uc003hnv.2	0.999999998189	E
1	1.80324511041e-09	1	ENSP00000193322-uc003psd.2-uc003pse.1, ENSP00000245541-uc002jni.1-uc002jnj.1, ENSP00000318868-uc002gta.2-uc010vxt.1, ENSP00000417980-uc011mfc.1-uc004coe.2	0.999999998197	E
1	1.8023957898e-09	1	ENSP00000298229-uc001osf.2-uc001osg.2, ENSP00000345895-uc003bfr.2-uc011aqn.1, ENSP00000362649-uc001bvb.1-uc010ohf.1, ENSP00000436604-uc001tbd.2-uc001tbe.2	0.999999998198	E
1	1.80186710159e-09	1	ENSP00000327179-uc002ews.3-uc010cfi.2, ENSP00000343617-uc002qqw.2-uc010yhp.1, ENSP00000358918-uc001kvy.1-uc009xxe.1, ENSP00000362649-uc001bvb.1-uc010ohf.1	0.999999998198	E
1	1.77546399962e-09	1	ENSP00000333657-uc002yzf.1-uc010gop.1, ENSP00000334738-uc003adk.2-uc011akg.1, ENSP00000345895-uc003bfr.2-uc011aqn.1, ENSP00000417185-uc001afs.2-uc001afr.2	0.999999998225	E
1	1.77487247279e-09	1	ENSP00000261819-uc001uag.2-uc010szv.1, ENSP00000386935-uc010ncb.2-uc004cla.3, ENSP00000404684-uc003cui.2-uc003cuk.2, ENSP00000439856-uc002nei.1-uc010xpg.1	0.999999998225	E
1	1.72521774793e-09	1	ENSP00000226004-uc002ied.3-uc002ief.1, ENSP00000226578-uc003hwg.2-uc011ces.1, ENSP00000291358-uc001bum.2-uc010ogz.1, ENSP00000378736-uc003tus.2-uc003tuu.2	0.999999998275	E
1	1.72256586921e-09	1	ENSP00000264963-uc002swu.2-uc010yuw.1, ENSP00000307275-uc001fjs.2-uc001fjr.2, ENSP00000415034-uc003cqp.2-uc010hjo.1, ENSP00000462311-uc002llm.1-uc010dqs.2	0.999999998277	E
1	1.7095185282e-09	1	ENSP00000271657-uc001exr.2-uc010pcw.1, ENSP00000304669-uc003ldh.2-uc003ldl.2, ENSP00000356155-uc001haw.2-uc010pqv.1, ENSP00000368031-uc001aga.1-uc001agb.1	0.99999999829	E
1	1.69235248181e-09	1	ENSP00000254260-uc002nuf.2-uc010xro.1, ENSP00000267484-uc001xen.1-uc001xek.1, ENSP00000347532-uc009xyw.2-uc001lcy.3, ENSP00000462311-uc002llm.1-uc010dqs.2	0.999999998308	E
1	1.68765046525e-09	1	ENSP00000316578-uc002hgs.2-uc002hgt.2, ENSP00000317382-uc001pdn.2-uc001pdm.2, ENSP00000345772-uc003oku.3-uc010jvx.2, ENSP00000457258-uc002ejb.2-uc002ejc.2	0.999999998312	E
1	1.6758539015e-09	1	ENSP00000281924-uc002ttx.2-uc002tty.2, ENSP00000294785-uc001fvx.2-uc010pjg.1, ENSP00000376534-uc002uao.2-uc002uap.2, ENSP00000471888-uc010vhz.1-uc010vhw.1	0.999999998324	E
1	1.66018376962e-09	1	ENSP00000254260-uc002nuf.2-uc010xro.1, ENSP00000308018-uc003ziz.1-uc003zja.1, ENSP00000352645-uc003tvn.2-uc011kef.1, ENSP00000377566-uc002esa.2-uc002esc.2	0.99999999834	E
1	1.64691838081e-09	1	ENSP00000274000-uc003iaj.3-uc003iak.3, ENSP00000297044-uc003spt.2-uc011jws.1, ENSP00000322323-uc003sip.2-uc011jvn.1, ENSP00000379931-uc003ccg.2-uc010hfc.2	0.999999998353	E
1	1.63029656574e-09	1	ENSP00000256339-uc001ybs.1-uc001ybv.1, ENSP00000313490-uc002gkr.2-uc002gks.2, ENSP00000313953-uc002rom.2-uc002ron.2, ENSP00000373783-uc003xdh.1-uc010lty.1	0.99999999837	E
1	1.61466129486e-09	1	ENSP00000267484-uc001xen.1-uc001xek.1, ENSP00000318012-uc004bvu.3-uc011mbj.1, ENSP00000361355-uc001kbl.2-uc001kbo.3, ENSP00000401980-uc002wjw.3-uc002wjy.3	0.999999998385	E
1	1.61021751618e-09	1	ENSP00000261844-uc002acg.3-uc002acf.3, ENSP00000262177-uc003wnk.2-uc011kvz.1, ENSP00000357047-uc003qcs.1-uc003qcr.1, ENSP00000362590-uc003onn.2-uc003onp.2	0.99999999839	E
1	1.60398872091e-09	1	ENSP00000342222-uc002gpy.2-uc002gpz.2, ENSP00000349174-uc003hwc.2-uc003hwa.1, ENSP00000359830-uc001dhu.2-uc009wca.1, ENSP00000396205-uc011mad.1-uc010mxi.2	0.999999998396	E
1	1.60374558207e-09	1	ENSP00000318373-uc002rkk.2-uc002rkj.2, ENSP00000369773-uc003mux.2-uc011dhs.1, ENSP00000380025-uc002vhp.1-uc010zjz.1, ENSP00000411471-uc003fmz.2-uc003fnb.2	0.999999998396	E
1	1.60014923662e-09	1	ENSP00000237596-uc003hre.2-uc011cdg.1, ENSP00000327179-uc002ews.3-uc010cfi.2, ENSP00000336923-uc003ilf.2-uc003ili.2, ENSP00000377864-uc001ses.2-uc001sev.2	0.9999999984	E
1	1.5775266661e-09	1	ENSP00000300584-uc002bcy.3-uc010bla.2, ENSP00000313007-uc003yjs.1-uc011lhd.1, ENSP00000339314-uc002zxs.2-uc002zxr.1, ENSP00000349748-uc001bys.2-uc001byr.2	0.999999998422	E
1	1.5591006276e-09	1	ENSP00000248248-uc002fez.2-uc010vng.1, ENSP00000328287-uc003cxh.2-uc003cxi.2, ENSP00000359050-uc009xwy.1-uc009xwx.1, ENSP00000406012-uc002cmb.2-uc002clz.2	0.999999998441	E
1	1.55568003045e-09	1	ENSP00000225577-uc002ixy.2-uc002ixz.2, ENSP00000238667-uc001xrs.2-uc010tvd.1, ENSP00000256398-uc003xgo.3-uc011lat.1, ENSP00000386935-uc010ncb.2-uc004cla.3	0.999999998444	E
1	1.55029433855e-09	1	ENSP00000375936-uc002vkw.1-uc002vky.2, ENSP00000385030-uc002rgu.2-uc010ykr.1, ENSP00000439628-uc002fuy.1-uc010ckc.1, ENSP00000474435-uc002hjr.2-uc010wcj.1	0.99999999845	E
1	1.54850377085e-09	1	ENSP00000261292-uc002ldv.2-uc010xdh.1, ENSP00000379350-uc001iwt.3-uc001iwr.3, ENSP00000390121-uc002jbv.2-uc010wps.1, ENSP00000419098-uc004cdd.2-uc004cdc.2	0.999999998451	E
1	1.53690038592e-09	1	ENSP00000252015-uc002xbk.2-uc010zuq.1, ENSP00000297990-uc003zsz.2-uc003zsy.2, ENSP00000319255-uc001pdg.2-uc009yvz.2, ENSP00000418754-uc011dve.1-uc010jyj.1	0.999999998463	E
1	1.53509549634e-09	1	ENSP00000253270-uc004awc.2-uc004awd.2, ENSP00000281471-uc001rkq.3-uc009zjs.2, ENSP00000356849-uc001gdt.1-uc010plf.1, ENSP00000440495-uc010xim.1-uc002mbr.3	0.999999998465	E
1	1.51216872472e-09	1	ENSP00000336923-uc003ilf.2-uc003ili.2, ENSP00000356591-uc001gml.2-uc010pnk.1, ENSP00000363506-uc002xcd.2-uc010zuz.1, ENSP00000404684-uc003cui.2-uc003cuk.2	0.999999998488	E
1	1.50164925052e-09	1	ENSP00000265565-uc003crh.1-uc003crg.2, ENSP00000318176-uc002umf.2-uc002umd.2, ENSP00000356713-uc003qho.2-uc011edm.1, ENSP00000440926-uc003xfp.1-uc003xfq.1	0.999999998498	E
1	1.48408285771e-09	1	ENSP00000261739-uc001tpx.2-uc001tqa.2, ENSP00000328103-uc003ala.1-uc003akx.1, ENSP00000383191-uc002zhg.2-uc002zhk.2, ENSP00000407642-uc004fhc.2-uc004fhd.2	0.999999998516	E
1	1.4821981431e-09	1	ENSP00000356641-uc001gku.1-uc009wwv.2, ENSP00000369538-uc001iil.3-uc001iim.3, ENSP00000380025-uc002vhp.1-uc010zjz.1, ENSP00000471771-uc004eay.3-uc010nll.2	0.999999998518	E
1	1.48144918664e-09	1	ENSP00000261733-uc001tst.2-uc010syi.1, ENSP00000270570-uc002gvy.1-uc010cqp.1, ENSP00000359998-uc003pbf.2-uc003pbe.2, ENSP00000376333-uc002joh.2-uc010wsd.1	0.999999998519	E
1	1.46660439456e-09	1	ENSP00000260600-uc002rfs.3-uc002rfr.3, ENSP00000314420-uc002gkd.2-uc010cns.2, ENSP00000354995-uc002zaq.2-uc002zao.2, ENSP00000359819-uc004eyb.2-uc010nrv.2	0.999999998533	E
1	1.44895673342e-09	1	ENSP00000222145-uc002pki.2-uc002pkh.2, ENSP00000378322-uc003hvu.2-uc010ilk.2, ENSP00000413507-uc011kav.1-uc003tey.2, ENSP00000440495-uc010xim.1-uc002mbr.3	0.999999998551	E
1	1.42553557949e-09	1	ENSP00000261733-uc001tst.2-uc010syi.1, ENSP00000280700-uc003cdl.2-uc003cdk.2, ENSP00000392105-uc010ppm.1-uc001gvo.2, ENSP00000400113-uc001mpi.2-uc001mpj.2	0.999999998574	E
1	1.41801714915e-09	1	ENSP00000261881-uc002apr.2-uc010ujn.1, ENSP00000279068-uc010gjy.1-uc010zzz.1, ENSP00000301831-uc003ckv.3-uc003cku.3, ENSP00000422464-uc003iph.1-uc011cir.1	0.999999998582	E
1	1.38222677844e-09	1	ENSP00000307746-uc003ktq.1-uc003ktp.1, ENSP00000308032-uc002opw.2-uc010xvx.1, ENSP00000311949-uc001gew.2-uc001gez.2, ENSP00000346532-uc002orx.2-uc002ose.2	0.999999998618	E
1	1.36329836402e-09	1	ENSP00000278903-uc001qca.2-uc010sbf.1, ENSP00000288502-uc004bjd.3-uc004bjf.3, ENSP00000323973-uc003emn.2-uc003ems.2, ENSP00000378857-uc003cvj.2-uc011bby.1	0.999999998637	E
1	1.33472166741e-09	1	ENSP00000263578-uc001qdi.2-uc010sbn.1, ENSP00000345895-uc003bfr.2-uc011aqn.1, ENSP00000358694-uc001kyp.1-uc001kyq.1, ENSP00000367227-uc003zyo.2-uc003zyn.2	0.999999998665	E
1	1.31415522995e-09	1	ENSP00000262982-uc002xty.2-uc010ghy.2, ENSP00000279068-uc010gjy.1-uc010zzz.1, ENSP00000406012-uc002cmb.2-uc002clz.2, ENSP00000436958-uc001pbl.2-uc001pbk.2	0.999999998686	E
1	1.30797417427e-09	1	ENSP00000273359-uc003dyk.3-uc011bhq.1, ENSP00000362590-uc003onn.2-uc003onp.2, ENSP00000369871-uc003znk.2-uc011lmz.1, ENSP00000473196-uc004fip.2-uc004fio.2	0.999999998692	E
1	1.30458066657e-09	1	ENSP00000245441-uc001wyi.2-uc001wyj.2, ENSP00000318318-uc002azc.1-uc010ulx.1, ENSP00000330060-uc003cfc.1-uc010hfw.1, ENSP00000419231-uc003esl.2-uc011bmm.1	0.999999998695	E
1	1.30056998589e-09	1	ENSP00000263563-uc001jrd.3-uc001jre.3, ENSP00000297440-uc010krz.1-uc003sjb.2, ENSP00000297837-uc004ayu.2-uc004ayv.1, ENSP00000362608-uc003onk.2-uc011dtw.1	0.999999998699	E
1	1.27954513733e-09	1	ENSP00000256689-uc001rpg.2-uc010sli.1, ENSP00000257700-uc003vda.1-uc010ljj.1, ENSP00000313953-uc002rom.2-uc002ron.2, ENSP00000354086-uc001cxa.3-uc001cxc.3	0.99999999872	E
1	1.25938615171e-09	1	ENSP00000258796-uc003smp.2-uc010ksn.2, ENSP00000290866-uc002jau.1-uc002jav.1, ENSP00000349428-uc002lpp.2-uc002lps.2, ENSP00000404602-uc003soy.1-uc011jwj.1	0.999999998741	E
1	1.25656152229e-09	1	ENSP00000301924-uc003xfl.1-uc010lup.1, ENSP00000313007-uc003yjs.1-uc011lhd.1, ENSP00000361009-uc002xtw.1-uc002xtv.1, ENSP00000369887-uc002afp.2-uc002afn.2	0.999999998743	E
1	1.24316557126e-09	1	ENSP00000304669-uc003ldh.2-uc003ldl.2, ENSP00000356155-uc001haw.2-uc010pqv.1, ENSP00000377389-uc001onw.2-uc001onz.2, ENSP00000436604-uc001tbd.2-uc001tbe.2	0.999999998757	E
1	1.22257604115e-09	1	ENSP00000265963-uc001moh.2-uc001moj.2, ENSP00000285039-uc002leb.2-uc002ldz.2, ENSP00000349490-uc003ass.1-uc003asr.1, ENSP00000454657-uc001wsy.1-uc001wtc.1	0.999999998777	E
1	1.21569288044e-09	1	ENSP00000231338-uc003jin.2-uc003jio.2, ENSP00000264669-uc003jeb.2-uc003jec.2, ENSP00000368076-uc002fbm.1-uc010vml.1, ENSP00000369871-uc003znk.2-uc011lmz.1	0.999999998784	E
1	1.21367505009e-09	1	ENSP00000184956-uc002iyk.1-uc010ddk.1, ENSP00000261413-uc003kbz.3-uc011csd.1, ENSP00000261881-uc002apr.2-uc010ujn.1, ENSP00000279263-uc001oct.2-uc010rny.1	0.999999998786	E
1	1.19807719373e-09	1	ENSP00000005178-uc003uoa.2-uc003unz.2, ENSP00000268099-uc002azb.1-uc002aza.1, ENSP00000334738-uc003adk.2-uc011akg.1, ENSP00000353292-uc001qnw.2-uc001qnv.2	0.999999998802	E
1	1.19017351601e-09	1	ENSP00000302728-uc003tun.2-uc011kdt.1, ENSP00000303147-uc002spr.2-uc010fgk.2, ENSP00000407487-uc002bqg.2-uc002bqi.2, ENSP00000458290-uc002klh.3-uc010dkj.2	0.99999999881	E
1	1.15336562589e-09	1	ENSP00000251119-uc001xka.2-uc010tsz.1, ENSP00000348359-uc001ptt.2-uc009zai.1, ENSP00000386935-uc010ncb.2-uc004cla.3, ENSP00000419879-uc002wls.2-uc010zqv.1	0.999999998847	E
1	1.13447828973e-09	1	ENSP00000348359-uc001ptt.2-uc009zai.1, ENSP00000368800-uc010cdu.2-uc002ept.2, ENSP00000396205-uc011mad.1-uc010mxi.2, ENSP00000413507-uc011kav.1-uc003tey.2	0.999999998866	E
1	1.12828635387e-09	1	ENSP00000207457-uc001bzr.2-uc001bzs.2, ENSP00000265395-uc003szf.2-uc003szh.2, ENSP00000357438-uc001ffx.2-uc001ffu.2, ENSP00000366084-uc001vmd.3-uc010afj.2	0.999999998872	E
1	1.11361964157e-09	1	ENSP00000261475-uc001wss.2-uc001wst.2, ENSP00000287169-uc001nkx.1-uc001nky.1, ENSP00000417132-uc003ddx.2-uc010hmh.2, ENSP00000471156-uc004eau.2-uc011mqe.1	0.999999998886	E
1	1.10434172978e-09	1	ENSP00000269919-uc002nis.1-uc010xqg.1, ENSP00000363506-uc002xcd.2-uc010zuz.1, ENSP00000367830-uc001aiq.2-uc009vla.2, ENSP00000368799-uc001uxu.1-uc010ace.1	0.999999998896	E
1	1.07643094496e-09	1	ENSP00000265140-uc003kkr.3-uc003kks.2, ENSP00000301831-uc003ckv.3-uc003cku.3, ENSP00000318012-uc004bvu.3-uc011mbj.1, ENSP00000337358-uc002zmf.2-uc002zme.2	0.999999998924	E
1	1.06332809281e-09	1	ENSP00000314420-uc002gkd.2-uc010cns.2, ENSP00000318131-uc002peq.3-uc002per.3, ENSP00000330470-uc003akk.2-uc003aki.2, ENSP00000340062	0.999999998937	E
1	1.06294106906e-09	1	ENSP00000301887-uc001ocf.1-uc001oce.1, ENSP00000336923-uc003ilf.2-uc003ili.2, ENSP00000353375-uc003csb.2-uc003crw.2, ENSP00000368884-uc004czu.2-uc011mjk.1	0.999999998937	E
1	1.05034958564e-09	1	ENSP00000242067-uc003tdn.1-uc003tdt.2, ENSP00000301887-uc001ocf.1-uc001oce.1, ENSP00000329002-uc001fes.2-uc009wov.2, ENSP00000396205-uc011mad.1-uc010mxi.2	0.99999999895	E
1	1.04783692889e-09	1	ENSP00000311429-uc002aqb.2-uc010bhv.2, ENSP00000347532-uc009xyw.2-uc001lcy.3, ENSP00000379154-uc001jap.1-uc001jao.1, ENSP00000387258-uc002tcd.3-uc010ywe.1	0.999999998952	E
1	1.0362974928e-09	1	ENSP00000254260-uc002nuf.2-uc010xro.1, ENSP00000323927-uc002hrg.2-uc010cvr.1, ENSP00000362580-uc010ohm.1-uc010ohn.1, ENSP00000386725-uc002uny.2-uc002unw.2	0.999999998964	E
1	1.03580677422e-09	1	ENSP00000259021-uc002ipm.2-uc010wmg.1, ENSP00000310170-uc001ogg.1-uc010ros.1, ENSP00000334738-uc003adk.2-uc011akg.1, ENSP00000365757-uc001irl.3-uc010qcu.1	0.999999998964	E
1	1.03002251226e-09	1	ENSP00000005587-uc003syc.2-uc011jzj.1, ENSP00000314499-uc003gbm.3-uc003gbk.3, ENSP00000385812-uc003apr.2-uc011amr.1, ENSP00000402537-uc001zfh.1-uc010ubk.1	0.99999999897	E
1	1.02792285847e-09	1	ENSP00000308622-uc004bvj.2-uc010myd.2, ENSP00000356272-uc003qoi.2-uc011eeq.1, ENSP00000357283-uc001fni.2-uc001fnk.2, ENSP00000406571-uc003mds.3-uc003mdv.2	0.999999998972	E
1	1.01101127521e-09	1	ENSP00000184956-uc002iyk.1-uc010ddk.1, ENSP00000253925-uc001opo.2-uc001opr.2, ENSP00000401133-uc010ujs.1-uc010ujt.1, ENSP00000417548-uc001msx.2-uc009yjn.1	0.999999998989	E
1	1.00533692533e-09	1	ENSP00000281471-uc001rkq.3-uc009zjs.2, ENSP00000288078-uc002eyy.2-uc002eyz.2, ENSP00000313869-uc003ciw.1-uc003ciz.1, ENSP00000357448-uc001ffr.2-uc010pep.1	0.999999998995	E
1	9.94806681971e-10	1	ENSP00000256689-uc001rpg.2-uc010sli.1, ENSP00000336775-uc002bup.2-uc002buq.2, ENSP00000356966-uc001fze.2-uc009wue.2, ENSP00000415436-uc001rrx.2-uc001rru.2	0.999999999005	E
1	9.73727543515e-10	1	ENSP00000264424-uc003ipc.2-uc003ipd.2, ENSP00000323302-uc001tbc.2-uc009zsq.2, ENSP00000332979-uc002yyw.2-uc010goo.2, ENSP00000362285-uc001jrr.3-uc001jru.3	0.999999999026	E
1	9.66795755032e-10	1	ENSP00000345498-uc001dyb.1-uc001dye.1, ENSP00000356272-uc003qoi.2-uc011eeq.1, ENSP00000357507-uc001fei.2-uc001fef.1, ENSP00000365851-uc001irh.2-uc009xkg.2	0.999999999033	E
1	9.65863389735e-10	1	ENSP00000326534-uc001zpc.2-uc001zpb.2, ENSP00000342148-uc001dwn.2-uc009weu.2, ENSP00000355897-uc001hlm.2-uc001hlo.2, ENSP00000356272-uc003qoi.2-uc011eeq.1	0.999999999034	E
1	9.61712043797e-10	1	ENSP00000253247-uc002jgd.1-uc010deu.1, ENSP00000273371-uc003ecu.2-uc011bjc.1, ENSP00000300658-uc002hsj.2-uc010cvy.2, ENSP00000369274-uc004cyv.3-uc004cyu.3	0.999999999038	E
1	9.58653268339e-10	1	ENSP00000263209-uc002zri.2-uc002zrj.2, ENSP00000313869-uc003ciw.1-uc003ciz.1, ENSP00000360373-uc004esv.2-uc010nqq.2, ENSP00000361245-uc009vxk.2-uc001cmx.3	0.999999999041	E
1	9.29788024783e-10	1	ENSP00000203001-uc002wmh.1-uc010zra.1, ENSP00000287675-uc003cih.2-uc011ayq.1, ENSP00000318868-uc002gta.2-uc010vxt.1, ENSP00000359818-uc001knt.2-uc001knq.2	0.99999999907	E
1	9.14733178511e-10	1	ENSP00000253270-uc004awc.2-uc004awd.2, ENSP00000371535-uc003grg.2-uc003grh.2, ENSP00000386722-uc009ytl.2-uc001oth.3, ENSP00000425006-uc003iwu.1-uc003iws.1	0.999999999085	E
1	9.13103149064e-10	1	ENSP00000238146-uc001ufi.2-uc001ufl.2, ENSP00000290231-uc002xre.2-uc002xrc.2, ENSP00000356272-uc003qoi.2-uc011eeq.1, ENSP00000370839-uc003gzj.2-uc011bzp.1	0.999999999087	E
1	9.02926622767e-10	1	ENSP00000222145-uc002pki.2-uc002pkh.2, ENSP00000267938-uc002bbg.2-uc002bbi.2, ENSP00000279281-uc001ocr.1-uc001ocs.1, ENSP00000297044-uc003spt.2-uc011jws.1	0.999999999097	E
1	8.95048036088e-10	1	ENSP00000270570-uc002gvy.1-uc010cqp.1, ENSP00000337313-uc001ucn.2-uc001ucl.2, ENSP00000371535-uc003grg.2-uc003grh.2, ENSP00000381970-uc003koa.1-uc003kob.1	0.999999999105	E
1	8.95048036088e-10	1	ENSP00000260803-uc003erv.2-uc003ert.2, ENSP00000380025-uc002vhp.1-uc010zjz.1, ENSP00000410051-uc010seh.1-uc010sei.1, ENSP00000449960-uc001sef.2-uc001see.2	0.999999999105	E
1	8.83441764578e-10	1	ENSP00000259021-uc002ipm.2-uc010wmg.1, ENSP00000329867-uc001ouw.2-uc001oux.2, ENSP00000413272-uc003epr.2-uc003epq.2, ENSP00000413851-uc002kud.2-uc002kub.2	0.999999999117	E
1	8.75016059992e-10	1	ENSP00000261798-uc003lqy.1-uc003lqu.2, ENSP00000263980-uc001bnm.2-uc001bnl.2, ENSP00000352447-uc001hfd.2-uc009xcb.1, ENSP00000365637-uc001iru.3-uc001isa.1	0.999999999125	E
1	8.69542327409e-10	1	ENSP00000262394-uc002gzd.1-uc002gze.1, ENSP00000311579-uc003wss.2-uc011kww.1, ENSP00000338457-uc003acl.2-uc003ach.2, ENSP00000365048-uc001vqr.2-uc010agj.2	0.99999999913	E
1	8.53188298153e-10	1	ENSP00000005587-uc003syc.2-uc011jzj.1, ENSP00000261531-uc001xuf.2-uc010asu.2, ENSP00000307023-uc002raf.1-uc010yjc.1, ENSP00000396861-uc010jaf.1-uc003kga.2	0.999999999147	E
1	8.41775094428e-10	1	ENSP00000273179-uc003chg.2-uc003chh.2, ENSP00000303696-uc002lwr.2-uc010xha.1, ENSP00000371535-uc003grg.2-uc003grh.2, ENSP00000415034-uc003cqp.2-uc010hjo.1	0.999999999158	E
1	8.41026248997e-10	1	ENSP00000318318-uc002azc.1-uc010ulx.1, ENSP00000376800-uc003vte.3-uc010lmv.2, ENSP00000417601-uc003cfp.2-uc011axp.1, ENSP00000418285	0.999999999159	E
1	8.2694506832e-10	1	ENSP00000217909-uc004erd.2-uc011mtt.1, ENSP00000219473-uc002fii.2-uc010vof.1, ENSP00000265395-uc003szf.2-uc003szh.2, ENSP00000340693-uc003dts.2-uc003dtu.2	0.999999999173	E
1	8.25259749767e-10	1	ENSP00000216129-uc003bdq.2-uc003bdp.2, ENSP00000320885-uc002roc.2-uc002rod.2, ENSP00000362649-uc001bvb.1-uc010ohf.1, ENSP00000471888-uc010vhz.1-uc010vhw.1	0.999999999175	E
1	8.249219089e-10	1	ENSP00000264346-uc011cdi.1-uc011cdl.1, ENSP00000339486-uc001xxj.2-uc010atj.2, ENSP00000352288-uc003bkv.3-uc003bkt.1, ENSP00000399501	0.999999999175	E
1	8.24849300314e-10	1	ENSP00000261733-uc001tst.2-uc010syi.1, ENSP00000357841-uc001eym.2-uc010pdg.1, ENSP00000358605-uc001kzc.3-uc001kzb.2, ENSP00000460334-uc002qdo.2-uc002qdn.2	0.999999999175	E
1	8.24069035572e-10	1	ENSP00000278903-uc001qca.2-uc010sbf.1, ENSP00000296473-uc003cxz.2-uc003cya.2, ENSP00000410083-uc001tdz.2-uc009ztb.1, ENSP00000459424-uc003udy.2-uc003uea.2	0.999999999176	E
1	8.14013523585e-10	1	ENSP00000257527-uc003lwz.2-uc003lwy.2, ENSP00000294785-uc001fvx.2-uc010pjg.1, ENSP00000378394-uc001jsm.2-uc001jsl.2, ENSP00000450613-uc010fyv.2-uc002vxp.3	0.999999999186	E
1	8.11018141862e-10	1	ENSP00000266022-uc003cyc.2-uc011bdi.1, ENSP00000341489-uc002nah.1-uc002nai.1, ENSP00000469947-uc001qsl.2-uc009zfr.2, ENSP00000470203-uc004fjs.1-uc010nur.2	0.999999999189	E
1	7.84069920409e-10	1	ENSP00000344214-uc001vna.2-uc010tij.1, ENSP00000354040-uc001ift.2-uc010qad.1, ENSP00000368076-uc002fbm.1-uc010vml.1, ENSP00000400175-uc003cwu.2-uc010hku.2	0.999999999216	E
1	7.82935050432e-10	1	ENSP00000300584-uc002bcy.3-uc010bla.2, ENSP00000361625-uc004bxc.2-uc004bxf.2, ENSP00000366522-uc003zds.1-uc011llk.1, ENSP00000402537-uc001zfh.1-uc010ubk.1	0.999999999217	E
1	7.81652964882e-10	1	ENSP00000317128-uc003emx.2-uc003emw.2, ENSP00000325326-uc002xqw.2-uc002xqv.2, ENSP00000341874-uc002kui.3-uc010xat.1, ENSP00000471771-uc004eay.3-uc010nll.2	0.999999999218	E
1	7.68810793102e-10	1	ENSP00000354966-uc002xuv.1-uc010gid.2, ENSP00000362804-uc001jnh.3-uc009xpq.2, ENSP00000386406-uc002sky.2-uc002skt.1, ENSP00000387006-uc002unp.2-uc002uno.2	0.999999999231	E
1	7.68810793102e-10	1	ENSP00000239906-uc003lcw.2-uc011cyr.1, ENSP00000256496-uc003bqg.2-uc011asy.1, ENSP00000330470-uc003akk.2-uc003aki.2, ENSP00000366084-uc001vmd.3-uc010afj.2	0.999999999231	E
1	7.53910600899e-10	1	ENSP00000267836-uc001zwj.3-uc001zwh.3, ENSP00000313490-uc002gkr.2-uc002gks.2, ENSP00000362590-uc003onn.2-uc003onp.2, ENSP00000415034-uc003cqp.2-uc010hjo.1	0.999999999246	E
1	7.51254392311e-10	1	ENSP00000226578-uc003hwg.2-uc011ces.1, ENSP00000268603-uc002eoi.2-uc010cdn.2, ENSP00000393978-uc002pfj.2-uc002pfd.2, ENSP00000416799-uc002xuw.2-uc010zyn.1	0.999999999249	E
1	7.50055573488e-10	1	ENSP00000361818-uc002xnu.2-uc010zws.1, ENSP00000387261-uc002lbp.3-uc002lbq.3, ENSP00000401980-uc002wjw.3-uc002wjy.3, ENSP00000467437-uc002jwj.2-uc002jwl.2	0.99999999925	E
1	7.46199546876e-10	1	ENSP00000260803-uc003erv.2-uc003ert.2, ENSP00000365388-uc001isv.2-uc010qdf.1, ENSP00000401980-uc002wjw.3-uc002wjy.3, ENSP00000415436-uc001rrx.2-uc001rru.2	0.999999999254	E
1	7.45942197178e-10	1	ENSP00000260128-uc003xyg.2-uc003xyi.1, ENSP00000370074-uc003mug.2-uc003muf.2, ENSP00000384943-uc002hzm.1-uc010wgh.1, ENSP00000414786-uc003yen.2-uc003yeo.2	0.999999999254	E
1	7.43104467125e-10	1	ENSP00000307432-uc003dna.3-uc010hob.2, ENSP00000355330-uc002xhr.2-uc010zvx.1, ENSP00000356272-uc003qoi.2-uc011eeq.1, ENSP00000439856-uc002nei.1-uc010xpg.1	0.999999999257	E
1	7.34861283206e-10	1	ENSP00000318868-uc002gta.2-uc010vxt.1, ENSP00000364448-uc001vup.2-uc001vut.2, ENSP00000378438-uc002azq.3-uc002azr.3, ENSP00000401470-uc003azu.2-uc003azr.2	0.999999999265	E
1	7.24359683609e-10	1	ENSP00000299767-uc001tkb.1-uc010swg.1, ENSP00000331879-uc001mqb.2-uc010rdn.1, ENSP00000349708-uc001byh.2-uc010oht.1, ENSP00000380234-uc002fxc.1-uc010ckn.1	0.999999999276	E
1	7.02534142219e-10	1	ENSP00000271663-uc001exi.2-uc010pcv.1, ENSP00000329867-uc001ouw.2-uc001oux.2, ENSP00000339486-uc001xxj.2-uc010atj.2, ENSP00000458290-uc002klh.3-uc010dkj.2	0.999999999297	E
1	6.97455760056e-10	1	ENSP00000248594-uc003ugh.2-uc010lds.2, ENSP00000376250-uc003fsv.2-uc003fsw.2, ENSP00000378438-uc002azq.3-uc002azr.3, ENSP00000454657-uc001wsy.1-uc001wtc.1	0.999999999303	E
1	6.90187018886e-10	1	ENSP00000264963-uc002swu.2-uc010yuw.1, ENSP00000342222-uc002gpy.2-uc002gpz.2, ENSP00000374029-uc003ltj.2-uc011dcn.1, ENSP00000378056-uc002blh.2-uc002bll.2	0.99999999931	E
1	6.80923651029e-10	1	ENSP00000238561-uc001xui.2-uc001xuj.2, ENSP00000294066-uc001obh.2-uc001obg.2, ENSP00000385478-uc010ktx.2-uc010kty.2, ENSP00000423485-uc010jgh.2-uc003lmh.3	0.999999999319	E
1	6.79963641179e-10	1	ENSP00000288078-uc002eyy.2-uc002eyz.2, ENSP00000290866-uc002jau.1-uc002jav.1, ENSP00000361892-uc002xnb.2-uc010ggy.2, ENSP00000368884-uc004czu.2-uc011mjk.1	0.99999999932	E
1	6.7485550504e-10	1	ENSP00000296529-uc003ipx.2-uc010iqi.2, ENSP00000336888-uc002mpf.2-uc002mpi.2, ENSP00000359819-uc004eyb.2-uc010nrv.2, ENSP00000392105-uc010ppm.1-uc001gvo.2	0.999999999325	E
1	6.59548860189e-10	1	ENSP00000253024-uc002qtg.1-uc002qth.1, ENSP00000315118-uc002oor.2-uc002ooq.1, ENSP00000348429-uc001kzu.2-uc010qrj.1, ENSP00000452037-uc001xoq.3-uc010arv.2	0.99999999934	E
1	6.49565734745e-10	1	ENSP00000245441-uc001wyi.2-uc001wyj.2, ENSP00000330671, ENSP00000333657-uc002yzf.1-uc010gop.1, ENSP00000393571-uc001pjq.2-uc010rvu.1	0.99999999935	E
1	6.48947451542e-10	1	ENSP00000295550, ENSP00000311949-uc001gew.2-uc001gez.2, ENSP00000328287-uc003cxh.2-uc003cxi.2, ENSP00000393860-uc003xmi.3-uc011lce.1	0.999999999351	E
1	6.4310579105e-10	1	ENSP00000336750-uc002rli.1-uc010ezh.1, ENSP00000343405-uc001jux.2-uc010qkq.1, ENSP00000385839-uc001snt.2-uc009zpn.1, ENSP00000415332-uc002uni.3-uc002unh.3	0.999999999357	E
1	6.38463615514e-10	1	ENSP00000263238-uc002tkx.1-uc010yyd.1, ENSP00000318012-uc004bvu.3-uc011mbj.1, ENSP00000448012-uc001tar.2-uc001taq.2, ENSP00000464306-uc001eoc.1-uc001eod.1	0.999999999362	E
1	6.35454578048e-10	1	ENSP00000246151-uc001bhq.2-uc010oeb.1, ENSP00000258733-uc003swb.2-uc011jyz.1, ENSP00000300456-uc004but.2-uc004buu.2, ENSP00000378394-uc001jsm.2-uc001jsl.2	0.999999999365	E
1	6.29120977733e-10	1	ENSP00000360151-uc001kmp.2-uc001kmo.2, ENSP00000361245-uc009vxk.2-uc001cmx.3, ENSP00000436604-uc001tbd.2-uc001tbe.2, ENSP00000439338-uc001tsi.2-uc001tsg.2	0.999999999371	E
1	6.21337093081e-10	1	ENSP00000170564-uc002nug.1-uc002nuh.1, ENSP00000293230-uc002jru.1-uc002jrv.1, ENSP00000311427-uc002bau.2-uc002bav.2, ENSP00000312618-uc003ela.3-uc003ele.2	0.999999999379	E
1	6.19903684133e-10	1	ENSP00000263634-uc002rxg.1-uc002rxf.1, ENSP00000364493-uc004aur.2-uc011luh.1, ENSP00000369009-uc004czp.2-uc004czn.3, ENSP00000415057-uc010ukd.1-uc010bik.1	0.99999999938	E
1	5.98200822389e-10	1	ENSP00000287295-uc004evg.2-uc004evi.2, ENSP00000306920-uc003cfi.1-uc003cfj.1, ENSP00000313382-uc003pfs.2-uc010kap.2, ENSP00000417980-uc011mfc.1-uc004coe.2	0.999999999402	E
1	5.73918690514e-10	1	ENSP00000226004-uc002ied.3-uc002ief.1, ENSP00000226067-uc002iug.1-uc010dce.1, ENSP00000355499-uc001hzw.2-uc001hzx.2, ENSP00000441285-uc001gee.2-uc010plh.1	0.999999999426	E
1	5.444502628e-10	1	ENSP00000308032-uc002opw.2-uc010xvx.1, ENSP00000317904-uc002plp.2-uc010xzy.1, ENSP00000353375-uc003csb.2-uc003crw.2, ENSP00000390222-uc001vla.2-uc001vkx.2	0.999999999456	E
1	5.35256505928e-10	1	ENSP00000249075-uc003agz.2-uc011aks.1, ENSP00000339435-uc002fue.1-uc002fui.1, ENSP00000359050-uc009xwy.1-uc009xwx.1, ENSP00000362656-uc004bpc.2-uc010mws.2	0.999999999465	E
1	5.26399590722e-10	1	ENSP00000276893-uc003zjy.2-uc003zkb.2, ENSP00000352567-uc003pwt.2-uc003pwu.2, ENSP00000355180-uc002zhu.1-uc002zhw.1, ENSP00000433388-uc003dcn.2-uc010hly.2	0.999999999474	E
1	5.22019538843e-10	1	ENSP00000365388-uc001isv.2-uc010qdf.1, ENSP00000386626-uc002tzd.3-uc010zch.1, ENSP00000399828-uc003gfr.2-uc003gfn.2, ENSP00000418754-uc011dve.1-uc010jyj.1	0.999999999478	E
1	5.19771781306e-10	1	ENSP00000170564-uc002nug.1-uc002nuh.1, ENSP00000296799-uc011csr.1-uc003kcz.3, ENSP00000327154-uc003owr.2-uc003ows.2, ENSP00000347924-uc001leb.2-uc001ldy.2	0.99999999948	E
1	5.18470377876e-10	1	ENSP00000334738-uc003adk.2-uc011akg.1, ENSP00000346532-uc002orx.2-uc002ose.2, ENSP00000414224-uc002tmk.2-uc010yys.1, ENSP00000462311-uc002llm.1-uc010dqs.2	0.999999999482	E
1	5.02708763632e-10	1	ENSP00000316007-uc002luj.2-uc010dss.2, ENSP00000316924-uc002wub.2-uc010gdc.2, ENSP00000357507-uc001fei.2-uc001fef.1, ENSP00000369871-uc003znk.2-uc011lmz.1	0.999999999497	E
1	5.0064397085e-10	1	ENSP00000263578-uc001qdi.2-uc010sbn.1, ENSP00000357904-uc001ewy.2-uc010pcr.1, ENSP00000368076-uc002fbm.1-uc010vml.1, ENSP00000411471-uc003fmz.2-uc003fnb.2	0.999999999499	E
1	4.99754016073e-10	1	ENSP00000346643-uc001jpf.3-uc009xqb.2, ENSP00000356554-uc003qjr.3-uc010khh.2, ENSP00000378086-uc001xip.2-uc001xis.2, ENSP00000402717-uc002rvk.2-uc002rvl.2	0.9999999995	E
1	4.91050311645e-10	1	ENSP00000300658-uc002hsj.2-uc010cvy.2, ENSP00000321498-uc003vvo.2-uc003vvn.2, ENSP00000365943-uc004ajz.2-uc004akb.2, ENSP00000436619-uc004aiq.2-uc004air.2	0.999999999509	E
1	4.84964069021e-10	1	ENSP00000248248-uc002fez.2-uc010vng.1, ENSP00000318883-uc002zmw.2-uc002zna.2, ENSP00000421202-uc003jrh.3-uc003jrk.3, ENSP00000422464-uc003iph.1-uc011cir.1	0.999999999515	E
1	4.80756989889e-10	1	ENSP00000230901-uc003lcg.2-uc011cyl.1, ENSP00000258733-uc003swb.2-uc011jyz.1, ENSP00000275954-uc004ddh.2-uc010ngs.2, ENSP00000344223-uc002fhi.2-uc002fhh.2	0.999999999519	E
1	4.68556527021e-10	1	ENSP00000316924-uc002wub.2-uc010gdc.2, ENSP00000380837-uc002zil.2-uc011afv.1, ENSP00000393835-uc010eci.2-uc002nog.2, ENSP00000394966-uc001cbh.1-uc001cbf.1	0.999999999531	E
1	4.43040382257e-10	1	ENSP00000219478-uc002cxp.1-uc002cxo.1, ENSP00000309330-uc003tta.2-uc010kzr.2, ENSP00000310657-uc001jvk.2-uc010qks.1, ENSP00000446289-uc003kdc.3-uc011css.1	0.999999999557	E
1	4.34538627397e-10	1	ENSP00000251119-uc001xka.2-uc010tsz.1, ENSP00000252015-uc002xbk.2-uc010zuq.1, ENSP00000324944-uc003ncx.1-uc011dji.1, ENSP00000358918-uc001kvy.1-uc009xxe.1	0.999999999565	E
1	4.31538360694e-10	1	ENSP00000249075-uc003agz.2-uc011aks.1, ENSP00000357336-uc001fkj.2-uc001fks.2, ENSP00000364889-uc010tjo.1-uc001vrv.3, ENSP00000408576-uc003cop.1-uc010hit.1	0.999999999568	E
1	4.31264801741e-10	1	ENSP00000291560-uc002zdi.2-uc011aey.1, ENSP00000368076-uc002fbm.1-uc010vml.1, ENSP00000383191-uc002zhg.2-uc002zhk.2, ENSP00000439338-uc001tsi.2-uc001tsg.2	0.999999999569	E
1	4.20911305898e-10	1	ENSP00000278903-uc001qca.2-uc010sbf.1, ENSP00000280700-uc003cdl.2-uc003cdk.2, ENSP00000314499-uc003gbm.3-uc003gbk.3, ENSP00000414786-uc003yen.2-uc003yeo.2	0.999999999579	E
1	4.18149293056e-10	1	ENSP00000263736-uc002rus.2-uc010yoc.1, ENSP00000289968-uc002dnb.2-uc002dmw.2, ENSP00000347444-uc004axj.2-uc011luy.1, ENSP00000377867-uc004ewk.1-uc004ewm.1	0.999999999582	E
1	4.09400624596e-10	1	ENSP00000263980-uc001bnm.2-uc001bnl.2, ENSP00000268482-uc002fcb.2-uc010vmp.1, ENSP00000318373-uc002rkk.2-uc002rkj.2, ENSP00000343129-uc001pwz.2-uc001pwy.2	0.999999999591	E
1	4.03572397804e-10	1	ENSP00000326604-uc003wmw.3-uc003wmv.3, ENSP00000413272-uc003epr.2-uc003epq.2, ENSP00000419446-uc003xmr.2-uc003xms.2, ENSP00000444443-uc010wbo.1-uc010wbp.1	0.999999999596	E
1	3.9629755041e-10	1	ENSP00000260762-uc001kig.2-uc001kih.2, ENSP00000318687-uc001utj.2-uc010tds.1, ENSP00000333657-uc002yzf.1-uc010gop.1, ENSP00000373347-uc003brf.1-uc003brg.1	0.999999999604	E
1	3.88511001224e-10	1	ENSP00000263960-uc002uuh.1-uc010fsl.1, ENSP00000295148-uc002rep.2-uc010eya.2, ENSP00000367830-uc001aiq.2-uc009vla.2, ENSP00000378086-uc001xip.2-uc001xis.2	0.999999999611	E
1	3.84655751769e-10	1	ENSP00000262213-uc003xyo.1-uc011lfc.1, ENSP00000338235-uc003yhz.2-uc010mbf.2, ENSP00000417980-uc011mfc.1-uc004coe.2, ENSP00000469022-uc002nbc.2-uc002nba.3	0.999999999615	E
1	3.84345222389e-10	1	ENSP00000358862-uc001kwt.2-uc001kwu.2, ENSP00000361355-uc001kbl.2-uc001kbo.3, ENSP00000410051-uc010seh.1-uc010sei.1, ENSP00000471771-uc004eay.3-uc010nll.2	0.999999999616	E
1	3.82133880168e-10	1	ENSP00000320688-uc003etr.2-uc011bmz.1, ENSP00000356272-uc003qoi.2-uc011eeq.1, ENSP00000361625-uc004bxc.2-uc004bxf.2, ENSP00000361818-uc002xnu.2-uc010zws.1	0.999999999618	E
1	3.75722564243e-10	1	ENSP00000225573-uc002imo.2-uc010wla.1, ENSP00000301924-uc003xfl.1-uc010lup.1, ENSP00000315768-uc001slc.2-uc001slb.2, ENSP00000379625-uc011ayi.1-uc011ayk.1	0.999999999624	E
1	3.71094377518e-10	1	ENSP00000292538-uc003uyt.2-uc003uyz.2, ENSP00000329419-uc003etf.3-uc011bmv.1, ENSP00000373206-uc003dnl.2-uc003dnj.2, ENSP00000405424-uc011lht.1-uc003yml.2	0.999999999629	E
1	3.69406727498e-10	1	ENSP00000303153-uc003yvd.2-uc011ljo.1, ENSP00000307387-uc003cfx.2-uc011axw.1, ENSP00000343405-uc001jux.2-uc010qkq.1, ENSP00000377756-uc010hoy.2-uc003drw.2	0.999999999631	E
1	3.68213015701e-10	1	ENSP00000327197-uc003fwz.3-uc011bty.1, ENSP00000350331-uc001iig.2-uc001iii.2, ENSP00000385746-uc004dag.2-uc010nfs.2, ENSP00000458290-uc002klh.3-uc010dkj.2	0.999999999632	E
1	3.65327324015e-10	1	ENSP00000265348-uc003otq.2-uc010jyh.2, ENSP00000272462-uc002tfk.2-uc010fju.2, ENSP00000355623-uc001hub.2-uc009xfh.1, ENSP00000407487-uc002bqg.2-uc002bqi.2	0.999999999635	E
1	3.65143915171e-10	1	ENSP00000260570-uc002rku.2-uc010ezb.2, ENSP00000345498-uc001dyb.1-uc001dye.1, ENSP00000402537-uc001zfh.1-uc010ubk.1, ENSP00000436619-uc004aiq.2-uc004air.2	0.999999999635	E
1	3.53366780344e-10	1	ENSP00000295148-uc002rep.2-uc010eya.2, ENSP00000317214-uc004epc.1-uc011msu.1, ENSP00000357904-uc001ewy.2-uc010pcr.1, ENSP00000473196-uc004fip.2-uc004fio.2	0.999999999647	E
1	3.4100056118e-10	1	ENSP00000298229-uc001osf.2-uc001osg.2, ENSP00000299575-uc002ffz.1-uc010vnn.1, ENSP00000305922-uc001czi.3-uc001czm.3, ENSP00000318131-uc002peq.3-uc002per.3	0.999999999659	E
1	3.3800673377e-10	1	ENSP00000072644-uc001cvu.2-uc001cvy.2, ENSP00000265348-uc003otq.2-uc010jyh.2, ENSP00000329867-uc001ouw.2-uc001oux.2, ENSP00000367815-uc002fhl.3-uc010vnw.1	0.999999999662	E
1	3.35550587372e-10	1	ENSP00000248594-uc003ugh.2-uc010lds.2, ENSP00000318373-uc002rkk.2-uc002rkj.2, ENSP00000380869-uc010tlt.1-uc010ain.2, ENSP00000385030-uc002rgu.2-uc010ykr.1	0.999999999664	E
1	3.35077743386e-10	1	ENSP00000265348-uc003otq.2-uc010jyh.2, ENSP00000354560-uc001ggv.2-uc010plx.1, ENSP00000356272-uc003qoi.2-uc011eeq.1, ENSP00000402717-uc002rvk.2-uc002rvl.2	0.999999999665	E
1	3.34648753209e-10	1	ENSP00000174653-uc003xoo.2-uc010lxe.2, ENSP00000229854-uc003pan.1-uc011dwu.1, ENSP00000238714-uc002sai.2-uc010fch.2, ENSP00000393860-uc003xmi.3-uc011lce.1	0.999999999665	E
1	3.3392311144e-10	1	ENSP00000285021-uc011ave.1-uc011avf.1, ENSP00000356940-uc003qdf.2-uc003qde.2, ENSP00000377566-uc002esa.2-uc002esc.2, ENSP00000394966-uc001cbh.1-uc001cbf.1	0.999999999666	E
1	3.3367575375e-10	1	ENSP00000255499-uc004eml.2-uc004emk.2, ENSP00000265963-uc001moh.2-uc001moj.2, ENSP00000295802-uc002spd.2-uc010fgf.2, ENSP00000311165-uc003tbv.1-uc010kwf.1	0.999999999666	E
1	3.31662475316e-10	1	ENSP00000307275-uc001fjs.2-uc001fjr.2, ENSP00000350967-uc002kzk.1-uc002kzo.1, ENSP00000413851-uc002kud.2-uc002kub.2, ENSP00000418754-uc011dve.1-uc010jyj.1	0.999999999668	E
1	3.30226179789e-10	1	ENSP00000313953-uc002rom.2-uc002ron.2, ENSP00000349636-uc002itb.2-uc002ita.2, ENSP00000352645-uc003tvn.2-uc011kef.1, ENSP00000362580-uc010ohm.1-uc010ohn.1	0.99999999967	E
1	3.28961080652e-10	1	ENSP00000301011-uc002fky.2-uc002fkz.2, ENSP00000340507-uc003vuc.2-uc003vub.2, ENSP00000349959-uc003jlp.2-uc010ivf.2, ENSP00000364902-uc002wxp.2-uc010ztu.1	0.999999999671	E
1	3.27853966251e-10	1	ENSP00000226067-uc002iug.1-uc010dce.1, ENSP00000251119-uc001xka.2-uc010tsz.1, ENSP00000336775-uc002bup.2-uc002buq.2, ENSP00000368020-uc003kxo.2-uc003kxm.2	0.999999999672	E
1	3.24018811834e-10	1	ENSP00000316007-uc002luj.2-uc010dss.2, ENSP00000320885-uc002roc.2-uc002rod.2, ENSP00000344214-uc001vna.2-uc010tij.1, ENSP00000419231-uc003esl.2-uc011bmm.1	0.999999999676	E
1	3.21360160756e-10	1	ENSP00000287295-uc004evg.2-uc004evi.2, ENSP00000295797-uc003fgs.2-uc003fgt.2, ENSP00000324628-uc002kon.2-uc002koo.2, ENSP00000328023-uc001qdh.2-uc010sbm.1	0.999999999679	E
1	3.1682301232e-10	1	ENSP00000269217-uc002kus.3-uc002kut.3, ENSP00000311949-uc001gew.2-uc001gez.2, ENSP00000415034-uc003cqp.2-uc010hjo.1, ENSP00000434359-uc003yzs.2-uc003yzr.2	0.999999999683	E
1	3.16461190636e-10	1	ENSP00000261413-uc003kbz.3-uc011csd.1, ENSP00000313854-uc003jch.2-uc003jcg.2, ENSP00000344214-uc001vna.2-uc010tij.1, ENSP00000367024-uc009yoz.2-uc010rmy.1	0.999999999684	E
1	3.15537596102e-10	1	ENSP00000315768-uc001slc.2-uc001slb.2, ENSP00000351635-uc002abr.1-uc002abs.1, ENSP00000407487-uc002bqg.2-uc002bqi.2, ENSP00000417963-uc003oth.2-uc010jyd.2	0.999999999684	E
1	3.15479420415e-10	1	ENSP00000310841-uc002fjw.2-uc010vot.1, ENSP00000328287-uc003cxh.2-uc003cxi.2, ENSP00000339435-uc002fue.1-uc002fui.1, ENSP00000439856-uc002nei.1-uc010xpg.1	0.999999999685	E
1	2.9818814089e-10	1	ENSP00000247178-uc001xbx.1-uc001xbw.1, ENSP00000289968-uc002dnb.2-uc002dmw.2, ENSP00000341957-uc010pvb.1-uc010puz.1, ENSP00000463536-uc001eum.3-uc010pca.1	0.999999999702	E
1	2.91391577576e-10	1	ENSP00000224949-uc001igt.1-uc001igs.1, ENSP00000258962-uc002ivi.2-uc002ivj.2, ENSP00000347445-uc002cwl.2-uc010uxk.1, ENSP00000355897-uc001hlm.2-uc001hlo.2	0.999999999709	E
1	2.88647772392e-10	1	ENSP00000221200-uc003xeo.2-uc011lad.1, ENSP00000246505-uc010tjw.1-uc001vtf.2, ENSP00000414558-uc001wgm.2-uc010tnb.1, ENSP00000430548-uc003yht.1-uc003yhu.1	0.999999999711	E
1	2.86749513064e-10	1	ENSP00000268057-uc002avb.2-uc002avc.2, ENSP00000286186-uc002uxj.1-uc010ftb.1, ENSP00000367893-uc001imk.2-uc010qbs.1, ENSP00000471888-uc010vhz.1-uc010vhw.1	0.999999999713	E
1	2.82807999281e-10	1	ENSP00000261292-uc002ldv.2-uc010xdh.1, ENSP00000286096-uc002doh.2-uc010bxw.2, ENSP00000288988-uc002rnr.2-uc002rnq.2, ENSP00000298317-uc001qde.2-uc010sbl.1	0.999999999717	E
1	2.72975198039e-10	1	ENSP00000296799-uc011csr.1-uc003kcz.3, ENSP00000319255-uc001pdg.2-uc009yvz.2, ENSP00000320663-uc002rsi.2-uc010ynv.1, ENSP00000375809-uc002pbj.2-uc002pbi.2	0.999999999727	E
1	2.68352007318e-10	1	ENSP00000216129-uc003bdq.2-uc003bdp.2, ENSP00000278903-uc001qca.2-uc010sbf.1, ENSP00000377880-uc003dof.2-uc003doe.2, ENSP00000383191-uc002zhg.2-uc002zhk.2	0.999999999732	E
1	2.61255905832e-10	1	ENSP00000317904-uc002plp.2-uc010xzy.1, ENSP00000321853-uc002ftk.1-uc010vqr.1, ENSP00000354957-uc004ahr.2-uc011lry.1, ENSP00000439338-uc001tsi.2-uc001tsg.2	0.999999999739	E
1	2.55598653386e-10	1	ENSP00000263209-uc002zri.2-uc002zrj.2, ENSP00000267938-uc002bbg.2-uc002bbi.2, ENSP00000312618-uc003ela.3-uc003ele.2, ENSP00000471656-uc001qsi.2-uc010sfw.1	0.999999999744	E
1	2.50642839848e-10	1	ENSP00000314499-uc003gbm.3-uc003gbk.3, ENSP00000358605-uc001kzc.3-uc001kzb.2, ENSP00000365943-uc004ajz.2-uc004akb.2, ENSP00000433388-uc003dcn.2-uc010hly.2	0.999999999749	E
1	2.44787079525e-10	1	ENSP00000262031-uc001sln.2-uc010sqp.1, ENSP00000262144-uc002fdh.1-uc002fdf.1, ENSP00000265742-uc003ulw.2-uc010lew.1, ENSP00000402537-uc001zfh.1-uc010ubk.1	0.999999999755	E
1	2.44655740141e-10	1	ENSP00000217159-uc002ydb.1-uc002yde.1, ENSP00000280377-uc001src.1-uc001srb.1, ENSP00000299853-uc002dkk.2-uc010vbt.1, ENSP00000316649-uc002yck.1-uc002ycl.1	0.999999999755	E
1	2.42185604933e-10	1	ENSP00000253925-uc001opo.2-uc001opr.2, ENSP00000261191-uc001rhk.3-uc001rhj.3, ENSP00000360151-uc001kmp.2-uc001kmo.2, ENSP00000367872-uc001aif.2-uc009vky.2	0.999999999758	E
1	2.41786923845e-10	1	ENSP00000263196-uc002zoq.1-uc011agr.1, ENSP00000287675-uc003cih.2-uc011ayq.1, ENSP00000364001-uc001iwx.3-uc001iwv.3, ENSP00000368102-uc001ilq.1-uc009xjb.1	0.999999999758	E
1	2.40802933178e-10	1	ENSP00000360031-uc001knf.2-uc001kne.2, ENSP00000365943-uc004ajz.2-uc004akb.2, ENSP00000377880-uc003dof.2-uc003doe.2, ENSP00000416892-uc003auf.2-uc003auh.2	0.999999999759	E
1	2.37889596938e-10	1	ENSP00000265993-uc001klb.3-uc001kla.3, ENSP00000285021-uc011ave.1-uc011avf.1, ENSP00000295802-uc002spd.2-uc010fgf.2, ENSP00000329748-uc001rls.1-uc001rlr.1	0.999999999762	E
1	2.34980812613e-10	1	ENSP00000311165-uc003tbv.1-uc010kwf.1, ENSP00000349824-uc004cxv.1-uc004cxw.1, ENSP00000394966-uc001cbh.1-uc001cbf.1, ENSP00000436604-uc001tbd.2-uc001tbe.2	0.999999999765	E
1	2.25444329896e-10	1	ENSP00000247956-uc002mku.2-uc002mkw.2, ENSP00000322242-uc001typ.3-uc001tyq.3, ENSP00000328023-uc001qdh.2-uc010sbm.1, ENSP00000426968-uc010iqc.2-uc003ioz.2	0.999999999775	E
1	2.1769774874e-10	1	ENSP00000260649-uc002ruc.3-uc002rue.3, ENSP00000261047-uc003dxj.2-uc003dxk.2, ENSP00000364037-uc004bas.2-uc011lvf.1, ENSP00000397552-uc003fjw.2-uc003fjx.2	0.999999999782	E
1	2.14465334404e-10	1	ENSP00000298317-uc001qde.2-uc010sbl.1, ENSP00000347942-uc001jal.2-uc010qez.1, ENSP00000399828-uc003gfr.2-uc003gfn.2, ENSP00000423485-uc010jgh.2-uc003lmh.3	0.999999999786	E
1	2.14067208427e-10	1	ENSP00000264670-uc003jdu.2-uc003jds.2, ENSP00000300935-uc002ndn.3-uc002ndo.3, ENSP00000377617-uc002skk.2-uc010yrp.1, ENSP00000419279-uc003vus.2-uc011kqq.1	0.999999999786	E
1	2.10558126512e-10	1	ENSP00000299608-uc002lkf.2-uc010xez.1, ENSP00000364037-uc004bas.2-uc011lvf.1, ENSP00000399121-uc010ltu.2-uc003xav.2, ENSP00000416799-uc002xuw.2-uc010zyn.1	0.999999999789	E
1	2.07335260093e-10	1	ENSP00000296799-uc011csr.1-uc003kcz.3, ENSP00000311429-uc002aqb.2-uc010bhv.2, ENSP00000349428-uc002lpp.2-uc002lps.2, ENSP00000367872-uc001aif.2-uc009vky.2	0.999999999793	E
1	2.01790584263e-10	1	ENSP00000294066-uc001obh.2-uc001obg.2, ENSP00000343617-uc002qqw.2-uc010yhp.1, ENSP00000352208-uc001kin.2-uc009xue.2, ENSP00000358862-uc001kwt.2-uc001kwu.2	0.999999999798	E
1	1.97526883758e-10	1	ENSP00000217159-uc002ydb.1-uc002yde.1, ENSP00000225388-uc002hdy.3-uc002hdx.3, ENSP00000313953-uc002rom.2-uc002ron.2, ENSP00000325269-uc003vfc.2-uc003vez.2	0.999999999802	E
1	1.97446836678e-10	1	ENSP00000261475-uc001wss.2-uc001wst.2, ENSP00000356966-uc001fze.2-uc009wue.2, ENSP00000387258-uc002tcd.3-uc010ywe.1, ENSP00000415034-uc003cqp.2-uc010hjo.1	0.999999999803	E
1	1.97437066715e-10	1	ENSP00000353458-uc001wsk.2-uc001wsl.2, ENSP00000362298-uc001jrm.2-uc009xqk.2, ENSP00000379621-uc003ycn.2-uc003yco.2, ENSP00000393978-uc002pfj.2-uc002pfd.2	0.999999999803	E
1	1.96921590165e-10	1	ENSP00000265742-uc003ulw.2-uc010lew.1, ENSP00000362285-uc001jrr.3-uc001jru.3, ENSP00000413937-uc002fsr.2-uc010vql.1, ENSP00000458302-uc003uae.1-uc003uaf.1	0.999999999803	E
1	1.93710159043e-10	1	ENSP00000252826-uc002pmw.2-uc002pmy.2, ENSP00000357448-uc001ffr.2-uc010pep.1, ENSP00000378394-uc001jsm.2-uc001jsl.2, ENSP00000417509-uc003die.3-uc003dib.3	0.999999999806	E
1	1.92402538364e-10	1	ENSP00000260570-uc002rku.2-uc010ezb.2, ENSP00000321853-uc002ftk.1-uc010vqr.1, ENSP00000331879-uc001mqb.2-uc010rdn.1, ENSP00000387006-uc002unp.2-uc002uno.2	0.999999999808	E
1	1.91912930011e-10	1	ENSP00000259569-uc003zjr.2-uc003zjs.2, ENSP00000264832-uc002mnq.2-uc010xle.1, ENSP00000349490-uc003ass.1-uc003asr.1, ENSP00000376800-uc003vte.3-uc010lmv.2	0.999999999808	E
1	1.9140466991e-10	1	ENSP00000271688-uc001evz.2-uc009wmh.2, ENSP00000312158-uc003nib.1-uc003nic.1, ENSP00000318557-uc002euz.2-uc010vkh.1, ENSP00000393571-uc001pjq.2-uc010rvu.1	0.999999999809	E
1	1.89825932768e-10	1	ENSP00000221200-uc003xeo.2-uc011lad.1, ENSP00000251241-uc002ixn.1-uc010wof.1, ENSP00000346643-uc001jpf.3-uc009xqb.2, ENSP00000472749-uc010noz.2-uc004elo.3	0.99999999981	E
1	1.86918480711e-10	1	ENSP00000358335-uc003pnz.1-uc003pny.1, ENSP00000367815-uc002fhl.3-uc010vnw.1, ENSP00000376930-uc003emz.3-uc011blc.1, ENSP00000436604-uc001tbd.2-uc001tbe.2	0.999999999813	E
1	1.73941971952e-10	1	ENSP00000261819-uc001uag.2-uc010szv.1, ENSP00000290341-uc002iom.2-uc010dbj.2, ENSP00000308344-uc002jbc.2-uc010wpn.1, ENSP00000327197-uc003fwz.3-uc011bty.1	0.999999999826	E
1	1.72934777624e-10	1	ENSP00000253247-uc002jgd.1-uc010deu.1, ENSP00000327179-uc002ews.3-uc010cfi.2, ENSP00000354040-uc001ift.2-uc010qad.1, ENSP00000369695-uc003zoe.2-uc011lnf.1	0.999999999827	E
1	1.71307856804e-10	1	ENSP00000262394-uc002gzd.1-uc002gze.1, ENSP00000376333-uc002joh.2-uc010wsd.1, ENSP00000381693-uc001jve.2-uc009xrn.1, ENSP00000417980-uc011mfc.1-uc004coe.2	0.999999999829	E
1	1.68191016684e-10	1	ENSP00000298229-uc001osf.2-uc001osg.2, ENSP00000361625-uc004bxc.2-uc004bxf.2, ENSP00000387006-uc002unp.2-uc002uno.2, ENSP00000418823-uc002ehr.2-uc002ehs.2	0.999999999832	E
1	1.66260227821e-10	1	ENSP00000255499-uc004eml.2-uc004emk.2, ENSP00000295797-uc003fgs.2-uc003fgt.2, ENSP00000347444-uc004axj.2-uc011luy.1, ENSP00000355499-uc001hzw.2-uc001hzx.2	0.999999999834	E
1	1.65037761249e-10	1	ENSP00000299853-uc002dkk.2-uc010vbt.1, ENSP00000363482-uc001jcu.2-uc001jcw.2, ENSP00000374029-uc003ltj.2-uc011dcn.1, ENSP00000375936-uc002vkw.1-uc002vky.2	0.999999999835	E
1	1.65018665413e-10	1	ENSP00000323973-uc003emn.2-uc003ems.2, ENSP00000355299-uc001gqt.3-uc001gqu.3, ENSP00000399584-uc004csx.3-uc010ndt.2, ENSP00000418823-uc002ehr.2-uc002ehs.2	0.999999999835	E
1	1.62664770555e-10	1	ENSP00000346246-uc002ppo.2-uc010enk.2, ENSP00000355973-uc001hif.2-uc009xcz.2, ENSP00000360151-uc001kmp.2-uc001kmo.2, ENSP00000461108-uc002qis.3-uc002qiw.2	0.999999999837	E
1	1.5840440072e-10	1	ENSP00000295797-uc003fgs.2-uc003fgt.2, ENSP00000363753-uc004bdn.2-uc010mtr.2, ENSP00000367243-uc003lmt.2-uc003lmw.2, ENSP00000386609-uc002ftj.2-uc010vqq.1	0.999999999842	E
1	1.55558010929e-10	1	ENSP00000257287-uc003hbi.2-uc003hbj.2, ENSP00000262213-uc003xyo.1-uc011lfc.1, ENSP00000357904-uc001ewy.2-uc010pcr.1, ENSP00000401338-uc002cgu.3-uc002cgv.3	0.999999999844	E
1	1.54620427585e-10	1	ENSP00000257829-uc001mvk.2-uc010ren.1, ENSP00000258145-uc001ssg.3-uc001ssf.2, ENSP00000366460-uc001iqg.1-uc009xkc.1, ENSP00000369681-uc002amf.2-uc010uik.1	0.999999999845	E
1	1.53699941675e-10	1	ENSP00000260762-uc001kig.2-uc001kih.2, ENSP00000347445-uc002cwl.2-uc010uxk.1, ENSP00000386626-uc002tzd.3-uc010zch.1, ENSP00000469947-uc001qsl.2-uc009zfr.2	0.999999999846	E
1	1.53664081471e-10	1	ENSP00000350249-uc003vlm.2-uc003vlo.2, ENSP00000355330-uc002xhr.2-uc010zvx.1, ENSP00000412173-uc001bvh.3-uc010ohi.1, ENSP00000417185-uc001afs.2-uc001afr.2	0.999999999846	E
1	1.51510359825e-10	1	ENSP00000264094-uc002smp.1-uc002smo.1, ENSP00000323927-uc002hrg.2-uc010cvr.1, ENSP00000378056-uc002blh.2-uc002bll.2, ENSP00000379411-uc002dhg.3-uc002dhh.3	0.999999999848	E
1	1.51254120351e-10	1	ENSP00000299575-uc002ffz.1-uc010vnn.1, ENSP00000311165-uc003tbv.1-uc010kwf.1, ENSP00000358635-uc003pla.2-uc003pkz.2, ENSP00000380837-uc002zil.2-uc011afv.1	0.999999999849	E
1	1.4852297171e-10	1	ENSP00000005587-uc003syc.2-uc011jzj.1, ENSP00000264638-uc002iay.2-uc010wgs.1, ENSP00000348564-uc001zql.2-uc001zqj.2, ENSP00000364001-uc001iwx.3-uc001iwv.3	0.999999999851	E
1	1.45149892116e-10	1	ENSP00000373783-uc003xdh.1-uc010lty.1, ENSP00000381693-uc001jve.2-uc009xrn.1, ENSP00000406012-uc002cmb.2-uc002clz.2, ENSP00000437271-uc001njs.2-uc001njp.2	0.999999999855	E
1	1.44618983466e-10	1	ENSP00000290866-uc002jau.1-uc002jav.1, ENSP00000326674-uc002chn.2-uc002chp.2, ENSP00000359665-uc001kog.1-uc009xvw.1, ENSP00000401470-uc003azu.2-uc003azr.2	0.999999999855	E
1	1.44370293508e-10	1	ENSP00000005587-uc003syc.2-uc011jzj.1, ENSP00000259395-uc004bbg.1-uc011lvk.1, ENSP00000333799-uc003ubr.2-uc010lca.2, ENSP00000348564-uc001zql.2-uc001zqj.2	0.999999999856	E
1	1.41731071334e-10	1	ENSP00000348564-uc001zql.2-uc001zqj.2, ENSP00000371811-uc001uof.2-uc010tct.1, ENSP00000390121-uc002jbv.2-uc010wps.1, ENSP00000414558-uc001wgm.2-uc010tnb.1	0.999999999858	E
1	1.3975443026e-10	1	ENSP00000289407-uc003vop.1-uc003voq.1, ENSP00000303147-uc002spr.2-uc010fgk.2, ENSP00000310447-uc001slj.2-uc009zot.2, ENSP00000311949-uc001gew.2-uc001gez.2	0.99999999986	E
1	1.39101397077e-10	1	ENSP00000261308-uc003jtv.3-uc011cqw.1, ENSP00000293350-uc002pnt.2-uc010yat.1, ENSP00000376534-uc002uao.2-uc002uap.2, ENSP00000380234-uc002fxc.1-uc010ckn.1	0.999999999861	E
1	1.38342004528e-10	1	ENSP00000326604-uc003wmw.3-uc003wmv.3, ENSP00000353533-uc003eil.2-uc011bkh.1, ENSP00000407487-uc002bqg.2-uc002bqi.2, ENSP00000469947-uc001qsl.2-uc009zfr.2	0.999999999862	E
1	1.37985178848e-10	1	ENSP00000245206-uc002eof.1-uc010vim.1, ENSP00000265651-uc001muz.2-uc010rej.1, ENSP00000332979-uc002yyw.2-uc010goo.2, ENSP00000402717-uc002rvk.2-uc002rvl.2	0.999999999862	E
1	1.35890188e-10	1	ENSP00000317214-uc004epc.1-uc011msu.1, ENSP00000357110-uc003qch.2-uc003qcd.1, ENSP00000385812-uc003apr.2-uc011amr.1, ENSP00000469540-uc002omt.2-uc002oms.2	0.999999999864	E
1	1.31850308458e-10	1	ENSP00000288502-uc004bjd.3-uc004bjf.3, ENSP00000295148-uc002rep.2-uc010eya.2, ENSP00000358262-uc001epm.3-uc009wji.2, ENSP00000365757-uc001irl.3-uc010qcu.1	0.999999999868	E
1	1.29312116579e-10	1	ENSP00000255499-uc004eml.2-uc004emk.2, ENSP00000293261-uc002pix.1-uc010xzo.1, ENSP00000359665-uc001kog.1-uc009xvw.1, ENSP00000428982-uc003pqe.2-uc003pqd.2	0.999999999871	E
1	1.25247034973e-10	1	ENSP00000346643-uc001jpf.3-uc009xqb.2, ENSP00000369431-uc003zqc.2-uc003zqb.2, ENSP00000386722-uc009ytl.2-uc001oth.3, ENSP00000465500-uc002lin.2-uc010dpv.2	0.999999999875	E
1	1.20857657223e-10	1	ENSP00000356966-uc001fze.2-uc009wue.2, ENSP00000366395-uc001odb.2-uc009yqc.2, ENSP00000379350-uc001iwt.3-uc001iwr.3, ENSP00000441285-uc001gee.2-uc010plh.1	0.999999999879	E
1	1.20258691901e-10	1	ENSP00000263960-uc002uuh.1-uc010fsl.1, ENSP00000307023-uc002raf.1-uc010yjc.1, ENSP00000328287-uc003cxh.2-uc003cxi.2, ENSP00000360112-uc001dbs.1-uc010opb.1	0.99999999988	E
1	1.18408838297e-10	1	ENSP00000252699-uc002oja.1-uc002ojb.1, ENSP00000295119-uc002upf.2-uc010zfs.1, ENSP00000295373-uc002rrf.2-uc002rrd.3, ENSP00000352567-uc003pwt.2-uc003pwu.2	0.999999999882	E
1	1.1613643381e-10	1	ENSP00000229854-uc003pan.1-uc011dwu.1, ENSP00000320688-uc003etr.2-uc011bmz.1, ENSP00000334490-uc002zrq.2-uc010gsa.2, ENSP00000349428-uc002lpp.2-uc002lps.2	0.999999999884	E
1	1.14975362571e-10	1	ENSP00000246032-uc002wfw.3-uc010zpu.1, ENSP00000340507-uc003vuc.2-uc003vub.2, ENSP00000357835-uc001lhs.1-uc009yaj.1, ENSP00000362656-uc004bpc.2-uc010mws.2	0.999999999885	E
1	1.12922005086e-10	1	ENSP00000248594-uc003ugh.2-uc010lds.2, ENSP00000264400-uc003hmi.1-uc010ijq.1, ENSP00000297044-uc003spt.2-uc011jws.1, ENSP00000470141-uc004dmb.3-uc004dmc.3	0.999999999887	E
1	1.11653353236e-10	1	ENSP00000249075-uc003agz.2-uc011aks.1, ENSP00000313007-uc003yjs.1-uc011lhd.1, ENSP00000397552-uc003fjw.2-uc003fjx.2, ENSP00000436901-uc001odm.2-uc010roe.1	0.999999999888	E
1	1.10221054512e-10	1	ENSP00000230640-uc003jpy.3-uc011cqi.1, ENSP00000339016-uc001kez.1-uc010qmr.1, ENSP00000356574-uc001gnz.2-uc001goc.2, ENSP00000467437-uc002jwj.2-uc002jwl.2	0.99999999989	E
1	1.09960818235e-10	1	ENSP00000348429-uc001kzu.2-uc010qrj.1, ENSP00000362285-uc001jrr.3-uc001jru.3, ENSP00000362590-uc003onn.2-uc003onp.2, ENSP00000370074-uc003mug.2-uc003muf.2	0.99999999989	E
1	1.07387432286e-10	1	ENSP00000240651-uc001rew.2-uc009zir.2, ENSP00000299952-uc002fau.2-uc010cge.2, ENSP00000336923-uc003ilf.2-uc003ili.2, ENSP00000443442-uc001ria.2-uc001rif.1	0.999999999893	E
1	1.0642087212e-10	1	ENSP00000343027-uc003uhb.1-uc011kgt.1, ENSP00000354957-uc004ahr.2-uc011lry.1, ENSP00000417980-uc011mfc.1-uc004coe.2, ENSP00000433388-uc003dcn.2-uc010hly.2	0.999999999894	E
1	1.03458353001e-10	1	ENSP00000312734-uc002alz.2-uc010uih.1, ENSP00000341874-uc002kui.3-uc010xat.1, ENSP00000350578-uc002yma.2-uc011acg.1, ENSP00000413507-uc011kav.1-uc003tey.2	0.999999999897	E
1	1.02961195131e-10	1	ENSP00000046794-uc003man.1-uc011des.1, ENSP00000386722-uc009ytl.2-uc001oth.3, ENSP00000404684-uc003cui.2-uc003cuk.2, ENSP00000417548-uc001msx.2-uc009yjn.1	0.999999999897	E
1	1.01922914558e-10	1	ENSP00000253925-uc001opo.2-uc001opr.2, ENSP00000267859-uc010uhc.1-uc002agi.3, ENSP00000269554-uc002hqs.2-uc010cvp.2, ENSP00000305922-uc001czi.3-uc001czm.3	0.999999999898	E
1	1.00156549726e-10	1	ENSP00000318176-uc002umf.2-uc002umd.2, ENSP00000346762-uc003vmi.2-uc010lle.2, ENSP00000396205-uc011mad.1-uc010mxi.2, ENSP00000434442-uc001ndt.2-uc010rhc.1	0.9999999999	E
1	9.27302679131e-11	1	ENSP00000256854-uc002lgs.2-uc010xea.1, ENSP00000296799-uc011csr.1-uc003kcz.3, ENSP00000320663-uc002rsi.2-uc010ynv.1, ENSP00000364902-uc002wxp.2-uc010ztu.1	0.999999999907	E
1	8.99926799787e-11	1	ENSP00000267938-uc002bbg.2-uc002bbi.2, ENSP00000291358-uc001bum.2-uc010ogz.1, ENSP00000300456-uc004but.2-uc004buu.2, ENSP00000331682-uc002zsl.1-uc011ahr.1	0.99999999991	E
1	8.99380570059e-11	1	ENSP00000327214-uc001baa.2-uc001azz.1, ENSP00000330060-uc003cfc.1-uc010hfw.1, ENSP00000400113-uc001mpi.2-uc001mpj.2, ENSP00000410545	0.99999999991	E
1	8.51729797838e-11	1	ENSP00000170564-uc002nug.1-uc002nuh.1, ENSP00000330470-uc003akk.2-uc003aki.2, ENSP00000375936-uc002vkw.1-uc002vky.2, ENSP00000390121-uc002jbv.2-uc010wps.1	0.999999999915	E
1	8.42510505841e-11	1	ENSP00000226004-uc002ied.3-uc002ief.1, ENSP00000286186-uc002uxj.1-uc010ftb.1, ENSP00000377617-uc002skk.2-uc010yrp.1, ENSP00000384998-uc010zoj.1-uc002wan.1	0.999999999916	E
1	8.41992031688e-11	1	ENSP00000261844-uc002acg.3-uc002acf.3, ENSP00000296595-uc003kjc.2-uc011ctx.1, ENSP00000354957-uc004ahr.2-uc011lry.1, ENSP00000402717-uc002rvk.2-uc002rvl.2	0.999999999916	E
1	8.35373992238e-11	1	ENSP00000184956-uc002iyk.1-uc010ddk.1, ENSP00000299853-uc002dkk.2-uc010vbt.1, ENSP00000357448-uc001ffr.2-uc010pep.1, ENSP00000417980-uc011mfc.1-uc004coe.2	0.999999999916	E
1	8.27764523626e-11	1	ENSP00000260408-uc002afd.1-uc010ugz.1, ENSP00000300584-uc002bcy.3-uc010bla.2, ENSP00000347586-uc003ltq.2-uc011dcq.1, ENSP00000387261-uc002lbp.3-uc002lbq.3	0.999999999917	E
1	8.23126011829e-11	1	ENSP00000240651-uc001rew.2-uc009zir.2, ENSP00000268057-uc002avb.2-uc002avc.2, ENSP00000328103-uc003ala.1-uc003akx.1, ENSP00000362369-uc002xjo.1-uc010zwe.1	0.999999999918	E
1	8.1640916253e-11	1	ENSP00000005587-uc003syc.2-uc011jzj.1, ENSP00000263209-uc002zri.2-uc002zrj.2, ENSP00000358918-uc001kvy.1-uc009xxe.1, ENSP00000386722-uc009ytl.2-uc001oth.3	0.999999999918	E
1	7.82489628679e-11	1	ENSP00000285021-uc011ave.1-uc011avf.1, ENSP00000313490-uc002gkr.2-uc002gks.2, ENSP00000363506-uc002xcd.2-uc010zuz.1, ENSP00000384943-uc002hzm.1-uc010wgh.1	0.999999999922	E
1	7.68624053323e-11	1	ENSP00000260382-uc002asw.2-uc002asz.2, ENSP00000264832-uc002mnq.2-uc010xle.1, ENSP00000273371-uc003ecu.2-uc011bjc.1, ENSP00000352208-uc001kin.2-uc009xue.2	0.999999999923	E
1	7.56930074204e-11	1	ENSP00000267938-uc002bbg.2-uc002bbi.2, ENSP00000304592-uc002kdu.2-uc002kdv.1, ENSP00000356155-uc001haw.2-uc010pqv.1, ENSP00000455933-uc010vnx.1-uc010voa.1	0.999999999924	E
1	7.32162108745e-11	1	ENSP00000338777-uc002boq.3-uc002bos.3, ENSP00000345895-uc003bfr.2-uc011aqn.1, ENSP00000351338-uc003csx.2-uc003cst.2, ENSP00000356272-uc003qoi.2-uc011eeq.1	0.999999999927	E
1	7.28070936899e-11	1	ENSP00000261405-uc001qnn.1-uc010set.1, ENSP00000337313-uc001ucn.2-uc001ucl.2, ENSP00000349959-uc003jlp.2-uc010ivf.2, ENSP00000361818-uc002xnu.2-uc010zws.1	0.999999999927	E
1	6.960054755e-11	1	ENSP00000238146-uc001ufi.2-uc001ufl.2, ENSP00000251119-uc001xka.2-uc010tsz.1, ENSP00000341154-uc001yno.2-uc001yns.2, ENSP00000355897-uc001hlm.2-uc001hlo.2	0.99999999993	E
1	6.94909685374e-11	1	ENSP00000264555-uc001lqe.2-uc009yca.1, ENSP00000300658-uc002hsj.2-uc010cvy.2, ENSP00000355973-uc001hif.2-uc009xcz.2, ENSP00000356574-uc001gnz.2-uc001goc.2	0.999999999931	E
1	6.88886725465e-11	1	ENSP00000260128-uc003xyg.2-uc003xyi.1, ENSP00000299767-uc001tkb.1-uc010swg.1, ENSP00000299952-uc002fau.2-uc010cge.2, ENSP00000356155-uc001haw.2-uc010pqv.1	0.999999999931	E
1	6.70712374551e-11	1	ENSP00000317214-uc004epc.1-uc011msu.1, ENSP00000357336-uc001fkj.2-uc001fks.2, ENSP00000370467-uc004crv.2-uc010ndl.2, ENSP00000459424-uc003udy.2-uc003uea.2	0.999999999933	E
1	6.70049571405e-11	1	ENSP00000264266-uc003fcl.1-uc011box.1, ENSP00000271663-uc001exi.2-uc010pcv.1, ENSP00000336923-uc003ilf.2-uc003ili.2, ENSP00000347416-uc002lva.2-uc010dsv.2	0.999999999933	E
1	6.60667076624e-11	1	ENSP00000308315-uc001cuv.2-uc010ons.1, ENSP00000350249-uc003vlm.2-uc003vlo.2, ENSP00000360031-uc001knf.2-uc001kne.2, ENSP00000377374-uc003mbw.3-uc011dfa.1	0.999999999934	E
1	6.58838539302e-11	1	ENSP00000258796-uc003smp.2-uc010ksn.2, ENSP00000265594-uc003fle.2-uc003flf.2, ENSP00000376930-uc003emz.3-uc011blc.1, ENSP00000378130-uc003hzr.3-uc003hzq.2	0.999999999934	E
1	6.529943253e-11	1	ENSP00000229854-uc003pan.1-uc011dwu.1, ENSP00000249883-uc003eqg.1-uc003eqe.1, ENSP00000251241-uc002ixn.1-uc010wof.1, ENSP00000367024-uc009yoz.2-uc010rmy.1	0.999999999935	E
1	6.37390140688e-11	1	ENSP00000345772-uc003oku.3-uc010jvx.2, ENSP00000347427-uc010vsl.1-uc010vsp.1, ENSP00000352645-uc003tvn.2-uc011kef.1, ENSP00000413507-uc011kav.1-uc003tey.2	0.999999999936	E
1	6.24416074421e-11	1	ENSP00000267859-uc010uhc.1-uc002agi.3, ENSP00000356574-uc001gnz.2-uc001goc.2, ENSP00000369213-uc003zra.2-uc010mjj.2, ENSP00000379737-uc003swy.2-uc010kur.2	0.999999999938	E
1	6.03757044378e-11	1	ENSP00000294785-uc001fvx.2-uc010pjg.1, ENSP00000317214-uc004epc.1-uc011msu.1, ENSP00000379006-uc002ape.3-uc010ujb.1, ENSP00000428982-uc003pqe.2-uc003pqd.2	0.99999999994	E
1	5.86741766301e-11	1	ENSP00000402717-uc002rvk.2-uc002rvl.2, ENSP00000412394, ENSP00000415436-uc001rrx.2-uc001rru.2, ENSP00000416097-uc011maw.1-uc010mxw.2	0.999999999941	E
1	5.83146864147e-11	1	ENSP00000297044-uc003spt.2-uc011jws.1, ENSP00000307746-uc003ktq.1-uc003ktp.1, ENSP00000400717-uc002jfc.2-uc010wqh.1, ENSP00000425006-uc003iwu.1-uc003iws.1	0.999999999942	E
1	5.76789727108e-11	1	ENSP00000340693-uc003dts.2-uc003dtu.2, ENSP00000364218-uc004aym.2-uc004ayk.2, ENSP00000406571-uc003mds.3-uc003mdv.2, ENSP00000428924-uc003xsk.3-uc003xsl.3	0.999999999942	E
1	5.68227687142e-11	1	ENSP00000253490-uc003mdk.2-uc010jjy.1, ENSP00000343002-uc010aaz.2-uc001uto.3, ENSP00000400113-uc001mpi.2-uc001mpj.2, ENSP00000419446-uc003xmr.2-uc003xms.2	0.999999999943	E
1	5.63811219949e-11	1	ENSP00000072644-uc001cvu.2-uc001cvy.2, ENSP00000257548-uc010sxi.1-uc001tnw.3, ENSP00000356155-uc001haw.2-uc010pqv.1, ENSP00000369009-uc004czp.2-uc004czn.3	0.999999999944	E
1	5.57132118233e-11	1	ENSP00000300935-uc002ndn.3-uc002ndo.3, ENSP00000312734-uc002alz.2-uc010uih.1, ENSP00000345444-uc001qfp.2-uc009zcv.2, ENSP00000347416-uc002lva.2-uc010dsv.2	0.999999999944	E
1	5.54607471075e-11	1	ENSP00000366522-uc003zds.1-uc011llk.1, ENSP00000383411-uc002yju.1-uc010gky.1, ENSP00000415034-uc003cqp.2-uc010hjo.1, ENSP00000439338-uc001tsi.2-uc001tsg.2	0.999999999945	E
1	5.53442847122e-11	1	ENSP00000257287-uc003hbi.2-uc003hbj.2, ENSP00000264720-uc002rjw.1-uc010eyy.1, ENSP00000355330-uc002xhr.2-uc010zvx.1, ENSP00000467437-uc002jwj.2-uc002jwl.2	0.999999999945	E
1	5.37755395783e-11	1	ENSP00000245441-uc001wyi.2-uc001wyj.2, ENSP00000311429-uc002aqb.2-uc010bhv.2, ENSP00000312066-uc002jqk.1-uc002jqj.1, ENSP00000363506-uc002xcd.2-uc010zuz.1	0.999999999946	E
1	5.32385247013e-11	1	ENSP00000262518, ENSP00000294785-uc001fvx.2-uc010pjg.1, ENSP00000329867-uc001ouw.2-uc001oux.2, ENSP00000343617-uc002qqw.2-uc010yhp.1	0.999999999947	E
1	5.27863308633e-11	1	ENSP00000293350-uc002pnt.2-uc010yat.1, ENSP00000356849-uc001gdt.1-uc010plf.1, ENSP00000376800-uc003vte.3-uc010lmv.2, ENSP00000445943	0.999999999947	E
1	5.24489340861e-11	1	ENSP00000265565-uc003crh.1-uc003crg.2, ENSP00000311429-uc002aqb.2-uc010bhv.2, ENSP00000318318-uc002azc.1-uc010ulx.1, ENSP00000386797-uc002tob.1-uc002toa.1	0.999999999948	E
1	5.22158982732e-11	1	ENSP00000225573-uc002imo.2-uc010wla.1, ENSP00000263980-uc001bnm.2-uc001bnl.2, ENSP00000353375-uc003csb.2-uc003crw.2, ENSP00000405424-uc011lht.1-uc003yml.2	0.999999999948	E
1	5.21152010449e-11	1	ENSP00000258733-uc003swb.2-uc011jyz.1, ENSP00000264670-uc003jdu.2-uc003jds.2, ENSP00000290341-uc002iom.2-uc010dbj.2, ENSP00000376178-uc001uio.2-uc001uip.2	0.999999999948	E
1	5.19957410474e-11	1	ENSP00000238714-uc002sai.2-uc010fch.2, ENSP00000418754-uc011dve.1-uc010jyj.1, ENSP00000441285-uc001gee.2-uc010plh.1, ENSP00000474435-uc002hjr.2-uc010wcj.1	0.999999999948	E
1	5.07356379144e-11	1	ENSP00000263563-uc001jrd.3-uc001jre.3, ENSP00000311579-uc003wss.2-uc011kww.1, ENSP00000339314-uc002zxs.2-uc002zxr.1, ENSP00000410083-uc001tdz.2-uc009ztb.1	0.999999999949	E
1	5.03970198919e-11	1	ENSP00000260128-uc003xyg.2-uc003xyi.1, ENSP00000301011-uc002fky.2-uc002fkz.2, ENSP00000419879-uc002wls.2-uc010zqv.1, ENSP00000436604-uc001tbd.2-uc001tbe.2	0.99999999995	E
1	4.81985562584e-11	1	ENSP00000289968-uc002dnb.2-uc002dmw.2, ENSP00000313490-uc002gkr.2-uc002gks.2, ENSP00000361625-uc004bxc.2-uc004bxf.2, ENSP00000413272-uc003epr.2-uc003epq.2	0.999999999952	E
1	4.71322980655e-11	1	ENSP00000253669-uc002nfe.2-uc002nff.2, ENSP00000267938-uc002bbg.2-uc002bbi.2, ENSP00000303696-uc002lwr.2-uc010xha.1, ENSP00000363283-uc001bmr.1-uc010ofe.1	0.999999999953	E
1	4.70483652049e-11	1	ENSP00000221200-uc003xeo.2-uc011lad.1, ENSP00000233146-uc002rvy.1-uc010fbg.2, ENSP00000276893-uc003zjy.2-uc003zkb.2, ENSP00000285518-uc003wqo.2-uc011kwm.1	0.999999999953	E
1	4.55382398467e-11	1	ENSP00000263563-uc001jrd.3-uc001jre.3, ENSP00000343405-uc001jux.2-uc010qkq.1, ENSP00000421741-uc003gde.3-uc010ibv.2, ENSP00000429168-uc001vag.2-uc001vah.2	0.999999999954	E
1	4.53062032345e-11	1	ENSP00000219473-uc002fii.2-uc010vof.1, ENSP00000266481-uc001rlf.2-uc010ski.1, ENSP00000337746-uc002njd.1-uc002njf.1, ENSP00000364037-uc004bas.2-uc011lvf.1	0.999999999955	E
1	4.53024284763e-11	1	ENSP00000317128-uc003emx.2-uc003emw.2, ENSP00000336888-uc002mpf.2-uc002mpi.2, ENSP00000356230-uc001gyo.1-uc001gym.1, ENSP00000439338-uc001tsi.2-uc001tsg.2	0.999999999955	E
1	4.45647962987e-11	1	ENSP00000264094-uc002smp.1-uc002smo.1, ENSP00000264122-uc003dwc.2-uc003dwa.2, ENSP00000264555-uc001lqe.2-uc009yca.1, ENSP00000417185-uc001afs.2-uc001afr.2	0.999999999955	E
1	4.42750280892e-11	1	ENSP00000303147-uc002spr.2-uc010fgk.2, ENSP00000310244-uc001zke.3-uc010bbg.2, ENSP00000350331-uc001iig.2-uc001iii.2, ENSP00000414224-uc002tmk.2-uc010yys.1	0.999999999956	E
1	4.40762981678e-11	1	ENSP00000288502-uc004bjd.3-uc004bjf.3, ENSP00000358450-uc001ehg.2-uc001ehf.2, ENSP00000358918-uc001kvy.1-uc009xxe.1, ENSP00000366475-uc001obx.2-uc001obw.2	0.999999999956	E
1	3.96773724994e-11	1	ENSP00000356713-uc003qho.2-uc011edm.1, ENSP00000362580-uc010ohm.1-uc010ohn.1, ENSP00000367243-uc003lmt.2-uc003lmw.2, ENSP00000394902-uc001lei.1-uc010qtb.1	0.99999999996	E
1	3.92821331027e-11	1	ENSP00000248054-uc002nez.1-uc010eaj.1, ENSP00000268482-uc002fcb.2-uc010vmp.1, ENSP00000316007-uc002luj.2-uc010dss.2, ENSP00000364001-uc001iwx.3-uc001iwv.3	0.999999999961	E
1	3.86584098074e-11	1	ENSP00000345444-uc001qfp.2-uc009zcv.2, ENSP00000354622-uc002ici.1-uc010whi.1, ENSP00000368884-uc004czu.2-uc011mjk.1, ENSP00000435933-uc001ghx.1-uc001ghv.1	0.999999999961	E
1	3.83695297764e-11	1	ENSP00000340507-uc003vuc.2-uc003vub.2, ENSP00000343617-uc002qqw.2-uc010yhp.1, ENSP00000353458-uc001wsk.2-uc001wsl.2, ENSP00000471186-uc004fli.3-uc004flj.2	0.999999999962	E
1	3.82675002804e-11	1	ENSP00000225388-uc002hdy.3-uc002hdx.3, ENSP00000327009-uc002rmv.2-uc002rmw.2, ENSP00000348429-uc001kzu.2-uc010qrj.1, ENSP00000356210-uc003qph.2-uc003qpg.2	0.999999999962	E
1	3.82380793703e-11	1	ENSP00000184956-uc002iyk.1-uc010ddk.1, ENSP00000324628-uc002kon.2-uc002koo.2, ENSP00000365938-uc001vmt.2-uc001vms.2, ENSP00000387258-uc002tcd.3-uc010ywe.1	0.999999999962	E
1	3.78619358095e-11	1	ENSP00000247178-uc001xbx.1-uc001xbw.1, ENSP00000262679-uc001ctd.3-uc009vzb.2, ENSP00000266022-uc003cyc.2-uc011bdi.1, ENSP00000346246-uc002ppo.2-uc010enk.2	0.999999999962	E
1	3.76670916687e-11	1	ENSP00000273512-uc003fig.2-uc011bpy.1, ENSP00000339016-uc001kez.1-uc010qmr.1, ENSP00000345895-uc003bfr.2-uc011aqn.1, ENSP00000353292-uc001qnw.2-uc001qnv.2	0.999999999962	E
1	3.63024055268e-11	1	ENSP00000238823-uc002rpa.1-uc010ynd.1, ENSP00000250896-uc002lus.2-uc002luq.1, ENSP00000268057-uc002avb.2-uc002avc.2, ENSP00000354560-uc001ggv.2-uc010plx.1	0.999999999964	E
1	3.60440566289e-11	1	ENSP00000224949-uc001igt.1-uc001igs.1, ENSP00000327197-uc003fwz.3-uc011bty.1, ENSP00000381293-uc002iku.2-uc010wkf.1, ENSP00000432332-uc001oxx.2-uc001oya.2	0.999999999964	E
1	3.5133784771e-11	1	ENSP00000261643-uc002gof.3-uc010vvt.1, ENSP00000305922-uc001czi.3-uc001czm.3, ENSP00000342222-uc002gpy.2-uc002gpz.2, ENSP00000364493-uc004aur.2-uc011luh.1	0.999999999965	E
1	3.46773720856e-11	1	ENSP00000271688-uc001evz.2-uc009wmh.2, ENSP00000364037-uc004bas.2-uc011lvf.1, ENSP00000385746-uc004dag.2-uc010nfs.2, ENSP00000411471-uc003fmz.2-uc003fnb.2	0.999999999965	E
1	3.374889257e-11	1	ENSP00000261191-uc001rhk.3-uc001rhj.3, ENSP00000300935-uc002ndn.3-uc002ndo.3, ENSP00000321636-uc002gsx.1-uc010cpz.1, ENSP00000383411-uc002yju.1-uc010gky.1	0.999999999966	E
1	3.37485595031e-11	1	ENSP00000271227-uc001dqv.3-uc010ott.1, ENSP00000364037-uc004bas.2-uc011lvf.1, ENSP00000368076-uc002fbm.1-uc010vml.1, ENSP00000457258-uc002ejb.2-uc002ejc.2	0.999999999966	E
1	3.31403793302e-11	1	ENSP00000290341-uc002iom.2-uc010dbj.2, ENSP00000300658-uc002hsj.2-uc010cvy.2, ENSP00000318176-uc002umf.2-uc002umd.2, ENSP00000374455-uc003mkw.3-uc003mkv.3	0.999999999967	E
1	3.29197780152e-11	1	ENSP00000261798-uc003lqy.1-uc003lqu.2, ENSP00000313382-uc003pfs.2-uc010kap.2, ENSP00000380869-uc010tlt.1-uc010ain.2, ENSP00000428924-uc003xsk.3-uc003xsl.3	0.999999999967	E
1	3.2364333436e-11	1	ENSP00000266022-uc003cyc.2-uc011bdi.1, ENSP00000320688-uc003etr.2-uc011bmz.1, ENSP00000385839-uc001snt.2-uc009zpn.1, ENSP00000445725-uc003xpm.2-uc010lxp.2	0.999999999968	E
1	3.17286197321e-11	1	ENSP00000262144-uc002fdh.1-uc002fdf.1, ENSP00000347924-uc001leb.2-uc001ldy.2, ENSP00000417963-uc003oth.2-uc010jyd.2, ENSP00000418823-uc002ehr.2-uc002ehs.2	0.999999999968	E
1	3.13727932527e-11	1	ENSP00000230859-uc003jdx.1-uc010itl.1, ENSP00000252826-uc002pmw.2-uc002pmy.2, ENSP00000296595-uc003kjc.2-uc011ctx.1, ENSP00000471186-uc004fli.3-uc004flj.2	0.999999999969	E
1	3.13258308187e-11	1	ENSP00000219473-uc002fii.2-uc010vof.1, ENSP00000259569-uc003zjr.2-uc003zjs.2, ENSP00000339016-uc001kez.1-uc010qmr.1, ENSP00000364037-uc004bas.2-uc011lvf.1	0.999999999969	E
1	3.10382830553e-11	1	ENSP00000242209-uc003tdh.2-uc011kam.1, ENSP00000310657-uc001jvk.2-uc010qks.1, ENSP00000379006-uc002ape.3-uc010ujb.1, ENSP00000430548-uc003yht.1-uc003yhu.1	0.999999999969	E
1	3.08302272605e-11	1	ENSP00000184956-uc002iyk.1-uc010ddk.1, ENSP00000226067-uc002iug.1-uc010dce.1, ENSP00000261733-uc001tst.2-uc010syi.1, ENSP00000380025-uc002vhp.1-uc010zjz.1	0.999999999969	E
1	3.08137959597e-11	1	ENSP00000261844-uc002acg.3-uc002acf.3, ENSP00000266022-uc003cyc.2-uc011bdi.1, ENSP00000300456-uc004but.2-uc004buu.2, ENSP00000310841-uc002fjw.2-uc010vot.1	0.999999999969	E
1	3.02440295035e-11	1	ENSP00000279281-uc001ocr.1-uc001ocs.1, ENSP00000326514-uc003hbf.1-uc003hbg.1, ENSP00000343273-uc003svs.3-uc011jyv.1, ENSP00000379931-uc003ccg.2-uc010hfc.2	0.99999999997	E
1	3.00925950829e-11	1	ENSP00000005587-uc003syc.2-uc011jzj.1, ENSP00000316007-uc002luj.2-uc010dss.2, ENSP00000392775-uc003vbd.2-uc011klj.1, ENSP00000437271-uc001njs.2-uc001njp.2	0.99999999997	E
1	3.00328650842e-11	1	ENSP00000252015-uc002xbk.2-uc010zuq.1, ENSP00000265000-uc003isz.3-uc011ckb.1, ENSP00000299608-uc002lkf.2-uc010xez.1, ENSP00000401470-uc003azu.2-uc003azr.2	0.99999999997	E
1	2.97113444962e-11	1	ENSP00000267101-uc001sjh.2-uc001sjl.2, ENSP00000377864-uc001ses.2-uc001sev.2, ENSP00000378322-uc003hvu.2-uc010ilk.2, ENSP00000380651-uc001vnn.1-uc001vnm.1	0.99999999997	E
1	2.96497271184e-11	1	ENSP00000264381-uc003fem.3-uc003fen.3, ENSP00000264638-uc002iay.2-uc010wgs.1, ENSP00000267859-uc010uhc.1-uc002agi.3, ENSP00000343405-uc001jux.2-uc010qkq.1	0.99999999997	E
1	2.95135027533e-11	1	ENSP00000339435-uc002fue.1-uc002fui.1, ENSP00000364028-uc001bek.2-uc001bei.2, ENSP00000397552-uc003fjw.2-uc003fjx.2, ENSP00000468541-uc002mcy.2-uc002mcz.2	0.99999999997	E
1	2.89612778208e-11	1	ENSP00000255499-uc004eml.2-uc004emk.2, ENSP00000258796-uc003smp.2-uc010ksn.2, ENSP00000265742-uc003ulw.2-uc010lew.1, ENSP00000362187-uc004bsx.1-uc004bsw.1	0.999999999971	E
1	2.83189027787e-11	1	ENSP00000285021-uc011ave.1-uc011avf.1, ENSP00000348429-uc001kzu.2-uc010qrj.1, ENSP00000377566-uc002esa.2-uc002esc.2, ENSP00000419475-uc003exk.2-uc003exj.1	0.999999999972	E
1	2.82068812755e-11	1	ENSP00000252826-uc002pmw.2-uc002pmy.2, ENSP00000263209-uc002zri.2-uc002zrj.2, ENSP00000300738-uc001lyw.3-uc010qyd.1, ENSP00000314499-uc003gbm.3-uc003gbk.3	0.999999999972	E
1	2.73530087473e-11	1	ENSP00000224949-uc001igt.1-uc001igs.1, ENSP00000262031-uc001sln.2-uc010sqp.1, ENSP00000364889-uc010tjo.1-uc001vrv.3, ENSP00000413520-uc002jmj.3-uc002jmi.2	0.999999999973	E
1	2.69839706139e-11	1	ENSP00000170564-uc002nug.1-uc002nuh.1, ENSP00000264266-uc003fcl.1-uc011box.1, ENSP00000280377-uc001src.1-uc001srb.1, ENSP00000311165-uc003tbv.1-uc010kwf.1	0.999999999973	E
1	2.60995669524e-11	1	ENSP00000260649-uc002ruc.3-uc002rue.3, ENSP00000386759, ENSP00000423485-uc010jgh.2-uc003lmh.3, ENSP00000471074-uc002xfh.2-uc002xfg.2	0.999999999974	E
1	2.38689068513e-11	1	ENSP00000230901-uc003lcg.2-uc011cyl.1, ENSP00000233146-uc002rvy.1-uc010fbg.2, ENSP00000264669-uc003jeb.2-uc003jec.2, ENSP00000375810-uc002pbf.1-uc010ejy.1	0.999999999976	E
1	2.37209141221e-11	1	ENSP00000228280-uc001tav.2-uc009zsn.2, ENSP00000276893-uc003zjy.2-uc003zkb.2, ENSP00000296799-uc011csr.1-uc003kcz.3, ENSP00000378438-uc002azq.3-uc002azr.3	0.999999999976	E
1	2.32038832595e-11	1	ENSP00000253024-uc002qtg.1-uc002qth.1, ENSP00000338258-uc002jjo.2-uc002jjp.1, ENSP00000365200-uc001vpo.2-uc001vpp.2, ENSP00000367830-uc001aiq.2-uc009vla.2	0.999999999977	E
1	2.31077379456e-11	1	ENSP00000331504-uc002bpv.2-uc002bpy.2, ENSP00000347416-uc002lva.2-uc010dsv.2, ENSP00000468541-uc002mcy.2-uc002mcz.2, ENSP00000469583-uc010rye.1-uc001pti.2	0.999999999977	E
1	2.16402451516e-11	1	ENSP00000203407-uc003cub.1-uc003cua.1, ENSP00000286096-uc002doh.2-uc010bxw.2, ENSP00000325017-uc001qoo.2-uc010sfd.1, ENSP00000400175-uc003cwu.2-uc010hku.2	0.999999999978	E
1	1.99694705218e-11	1	ENSP00000046794-uc003man.1-uc011des.1, ENSP00000251143-uc002dgn.1-uc002dgp.1, ENSP00000274000-uc003iaj.3-uc003iak.3, ENSP00000383411-uc002yju.1-uc010gky.1	0.99999999998	E
1	1.96911376096e-11	1	ENSP00000319255-uc001pdg.2-uc009yvz.2, ENSP00000363482-uc001jcu.2-uc001jcw.2, ENSP00000384338-uc002twh.2-uc010zbn.1, ENSP00000419098-uc004cdd.2-uc004cdc.2	0.99999999998	E
1	1.96520577591e-11	1	ENSP00000246032-uc002wfw.3-uc010zpu.1, ENSP00000300658-uc002hsj.2-uc010cvy.2, ENSP00000428205-uc003yqr.2-uc003yqq.2, ENSP00000434442-uc001ndt.2-uc010rhc.1	0.99999999998	E
1	1.95996552323e-11	1	ENSP00000272638-uc002tur.2-uc002tut.2, ENSP00000294794-uc001gbu.2-uc001gbt.2, ENSP00000332979-uc002yyw.2-uc010goo.2, ENSP00000375809-uc002pbj.2-uc002pbi.2	0.99999999998	E
1	1.92221794039e-11	1	ENSP00000289407-uc003vop.1-uc003voq.1, ENSP00000359818-uc001knt.2-uc001knq.2, ENSP00000376197-uc003fwa.3-uc011btr.1, ENSP00000377867-uc004ewk.1-uc004ewm.1	0.999999999981	E
1	1.90798488122e-11	1	ENSP00000265348-uc003otq.2-uc010jyh.2, ENSP00000295797-uc003fgs.2-uc003fgt.2, ENSP00000296473-uc003cxz.2-uc003cya.2, ENSP00000368076-uc002fbm.1-uc010vml.1	0.999999999981	E
1	1.88495885569e-11	1	ENSP00000264832-uc002mnq.2-uc010xle.1, ENSP00000275227-uc003qdw.1-uc010kgd.1, ENSP00000368799-uc001uxu.1-uc010ace.1, ENSP00000374029-uc003ltj.2-uc011dcn.1	0.999999999981	E
1	1.87514448415e-11	1	ENSP00000252699-uc002oja.1-uc002ojb.1, ENSP00000262809-uc002njh.2-uc002njg.2, ENSP00000300737-uc001lyv.2-uc009yeg.2, ENSP00000325017-uc001qoo.2-uc010sfd.1	0.999999999981	E
1	1.87190263292e-11	1	ENSP00000174653-uc003xoo.2-uc010lxe.2, ENSP00000237596-uc003hre.2-uc011cdg.1, ENSP00000297837-uc004ayu.2-uc004ayv.1, ENSP00000400717-uc002jfc.2-uc010wqh.1	0.999999999981	E
1	1.87119209018e-11	1	ENSP00000248594-uc003ugh.2-uc010lds.2, ENSP00000262031-uc001sln.2-uc010sqp.1, ENSP00000293350-uc002pnt.2-uc010yat.1, ENSP00000366502-uc010oag.1-uc001aqf.2	0.999999999981	E
1	1.82385218041e-11	1	ENSP00000245541-uc002jni.1-uc002jnj.1, ENSP00000305533-uc003hnt.2-uc003hnv.2, ENSP00000378438-uc002azq.3-uc002azr.3, ENSP00000471656-uc001qsi.2-uc010sfw.1	0.999999999982	E
1	1.75578440677e-11	1	ENSP00000290231-uc002xre.2-uc002xrc.2, ENSP00000294794-uc001gbu.2-uc001gbt.2, ENSP00000368799-uc001uxu.1-uc010ace.1, ENSP00000474435-uc002hjr.2-uc010wcj.1	0.999999999982	E
1	1.67674762964e-11	1	ENSP00000332256-uc002bwn.3-uc010bpb.2, ENSP00000347445-uc002cwl.2-uc010uxk.1, ENSP00000347532-uc009xyw.2-uc001lcy.3, ENSP00000390222-uc001vla.2-uc001vkx.2	0.999999999983	E
1	1.67662550511e-11	1	ENSP00000203407-uc003cub.1-uc003cua.1, ENSP00000248594-uc003ugh.2-uc010lds.2, ENSP00000358635-uc003pla.2-uc003pkz.2, ENSP00000401133-uc010ujs.1-uc010ujt.1	0.999999999983	E
1	1.66728852947e-11	1	ENSP00000290231-uc002xre.2-uc002xrc.2, ENSP00000323302-uc001tbc.2-uc009zsq.2, ENSP00000357110-uc003qch.2-uc003qcd.1, ENSP00000396861-uc010jaf.1-uc003kga.2	0.999999999983	E
1	1.65829572298e-11	1	ENSP00000219478-uc002cxp.1-uc002cxo.1, ENSP00000264122-uc003dwc.2-uc003dwa.2, ENSP00000362649-uc001bvb.1-uc010ohf.1, ENSP00000379625-uc011ayi.1-uc011ayk.1	0.999999999983	E
1	1.61850532977e-11	1	ENSP00000259395-uc004bbg.1-uc011lvk.1, ENSP00000307023-uc002raf.1-uc010yjc.1, ENSP00000359818-uc001knt.2-uc001knq.2, ENSP00000360151-uc001kmp.2-uc001kmo.2	0.999999999984	E
1	1.5489942662e-11	1	ENSP00000260803-uc003erv.2-uc003ert.2, ENSP00000265742-uc003ulw.2-uc010lew.1, ENSP00000342222-uc002gpy.2-uc002gpz.2, ENSP00000405424-uc011lht.1-uc003yml.2	0.999999999985	E
1	1.52082790806e-11	1	ENSP00000225388-uc002hdy.3-uc002hdx.3, ENSP00000300456-uc004but.2-uc004buu.2, ENSP00000354560-uc001ggv.2-uc010plx.1, ENSP00000362649-uc001bvb.1-uc010ohf.1	0.999999999985	E
1	1.51776369252e-11	1	ENSP00000294066-uc001obh.2-uc001obg.2, ENSP00000305533-uc003hnt.2-uc003hnv.2, ENSP00000376534-uc002uao.2-uc002uap.2, ENSP00000413851-uc002kud.2-uc002kub.2	0.999999999985	E
1	1.5176859769e-11	1	ENSP00000271732-uc001evj.2-uc010pci.1, ENSP00000328023-uc001qdh.2-uc010sbm.1, ENSP00000365938-uc001vmt.2-uc001vms.2, ENSP00000392775-uc003vbd.2-uc011klj.1	0.999999999985	E
1	1.51150203466e-11	1	ENSP00000347444-uc004axj.2-uc011luy.1, ENSP00000353375-uc003csb.2-uc003crw.2, ENSP00000366395-uc001odb.2-uc009yqc.2, ENSP00000378394-uc001jsm.2-uc001jsl.2	0.999999999985	E
1	1.42935663306e-11	1	ENSP00000275227-uc003qdw.1-uc010kgd.1, ENSP00000305922-uc001czi.3-uc001czm.3, ENSP00000354957-uc004ahr.2-uc011lry.1, ENSP00000415889-uc003wut.1-uc011kxl.1	0.999999999986	E
1	1.42715839148e-11	1	ENSP00000273359-uc003dyk.3-uc011bhq.1, ENSP00000308344-uc002jbc.2-uc010wpn.1, ENSP00000357047-uc003qcs.1-uc003qcr.1, ENSP00000454552-uc002fec.2-uc002fed.1	0.999999999986	E
1	1.40754075063e-11	1	ENSP00000263980-uc001bnm.2-uc001bnl.2, ENSP00000369887-uc002afp.2-uc002afn.2, ENSP00000399584-uc004csx.3-uc010ndt.2, ENSP00000471771-uc004eay.3-uc010nll.2	0.999999999986	E
1	1.32913680063e-11	1	ENSP00000260506-uc001dpw.2-uc010otl.1, ENSP00000262982-uc002xty.2-uc010ghy.2, ENSP00000347532-uc009xyw.2-uc001lcy.3, ENSP00000399584-uc004csx.3-uc010ndt.2	0.999999999987	E
1	1.23621113347e-11	1	ENSP00000345498-uc001dyb.1-uc001dye.1, ENSP00000356591-uc001gml.2-uc010pnk.1, ENSP00000358918-uc001kvy.1-uc009xxe.1, ENSP00000471074-uc002xfh.2-uc002xfg.2	0.999999999988	E
1	1.22026833083e-11	1	ENSP00000349428-uc002lpp.2-uc002lps.2, ENSP00000376733-uc003etv.2-uc011bnb.1, ENSP00000393571-uc001pjq.2-uc010rvu.1, ENSP00000407642-uc004fhc.2-uc004fhd.2	0.999999999988	E
1	1.20654597425e-11	1	ENSP00000288502-uc004bjd.3-uc004bjf.3, ENSP00000333667-uc001snf.1-uc010srj.1, ENSP00000362824-uc004eaa.1-uc004ead.2, ENSP00000416097-uc011maw.1-uc010mxw.2	0.999999999988	E
1	1.20600196497e-11	1	ENSP00000269919-uc002nis.1-uc010xqg.1, ENSP00000355499-uc001hzw.2-uc001hzx.2, ENSP00000358918-uc001kvy.1-uc009xxe.1, ENSP00000471771-uc004eay.3-uc010nll.2	0.999999999988	E
1	1.19488863249e-11	1	ENSP00000238146-uc001ufi.2-uc001ufl.2, ENSP00000353458-uc001wsk.2-uc001wsl.2, ENSP00000373206-uc003dnl.2-uc003dnj.2, ENSP00000402717-uc002rvk.2-uc002rvl.2	0.999999999988	E
1	1.15097931187e-11	1	ENSP00000267938-uc002bbg.2-uc002bbi.2, ENSP00000310841-uc002fjw.2-uc010vot.1, ENSP00000319726-uc001odu.3-uc009yqj.2, ENSP00000376362-uc001tui.1-uc001tuh.2	0.999999999988	E
1	1.15089049402e-11	1	ENSP00000340766-uc001gqg.2-uc001gqf.2, ENSP00000358694-uc001kyp.1-uc001kyq.1, ENSP00000370839-uc003gzj.2-uc011bzp.1, ENSP00000392105-uc010ppm.1-uc001gvo.2	0.999999999988	E
1	1.13891118759e-11	1	ENSP00000339435-uc002fue.1-uc002fui.1, ENSP00000368076-uc002fbm.1-uc010vml.1, ENSP00000375936-uc002vkw.1-uc002vky.2, ENSP00000437271-uc001njs.2-uc001njp.2	0.999999999989	E
1	1.12019282739e-11	1	ENSP00000264977-uc003eqv.1-uc011blz.1, ENSP00000364001-uc001iwx.3-uc001iwv.3, ENSP00000376930-uc003emz.3-uc011blc.1, ENSP00000403476-uc010oia.1-uc010oib.1	0.999999999989	E
1	1.11830544825e-11	1	ENSP00000255977-uc003vvt.2-uc011krd.1, ENSP00000313490-uc002gkr.2-uc002gks.2, ENSP00000369081-uc003mxv.2-uc010jnz.2, ENSP00000386797-uc002tob.1-uc002toa.1	0.999999999989	E
1	1.07631681346e-11	1	ENSP00000249075-uc003agz.2-uc011aks.1, ENSP00000296529-uc003ipx.2-uc010iqi.2, ENSP00000308032-uc002opw.2-uc010xvx.1, ENSP00000417980-uc011mfc.1-uc004coe.2	0.999999999989	E
1	1.04818376201e-11	1	ENSP00000257287-uc003hbi.2-uc003hbj.2, ENSP00000267938-uc002bbg.2-uc002bbi.2, ENSP00000356272-uc003qoi.2-uc011eeq.1, ENSP00000359621-uc001dkp.2-uc001dko.2	0.99999999999	E
1	1.00097707901e-11	1	ENSP00000359727-uc003pdr.2-uc011dxo.1, ENSP00000359830-uc001dhu.2-uc009wca.1, ENSP00000362608-uc003onk.2-uc011dtw.1, ENSP00000404602-uc003soy.1-uc011jwj.1	0.99999999999	E
1	9.96713822592e-12	1	ENSP00000263960-uc002uuh.1-uc010fsl.1, ENSP00000303423-uc003xps.2-uc003xpu.2, ENSP00000380837-uc002zil.2-uc011afv.1, ENSP00000439338-uc001tsi.2-uc001tsg.2	0.99999999999	E
1	9.80526770893e-12	1	ENSP00000248594-uc003ugh.2-uc010lds.2, ENSP00000260453-uc002adr.2-uc010bfo.2, ENSP00000281142-uc003igp.2-uc003igo.2, ENSP00000347416-uc002lva.2-uc010dsv.2	0.99999999999	E
1	9.68092273017e-12	1	ENSP00000005178-uc003uoa.2-uc003unz.2, ENSP00000261531-uc001xuf.2-uc010asu.2, ENSP00000356210-uc003qph.2-uc003qpg.2, ENSP00000359818-uc001knt.2-uc001knq.2	0.99999999999	E
1	9.65694191284e-12	1	ENSP00000268603-uc002eoi.2-uc010cdn.2, ENSP00000343273-uc003svs.3-uc011jyv.1, ENSP00000362590-uc003onn.2-uc003onp.2, ENSP00000370074-uc003mug.2-uc003muf.2	0.99999999999	E
1	9.23661147571e-12	1	ENSP00000247178-uc001xbx.1-uc001xbw.1, ENSP00000248248-uc002fez.2-uc010vng.1, ENSP00000380234-uc002fxc.1-uc010ckn.1, ENSP00000393978-uc002pfj.2-uc002pfd.2	0.999999999991	E
1	8.97293350736e-12	1	ENSP00000261819-uc001uag.2-uc010szv.1, ENSP00000292140-uc002own.3-uc010eit.2, ENSP00000315768-uc001slc.2-uc001slb.2, ENSP00000383401-uc002kod.1-uc002kof.2	0.999999999991	E
1	8.84581297104e-12	1	ENSP00000253925-uc001opo.2-uc001opr.2, ENSP00000259395-uc004bbg.1-uc011lvk.1, ENSP00000311427-uc002bau.2-uc002bav.2, ENSP00000328023-uc001qdh.2-uc010sbm.1	0.999999999991	E
1	8.83693118685e-12	1	ENSP00000262213-uc003xyo.1-uc011lfc.1, ENSP00000342581-uc011mbe.1-uc004bvh.2, ENSP00000437271-uc001njs.2-uc001njp.2, ENSP00000463536-uc001eum.3-uc010pca.1	0.999999999991	E
1	8.80029382703e-12	1	ENSP00000300738-uc001lyw.3-uc010qyd.1, ENSP00000305922-uc001czi.3-uc001czm.3, ENSP00000345498-uc001dyb.1-uc001dye.1, ENSP00000348564-uc001zql.2-uc001zqj.2	0.999999999991	E
1	8.68394245405e-12	1	ENSP00000196482-uc002qsw.1-uc002qsx.1, ENSP00000263634-uc002rxg.1-uc002rxf.1, ENSP00000363482-uc001jcu.2-uc001jcw.2, ENSP00000384998-uc010zoj.1-uc002wan.1	0.999999999991	E
1	8.3979490029e-12	1	ENSP00000160298-uc002mgv.3-uc002mgw.2, ENSP00000230901-uc003lcg.2-uc011cyl.1, ENSP00000362884-uc001brw.2-uc001brx.2, ENSP00000367024-uc009yoz.2-uc010rmy.1	0.999999999992	E
1	8.2265305679e-12	1	ENSP00000317904-uc002plp.2-uc010xzy.1, ENSP00000336923-uc003ilf.2-uc003ili.2, ENSP00000352608, ENSP00000355180-uc002zhu.1-uc002zhw.1	0.999999999992	E
1	8.02868882491e-12	1	ENSP00000262031-uc001sln.2-uc010sqp.1, ENSP00000341957-uc010pvb.1-uc010puz.1, ENSP00000369274-uc004cyv.3-uc004cyu.3, ENSP00000471656-uc001qsi.2-uc010sfw.1	0.999999999992	E
1	7.93654031387e-12	1	ENSP00000341154-uc001yno.2-uc001yns.2, ENSP00000387258-uc002tcd.3-uc010ywe.1, ENSP00000436604-uc001tbd.2-uc001tbe.2, ENSP00000449960-uc001sef.2-uc001see.2	0.999999999992	E
1	7.77911068897e-12	1	ENSP00000354560-uc001ggv.2-uc010plx.1, ENSP00000364000-uc002uqk.2-uc010frx.2, ENSP00000383401-uc002kod.1-uc002kof.2, ENSP00000436604-uc001tbd.2-uc001tbe.2	0.999999999992	E
1	7.75701725078e-12	1	ENSP00000261308-uc003jtv.3-uc011cqw.1, ENSP00000376362-uc001tui.1-uc001tuh.2, ENSP00000400113-uc001mpi.2-uc001mpj.2, ENSP00000432332-uc001oxx.2-uc001oya.2	0.999999999992	E
1	7.63689111952e-12	1	ENSP00000346762-uc003vmi.2-uc010lle.2, ENSP00000386609-uc002ftj.2-uc010vqq.1, ENSP00000399584-uc004csx.3-uc010ndt.2, ENSP00000419446-uc003xmr.2-uc003xms.2	0.999999999992	E
1	7.60169704964e-12	1	ENSP00000261413-uc003kbz.3-uc011csd.1, ENSP00000262213-uc003xyo.1-uc011lfc.1, ENSP00000273512-uc003fig.2-uc011bpy.1, ENSP00000341154-uc001yno.2-uc001yns.2	0.999999999992	E
1	7.55728812865e-12	1	ENSP00000242209-uc003tdh.2-uc011kam.1, ENSP00000279068-uc010gjy.1-uc010zzz.1, ENSP00000415057-uc010ukd.1-uc010bik.1, ENSP00000471656-uc001qsi.2-uc010sfw.1	0.999999999992	E
1	7.44693196e-12	1	ENSP00000253024-uc002qtg.1-uc002qth.1, ENSP00000271688-uc001evz.2-uc009wmh.2, ENSP00000350578-uc002yma.2-uc011acg.1, ENSP00000359050-uc009xwy.1-uc009xwx.1	0.999999999993	E
1	7.4287243024e-12	1	ENSP00000370839-uc003gzj.2-uc011bzp.1, ENSP00000377566-uc002esa.2-uc002esc.2, ENSP00000380234-uc002fxc.1-uc010ckn.1, ENSP00000412173-uc001bvh.3-uc010ohi.1	0.999999999993	E
1	7.22066850758e-12	1	ENSP00000255499-uc004eml.2-uc004emk.2, ENSP00000281416-uc002urz.2-uc010zge.1, ENSP00000378857-uc003cvj.2-uc011bby.1, ENSP00000393978-uc002pfj.2-uc002pfd.2	0.999999999993	E
1	7.21889215074e-12	1	ENSP00000295148-uc002rep.2-uc010eya.2, ENSP00000313007-uc003yjs.1-uc011lhd.1, ENSP00000393571-uc001pjq.2-uc010rvu.1, ENSP00000458290-uc002klh.3-uc010dkj.2	0.999999999993	E
1	6.96243063205e-12	1	ENSP00000264669-uc003jeb.2-uc003jec.2, ENSP00000349174-uc003hwc.2-uc003hwa.1, ENSP00000408576-uc003cop.1-uc010hit.1, ENSP00000461672-uc002kal.1-uc002kai.1	0.999999999993	E
1	6.66833255283e-12	1	ENSP00000263196-uc002zoq.1-uc011agr.1, ENSP00000301011-uc002fky.2-uc002fkz.2, ENSP00000336914-uc004asz.2-uc011luc.1, ENSP00000369213-uc003zra.2-uc010mjj.2	0.999999999993	E
1	6.15540951545e-12	1	ENSP00000253490-uc003mdk.2-uc010jjy.1, ENSP00000376800-uc003vte.3-uc010lmv.2, ENSP00000383401-uc002kod.1-uc002kof.2, ENSP00000439856-uc002nei.1-uc010xpg.1	0.999999999994	E
1	5.93169957598e-12	1	ENSP00000256079-uc001rjd.2-uc001rje.1, ENSP00000276893-uc003zjy.2-uc003zkb.2, ENSP00000319255-uc001pdg.2-uc009yvz.2, ENSP00000332595-uc003ttz.2-uc003tub.2	0.999999999994	E
1	5.79380987633e-12	1	ENSP00000349708-uc001byh.2-uc010oht.1, ENSP00000350249-uc003vlm.2-uc003vlo.2, ENSP00000428205-uc003yqr.2-uc003yqq.2, ENSP00000436958-uc001pbl.2-uc001pbk.2	0.999999999994	E
1	5.65880675653e-12	1	ENSP00000293261-uc002pix.1-uc010xzo.1, ENSP00000357904-uc001ewy.2-uc010pcr.1, ENSP00000411409-uc002cof.1-uc002coe.1, ENSP00000469947-uc001qsl.2-uc009zfr.2	0.999999999994	E
1	5.32773825059e-12	1	ENSP00000170564-uc002nug.1-uc002nuh.1, ENSP00000355180-uc002zhu.1-uc002zhw.1, ENSP00000355428-uc001iew.1-uc010pzq.1, ENSP00000377864-uc001ses.2-uc001sev.2	0.999999999995	E
1	5.32618393835e-12	1	ENSP00000247956-uc002mku.2-uc002mkw.2, ENSP00000260570-uc002rku.2-uc010ezb.2, ENSP00000261819-uc001uag.2-uc010szv.1, ENSP00000289407-uc003vop.1-uc003voq.1	0.999999999995	E
1	5.2609028245e-12	1	ENSP00000072644-uc001cvu.2-uc001cvy.2, ENSP00000327214-uc001baa.2-uc001azz.1, ENSP00000358694-uc001kyp.1-uc001kyq.1, ENSP00000369431-uc003zqc.2-uc003zqb.2	0.999999999995	E
1	5.18030063291e-12	1	ENSP00000267101-uc001sjh.2-uc001sjl.2, ENSP00000311429-uc002aqb.2-uc010bhv.2, ENSP00000329748-uc001rls.1-uc001rlr.1, ENSP00000393762-uc003psu.2-uc003pst.3	0.999999999995	E
1	5.08704189885e-12	1	ENSP00000256649-uc001egz.2-uc001eha.2, ENSP00000260382-uc002asw.2-uc002asz.2, ENSP00000280700-uc003cdl.2-uc003cdk.2, ENSP00000400113-uc001mpi.2-uc001mpj.2	0.999999999995	E
1	4.96247487548e-12	1	ENSP00000295373-uc002rrf.2-uc002rrd.3, ENSP00000352567-uc003pwt.2-uc003pwu.2, ENSP00000380025-uc002vhp.1-uc010zjz.1, ENSP00000467437-uc002jwj.2-uc002jwl.2	0.999999999995	E
1	4.95725682727e-12	1	ENSP00000303147-uc002spr.2-uc010fgk.2, ENSP00000320688-uc003etr.2-uc011bmz.1, ENSP00000364509-uc004auf.1-uc010mrj.1, ENSP00000411409-uc002cof.1-uc002coe.1	0.999999999995	E
1	4.8414605658e-12	1	ENSP00000273512-uc003fig.2-uc011bpy.1, ENSP00000338457-uc003acl.2-uc003ach.2, ENSP00000381970-uc003koa.1-uc003kob.1, ENSP00000383191-uc002zhg.2-uc002zhk.2	0.999999999995	E
1	4.46442882663e-12	1	ENSP00000268099-uc002azb.1-uc002aza.1, ENSP00000311429-uc002aqb.2-uc010bhv.2, ENSP00000361892-uc002xnb.2-uc010ggy.2, ENSP00000363283-uc001bmr.1-uc010ofe.1	0.999999999996	E
1	4.39415170917e-12	1	ENSP00000253270-uc004awc.2-uc004awd.2, ENSP00000325017-uc001qoo.2-uc010sfd.1, ENSP00000343273-uc003svs.3-uc011jyv.1, ENSP00000355180-uc002zhu.1-uc002zhw.1	0.999999999996	E
1	4.35773639397e-12	1	ENSP00000316924-uc002wub.2-uc010gdc.2, ENSP00000400113-uc001mpi.2-uc001mpj.2, ENSP00000420533-uc003gdq.3-uc003gds.3, ENSP00000469583-uc010rye.1-uc001pti.2	0.999999999996	E
1	4.3320902421e-12	1	ENSP00000184956-uc002iyk.1-uc010ddk.1, ENSP00000230901-uc003lcg.2-uc011cyl.1, ENSP00000259569-uc003zjr.2-uc003zjs.2, ENSP00000394897-uc001dvj.1-uc010ouv.1	0.999999999996	E
1	4.03599376143e-12	1	ENSP00000269217-uc002kus.3-uc002kut.3, ENSP00000302728-uc003tun.2-uc011kdt.1, ENSP00000355929-uc001hjz.2-uc010ptq.1, ENSP00000418754-uc011dve.1-uc010jyj.1	0.999999999996	E
1	4.02677891032e-12	1	ENSP00000256079-uc001rjd.2-uc001rje.1, ENSP00000265140-uc003kkr.3-uc003kks.2, ENSP00000296473-uc003cxz.2-uc003cya.2, ENSP00000439628-uc002fuy.1-uc010ckc.1	0.999999999996	E
1	3.99824617859e-12	1	ENSP00000264669-uc003jeb.2-uc003jec.2, ENSP00000276893-uc003zjy.2-uc003zkb.2, ENSP00000327214-uc001baa.2-uc001azz.1, ENSP00000370023-uc002rgy.2-uc010yks.1	0.999999999996	E
1	3.98836519367e-12	1	ENSP00000072644-uc001cvu.2-uc001cvy.2, ENSP00000306920-uc003cfi.1-uc003cfj.1, ENSP00000348359-uc001ptt.2-uc009zai.1, ENSP00000385746-uc004dag.2-uc010nfs.2	0.999999999996	E
1	3.89221987974e-12	1	ENSP00000265993-uc001klb.3-uc001kla.3, ENSP00000287675-uc003cih.2-uc011ayq.1, ENSP00000351042-uc002nqi.2-uc002nqh.2, ENSP00000365938-uc001vmt.2-uc001vms.2	0.999999999996	E
1	3.6153302574e-12	1	ENSP00000273512-uc003fig.2-uc011bpy.1, ENSP00000367815-uc002fhl.3-uc010vnw.1, ENSP00000376930-uc003emz.3-uc011blc.1, ENSP00000390121-uc002jbv.2-uc010wps.1	0.999999999996	E
1	3.41193739928e-12	1	ENSP00000219473-uc002fii.2-uc010vof.1, ENSP00000295802-uc002spd.2-uc010fgf.2, ENSP00000327154-uc003owr.2-uc003ows.2, ENSP00000417980-uc011mfc.1-uc004coe.2	0.999999999997	E
1	3.19455573106e-12	1	ENSP00000287169-uc001nkx.1-uc001nky.1, ENSP00000318775-uc003gro.2-uc003grp.2, ENSP00000380025-uc002vhp.1-uc010zjz.1, ENSP00000381693-uc001jve.2-uc009xrn.1	0.999999999997	E
1	3.12305736828e-12	1	ENSP00000230901-uc003lcg.2-uc011cyl.1, ENSP00000264638-uc002iay.2-uc010wgs.1, ENSP00000351338-uc003csx.2-uc003cst.2, ENSP00000422464-uc003iph.1-uc011cir.1	0.999999999997	E
1	3.07198710914e-12	1	ENSP00000261733-uc001tst.2-uc010syi.1, ENSP00000317904-uc002plp.2-uc010xzy.1, ENSP00000346762-uc003vmi.2-uc010lle.2, ENSP00000470203-uc004fjs.1-uc010nur.2	0.999999999997	E
1	2.95674595919e-12	1	ENSP00000240651-uc001rew.2-uc009zir.2, ENSP00000265348-uc003otq.2-uc010jyh.2, ENSP00000323927-uc002hrg.2-uc010cvr.1, ENSP00000336888-uc002mpf.2-uc002mpi.2	0.999999999997	E
1	2.9483082642e-12	1	ENSP00000240651-uc001rew.2-uc009zir.2, ENSP00000271688-uc001evz.2-uc009wmh.2, ENSP00000278903-uc001qca.2-uc010sbf.1, ENSP00000293677-uc002moa.2-uc002mnz.2	0.999999999997	E
1	2.88302715035e-12	1	ENSP00000229854-uc003pan.1-uc011dwu.1, ENSP00000268482-uc002fcb.2-uc010vmp.1, ENSP00000324842-uc001uhc.2-uc009zyh.2, ENSP00000380234-uc002fxc.1-uc010ckn.1	0.999999999997	E
1	2.7995383789e-12	1	ENSP00000378438-uc002azq.3-uc002azr.3, ENSP00000381785-uc004bga.1-uc011lwv.1, ENSP00000421202-uc003jrh.3-uc003jrk.3, ENSP00000436604-uc001tbd.2-uc001tbe.2	0.999999999997	E
1	2.79876122278e-12	1	ENSP00000262207-uc003yan.2-uc011lfl.1, ENSP00000333657-uc002yzf.1-uc010gop.1, ENSP00000362285-uc001jrr.3-uc001jru.3, ENSP00000422464-uc003iph.1-uc011cir.1	0.999999999997	E
1	2.75734990396e-12	1	ENSP00000257700-uc003vda.1-uc010ljj.1, ENSP00000273512-uc003fig.2-uc011bpy.1, ENSP00000351338-uc003csx.2-uc003cst.2, ENSP00000352288-uc003bkv.3-uc003bkt.1	0.999999999997	E
1	2.61235477695e-12	1	ENSP00000227752-uc001prv.2-uc010rxn.1, ENSP00000263634-uc002rxg.1-uc002rxf.1, ENSP00000417185-uc001afs.2-uc001afr.2, ENSP00000474435-uc002hjr.2-uc010wcj.1	0.999999999997	E
1	2.55129251059e-12	1	ENSP00000260762-uc001kig.2-uc001kih.2, ENSP00000316426-uc002hqi.3-uc010cvn.1, ENSP00000354837-uc001fmt.2-uc001fmq.2, ENSP00000392264-uc010rre.1-uc009yth.2	0.999999999997	E
1	2.52819987168e-12	1	ENSP00000263980-uc001bnm.2-uc001bnl.2, ENSP00000265963-uc001moh.2-uc001moj.2, ENSP00000313869-uc003ciw.1-uc003ciz.1, ENSP00000387133-uc010mda.1-uc010mdb.1	0.999999999997	E
1	2.46713760533e-12	1	ENSP00000264424-uc003ipc.2-uc003ipd.2, ENSP00000315118-uc002oor.2-uc002ooq.1, ENSP00000358918-uc001kvy.1-uc009xxe.1, ENSP00000367227-uc003zyo.2-uc003zyn.2	0.999999999998	E
1	2.38142838782e-12	1	ENSP00000257548-uc010sxi.1-uc001tnw.3, ENSP00000277458-uc004byf.1-uc011mbt.1, ENSP00000346643-uc001jpf.3-uc009xqb.2, ENSP00000419446-uc003xmr.2-uc003xms.2	0.999999999998	E
1	2.36077823957e-12	1	ENSP00000310841-uc002fjw.2-uc010vot.1, ENSP00000326604-uc003wmw.3-uc003wmv.3, ENSP00000365757-uc001irl.3-uc010qcu.1, ENSP00000419851-uc003faq.2-uc011bom.1	0.999999999998	E
1	2.33368879776e-12	1	ENSP00000257287-uc003hbi.2-uc003hbj.2, ENSP00000275227-uc003qdw.1-uc010kgd.1, ENSP00000296799-uc011csr.1-uc003kcz.3, ENSP00000355330-uc002xhr.2-uc010zvx.1	0.999999999998	E
1	2.24931184789e-12	1	ENSP00000303153-uc003yvd.2-uc011ljo.1, ENSP00000364001-uc001iwx.3-uc001iwv.3, ENSP00000379625-uc011ayi.1-uc011ayk.1, ENSP00000417548-uc001msx.2-uc009yjn.1	0.999999999998	E
1	2.04314343222e-12	1	ENSP00000268057-uc002avb.2-uc002avc.2, ENSP00000341489-uc002nah.1-uc002nai.1, ENSP00000387258-uc002tcd.3-uc010ywe.1, ENSP00000392775-uc003vbd.2-uc011klj.1	0.999999999998	E
1	1.87316828715e-12	1	ENSP00000320885-uc002roc.2-uc002rod.2, ENSP00000323302-uc001tbc.2-uc009zsq.2, ENSP00000348359-uc001ptt.2-uc009zai.1, ENSP00000354040-uc001ift.2-uc010qad.1	0.999999999998	E
1	1.83875137339e-12	1	ENSP00000170564-uc002nug.1-uc002nuh.1, ENSP00000316042-uc003lbt.2-uc010jeo.2, ENSP00000329419-uc003etf.3-uc011bmv.1, ENSP00000385839-uc001snt.2-uc009zpn.1	0.999999999998	E
1	1.55042645389e-12	1	ENSP00000316924-uc002wub.2-uc010gdc.2, ENSP00000362298-uc001jrm.2-uc009xqk.2, ENSP00000443442-uc001ria.2-uc001rif.1, ENSP00000471771-uc004eay.3-uc010nll.2	0.999999999998	E
1	1.52589052505e-12	1	ENSP00000234420-uc002rwd.3-uc010yoi.1, ENSP00000366084-uc001vmd.3-uc010afj.2, ENSP00000369081-uc003mxv.2-uc010jnz.2, ENSP00000421741-uc003gde.3-uc010ibv.2	0.999999999998	E
1	1.50546242139e-12	1	ENSP00000260408-uc002afd.1-uc010ugz.1, ENSP00000271663-uc001exi.2-uc010pcv.1, ENSP00000356849-uc001gdt.1-uc010plf.1, ENSP00000359094-uc002yfq.1-uc002yfo.1	0.999999999998	E
1	1.50413015376e-12	1	ENSP00000252015-uc002xbk.2-uc010zuq.1, ENSP00000327179-uc002ews.3-uc010cfi.2, ENSP00000370074-uc003mug.2-uc003muf.2, ENSP00000380025-uc002vhp.1-uc010zjz.1	0.999999999998	E
1	1.49780188252e-12	1	ENSP00000263980-uc001bnm.2-uc001bnl.2, ENSP00000351042-uc002nqi.2-uc002nqh.2, ENSP00000356849-uc001gdt.1-uc010plf.1, ENSP00000376799-uc001pkh.2-uc010rvx.1	0.999999999999	E
1	1.47049039612e-12	1	ENSP00000234160-uc002ugk.2-uc002ugm.2, ENSP00000279068-uc010gjy.1-uc010zzz.1, ENSP00000358918-uc001kvy.1-uc009xxe.1, ENSP00000359233-uc001dqn.3-uc009wdr.2	0.999999999999	E
1	1.40976119667e-12	1	ENSP00000265846-uc003sjo.3-uc003sjm.3, ENSP00000338457-uc003acl.2-uc003ach.2, ENSP00000376800-uc003vte.3-uc010lmv.2, ENSP00000402717-uc002rvk.2-uc002rvl.2	0.999999999999	E
1	1.36846090015e-12	1	ENSP00000311949-uc001gew.2-uc001gez.2, ENSP00000362824-uc004eaa.1-uc004ead.2, ENSP00000380025-uc002vhp.1-uc010zjz.1, ENSP00000436901-uc001odm.2-uc010roe.1	0.999999999999	E
1	1.36735067713e-12	1	ENSP00000294785-uc001fvx.2-uc010pjg.1, ENSP00000336923-uc003ilf.2-uc003ili.2, ENSP00000341489-uc002nah.1-uc002nai.1, ENSP00000370196-uc003blh.2-uc003blf.2	0.999999999999	E
1	1.33104638422e-12	1	ENSP00000340467-uc001wlj.2-uc001wlk.2, ENSP00000356849-uc001gdt.1-uc010plf.1, ENSP00000419231-uc003esl.2-uc011bmm.1, ENSP00000467423-uc002mcg.2-uc010xiu.1	0.999999999999	E
1	1.31983313168e-12	1	ENSP00000299575-uc002ffz.1-uc010vnn.1, ENSP00000316649-uc002yck.1-uc002ycl.1, ENSP00000378322-uc003hvu.2-uc010ilk.2, ENSP00000381293-uc002iku.2-uc010wkf.1	0.999999999999	E
1	1.20448095942e-12	1	ENSP00000217159-uc002ydb.1-uc002yde.1, ENSP00000245796-uc002tjc.2-uc002tjh.2, ENSP00000340766-uc001gqg.2-uc001gqf.2, ENSP00000355330-uc002xhr.2-uc010zvx.1	0.999999999999	E
1	1.1632916852e-12	1	ENSP00000253247-uc002jgd.1-uc010deu.1, ENSP00000353292-uc001qnw.2-uc001qnv.2, ENSP00000378736-uc003tus.2-uc003tuu.2, ENSP00000383191-uc002zhg.2-uc002zhk.2	0.999999999999	E
1	1.09978692819e-12	1	ENSP00000308032-uc002opw.2-uc010xvx.1, ENSP00000348429-uc001kzu.2-uc010qrj.1, ENSP00000373206-uc003dnl.2-uc003dnj.2, ENSP00000436958-uc001pbl.2-uc001pbk.2	0.999999999999	E
1	1.01851860279e-12	1	ENSP00000332256-uc002bwn.3-uc010bpb.2, ENSP00000350967-uc002kzk.1-uc002kzo.1, ENSP00000390121-uc002jbv.2-uc010wps.1, ENSP00000392105-uc010ppm.1-uc001gvo.2	0.999999999999	E
1	1.01207930925e-12	1	ENSP00000259608-uc003zxe.1-uc003zxf.1, ENSP00000413507-uc011kav.1-uc003tey.2, ENSP00000416799-uc002xuw.2-uc010zyn.1, ENSP00000417980-uc011mfc.1-uc004coe.2	0.999999999999	E
1	9.37805388901e-13	1	ENSP00000245541-uc002jni.1-uc002jnj.1, ENSP00000260649-uc002ruc.3-uc002rue.3, ENSP00000295119-uc002upf.2-uc010zfs.1, ENSP00000359665-uc001kog.1-uc009xvw.1	0.999999999999	E
1	8.6741724914e-13	1	ENSP00000341957-uc010pvb.1-uc010puz.1, ENSP00000369681-uc002amf.2-uc010uik.1, ENSP00000392264-uc010rre.1-uc009yth.2, ENSP00000461108-uc002qis.3-uc002qiw.2	0.999999999999	E
1	7.77489184145e-13	1	ENSP00000245787-uc002tlk.2-uc010yye.1, ENSP00000317904-uc002plp.2-uc010xzy.1, ENSP00000356554-uc003qjr.3-uc010khh.2, ENSP00000370074-uc003mug.2-uc003muf.2	0.999999999999	E
1	7.54063478326e-13	1	ENSP00000249075-uc003agz.2-uc011aks.1, ENSP00000256689-uc001rpg.2-uc010sli.1, ENSP00000271657-uc001exr.2-uc010pcw.1, ENSP00000299575-uc002ffz.1-uc010vnn.1	0.999999999999	E
1	7.46069872548e-13	1	ENSP00000260408-uc002afd.1-uc010ugz.1, ENSP00000332256-uc002bwn.3-uc010bpb.2, ENSP00000346246-uc002ppo.2-uc010enk.2, ENSP00000416799-uc002xuw.2-uc010zyn.1	0.999999999999	E
1	7.46069872548e-13	1	ENSP00000317128-uc003emx.2-uc003emw.2, ENSP00000342581-uc011mbe.1-uc004bvh.2, ENSP00000352208-uc001kin.2-uc009xue.2, ENSP00000359818-uc001knt.2-uc001knq.2	0.999999999999	E
1	6.62581101097e-13	1	ENSP00000260649-uc002ruc.3-uc002rue.3, ENSP00000275227-uc003qdw.1-uc010kgd.1, ENSP00000364448-uc001vup.2-uc001vut.2, ENSP00000379737-uc003swy.2-uc010kur.2	0.999999999999	E
1	6.27276008913e-13	1	ENSP00000230901-uc003lcg.2-uc011cyl.1, ENSP00000296529-uc003ipx.2-uc010iqi.2, ENSP00000338235-uc003yhz.2-uc010mbf.2, ENSP00000370074-uc003mug.2-uc003muf.2	0.999999999999	E
1	6.16617867877e-13	1	ENSP00000261819-uc001uag.2-uc010szv.1, ENSP00000268638-uc002fjh.2-uc010chp.2, ENSP00000271657-uc001exr.2-uc010pcw.1, ENSP00000349959-uc003jlp.2-uc010ivf.2	0.999999999999	E
1	6.15174577945e-13	1	ENSP00000326381-uc003fqs.2-uc003fqv.2, ENSP00000354837-uc001fmt.2-uc001fmq.2, ENSP00000380869-uc010tlt.1-uc010ain.2, ENSP00000428924-uc003xsk.3-uc003xsl.3	0.999999999999	E
1	5.90194559891e-13	1	ENSP00000193322-uc003psd.2-uc003pse.1, ENSP00000313007-uc003yjs.1-uc011lhd.1, ENSP00000378056-uc002blh.2-uc002bll.2, ENSP00000400175-uc003cwu.2-uc010hku.2	0.999999999999	E
1	5.65991697954e-13	1	ENSP00000072644-uc001cvu.2-uc001cvy.2, ENSP00000304669-uc003ldh.2-uc003ldl.2, ENSP00000364037-uc004bas.2-uc011lvf.1, ENSP00000457258-uc002ejb.2-uc002ejc.2	0.999999999999	E
1	5.59996493621e-13	1	ENSP00000253024-uc002qtg.1-uc002qth.1, ENSP00000253247-uc002jgd.1-uc010deu.1, ENSP00000459424-uc003udy.2-uc003uea.2, ENSP00000473060-uc004fel.2-uc004fek.2	0.999999999999	E
1	5.24247312228e-13	1	ENSP00000300658-uc002hsj.2-uc010cvy.2, ENSP00000349748-uc001bys.2-uc001byr.2, ENSP00000369695-uc003zoe.2-uc011lnf.1, ENSP00000375936-uc002vkw.1-uc002vky.2	0.999999999999	E
1	4.97824004242e-13	1	ENSP00000263209-uc002zri.2-uc002zrj.2, ENSP00000366475-uc001obx.2-uc001obw.2, ENSP00000380025-uc002vhp.1-uc010zjz.1, ENSP00000420533-uc003gdq.3-uc003gds.3	1.0	E
1	4.93605156748e-13	1	ENSP00000219473-uc002fii.2-uc010vof.1, ENSP00000221200-uc003xeo.2-uc011lad.1, ENSP00000308344-uc002jbc.2-uc010wpn.1, ENSP00000352510-uc001ylw.1-uc010txx.1	1.0	E
1	4.73066030793e-13	1	ENSP00000301831-uc003ckv.3-uc003cku.3, ENSP00000400065-uc003afi.2-uc011ako.1, ENSP00000413520-uc002jmj.3-uc002jmi.2, ENSP00000474435-uc002hjr.2-uc010wcj.1	1.0	E
1	4.68958205602e-13	1	ENSP00000320688-uc003etr.2-uc011bmz.1, ENSP00000330361-uc003zfc.3-uc003zfd.2, ENSP00000380025-uc002vhp.1-uc010zjz.1, ENSP00000399828-uc003gfr.2-uc003gfn.2	1.0	E
1	4.64295268898e-13	1	ENSP00000248054-uc002nez.1-uc010eaj.1, ENSP00000263980-uc001bnm.2-uc001bnl.2, ENSP00000359830-uc001dhu.2-uc009wca.1, ENSP00000408576-uc003cop.1-uc010hit.1	1.0	E
1	4.40536496171e-13	1	ENSP00000238667-uc001xrs.2-uc010tvd.1, ENSP00000255977-uc003vvt.2-uc011krd.1, ENSP00000363558-uc010qfc.1-uc010qfd.1, ENSP00000474435-uc002hjr.2-uc010wcj.1	1.0	E
1	3.98125976631e-13	1	ENSP00000264963-uc002swu.2-uc010yuw.1, ENSP00000296051-uc003ewu.1-uc011bnq.1, ENSP00000320663-uc002rsi.2-uc010ynv.1, ENSP00000373783-uc003xdh.1-uc010lty.1	1.0	E
1	3.86690679477e-13	1	ENSP00000264720-uc002rjw.1-uc010eyy.1, ENSP00000273359-uc003dyk.3-uc011bhq.1, ENSP00000367893-uc001imk.2-uc010qbs.1, ENSP00000437271-uc001njs.2-uc001njp.2	1.0	E
1	3.63709062867e-13	1	ENSP00000261844-uc002acg.3-uc002acf.3, ENSP00000324628-uc002kon.2-uc002koo.2, ENSP00000348359-uc001ptt.2-uc009zai.1, ENSP00000364889-uc010tjo.1-uc001vrv.3	1.0	E
1	3.60267371491e-13	1	ENSP00000252699-uc002oja.1-uc002ojb.1, ENSP00000267859-uc010uhc.1-uc002agi.3, ENSP00000270570-uc002gvy.1-uc010cqp.1, ENSP00000379350-uc001iwt.3-uc001iwr.3	1.0	E
1	3.37729844091e-13	1	ENSP00000264346-uc011cdi.1-uc011cdl.1, ENSP00000356713-uc003qho.2-uc011edm.1, ENSP00000377756-uc010hoy.2-uc003drw.2, ENSP00000393762-uc003psu.2-uc003pst.3	1.0	E
1	3.32178728968e-13	1	ENSP00000260803-uc003erv.2-uc003ert.2, ENSP00000269554-uc002hqs.2-uc010cvp.2, ENSP00000352288-uc003bkv.3-uc003bkt.1, ENSP00000410083-uc001tdz.2-uc009ztb.1	1.0	E
1	3.21076498722e-13	1	ENSP00000261844-uc002acg.3-uc002acf.3, ENSP00000334153-uc003cay.2-uc010hes.2, ENSP00000362298-uc001jrm.2-uc009xqk.2, ENSP00000377954-uc003lnx.1-uc011dbq.1	1.0	E
1	3.17967874253e-13	1	ENSP00000259569-uc003zjr.2-uc003zjs.2, ENSP00000308032-uc002opw.2-uc010xvx.1, ENSP00000359818-uc001knt.2-uc001knq.2, ENSP00000434442-uc001ndt.2-uc010rhc.1	1.0	E
1	3.16413562018e-13	1	ENSP00000358262-uc001epm.3-uc009wji.2, ENSP00000377566-uc002esa.2-uc002esc.2, ENSP00000383411-uc002yju.1-uc010gky.1, ENSP00000450613-uc010fyv.2-uc002vxp.3	1.0	E
1	3.15192316691e-13	1	ENSP00000230859-uc003jdx.1-uc010itl.1, ENSP00000294066-uc001obh.2-uc001obg.2, ENSP00000365757-uc001irl.3-uc010qcu.1, ENSP00000368799-uc001uxu.1-uc010ace.1	1.0	E
1	3.12305736827e-13	1	ENSP00000262593-uc002xwy.2-uc010gin.2, ENSP00000296595-uc003kjc.2-uc011ctx.1, ENSP00000308032-uc002opw.2-uc010xvx.1, ENSP00000377880-uc003dof.2-uc003doe.2	1.0	E
1	3.01647595791e-13	1	ENSP00000225388-uc002hdy.3-uc002hdx.3, ENSP00000268482-uc002fcb.2-uc010vmp.1, ENSP00000345444-uc001qfp.2-uc009zcv.2, ENSP00000366522-uc003zds.1-uc011llk.1	1.0	E
1	3.01203506581e-13	1	ENSP00000252826-uc002pmw.2-uc002pmy.2, ENSP00000316649-uc002yck.1-uc002ycl.1, ENSP00000340766-uc001gqg.2-uc001gqf.2, ENSP00000348429-uc001kzu.2-uc010qrj.1	1.0	E
1	2.86659584958e-13	1	ENSP00000224949-uc001igt.1-uc001igs.1, ENSP00000312734-uc002alz.2-uc010uih.1, ENSP00000350331-uc001iig.2-uc001iii.2, ENSP00000413520-uc002jmj.3-uc002jmi.2	1.0	E
1	2.8044233602e-13	1	ENSP00000345498-uc001dyb.1-uc001dye.1, ENSP00000352208-uc001kin.2-uc009xue.2, ENSP00000369695-uc003zoe.2-uc011lnf.1, ENSP00000461672-uc002kal.1-uc002kai.1	1.0	E
1	2.59792187762e-13	1	ENSP00000334738-uc003adk.2-uc011akg.1, ENSP00000357307-uc001fmg.2-uc010pgq.1, ENSP00000358635-uc003pla.2-uc003pkz.2, ENSP00000437271-uc001njs.2-uc001njp.2	1.0	E
1	2.55906407176e-13	1	ENSP00000072644-uc001cvu.2-uc001cvy.2, ENSP00000267859-uc010uhc.1-uc002agi.3, ENSP00000369081-uc003mxv.2-uc010jnz.2, ENSP00000431883-uc001qhb.1-uc009zcz.1	1.0	E
1	2.40363284831e-13	1	ENSP00000230640-uc003jpy.3-uc011cqi.1, ENSP00000311949-uc001gew.2-uc001gez.2, ENSP00000343002-uc010aaz.2-uc001uto.3, ENSP00000390121-uc002jbv.2-uc010wps.1	1.0	E
1	2.24043006369e-13	1	ENSP00000253024-uc002qtg.1-uc002qth.1, ENSP00000263209-uc002zri.2-uc002zrj.2, ENSP00000309330-uc003tta.2-uc010kzr.2, ENSP00000360065-uc001dcx.2-uc009waw.2	1.0	E
1	2.07389661e-13	1	ENSP00000260649-uc002ruc.3-uc002rue.3, ENSP00000313007-uc003yjs.1-uc011lhd.1, ENSP00000383411-uc002yju.1-uc010gky.1, ENSP00000453969-uc001zlh.3-uc010ucn.1	1.0	E
1	1.83186799063e-13	1	ENSP00000311949-uc001gew.2-uc001gez.2, ENSP00000323927-uc002hrg.2-uc010cvr.1, ENSP00000323973-uc003emn.2-uc003ems.2, ENSP00000422464-uc003iph.1-uc011cir.1	1.0	E
1	1.74305014866e-13	1	ENSP00000292538-uc003uyt.2-uc003uyz.2, ENSP00000337313-uc001ucn.2-uc001ucl.2, ENSP00000345444-uc001qfp.2-uc009zcv.2, ENSP00000345498-uc001dyb.1-uc001dye.1	1.0	E
1	1.74193992564e-13	1	ENSP00000271227-uc001dqv.3-uc010ott.1, ENSP00000369081-uc003mxv.2-uc010jnz.2, ENSP00000386626-uc002tzd.3-uc010zch.1, ENSP00000410545	1.0	E
1	1.70974345792e-13	1	ENSP00000265742-uc003ulw.2-uc010lew.1, ENSP00000304669-uc003ldh.2-uc003ldl.2, ENSP00000336888-uc002mpf.2-uc002mpi.2, ENSP00000362824-uc004eaa.1-uc004ead.2	1.0	E
1	1.7086332349e-13	1	ENSP00000265742-uc003ulw.2-uc010lew.1, ENSP00000281924-uc002ttx.2-uc002tty.2, ENSP00000373347-uc003brf.1-uc003brg.1, ENSP00000462521-uc001enn.3-uc001enm.1	1.0	E
1	1.66644475996e-13	1	ENSP00000229854-uc003pan.1-uc011dwu.1, ENSP00000351138-uc004bxa.2-uc004bxb.2, ENSP00000380869-uc010tlt.1-uc010ain.2, ENSP00000381031-uc003aet.2-uc003aey.2	1.0	E
1	1.4022116801e-13	1	ENSP00000264832-uc002mnq.2-uc010xle.1, ENSP00000265140-uc003kkr.3-uc003kks.2, ENSP00000286627-uc001jxm.2-uc001jxs.3, ENSP00000357448-uc001ffr.2-uc010pep.1	1.0	E
1	1.29229960066e-13	1	ENSP00000334738-uc003adk.2-uc011akg.1, ENSP00000358918-uc001kvy.1-uc009xxe.1, ENSP00000395653-uc002hbf.1-uc002hbg.1, ENSP00000446289-uc003kdc.3-uc011css.1	1.0	E
1	1.29007915461e-13	1	ENSP00000253363-uc002xeb.2-uc002xea.2, ENSP00000262177-uc003wnk.2-uc011kvz.1, ENSP00000346532-uc002orx.2-uc002ose.2, ENSP00000422464-uc003iph.1-uc011cir.1	1.0	E
1	1.15241149956e-13	1	ENSP00000257700-uc003vda.1-uc010ljj.1, ENSP00000317382-uc001pdn.2-uc001pdm.2, ENSP00000350331-uc001iig.2-uc001iii.2, ENSP00000369373-uc001mbm.1-uc001mbn.2	1.0	E
1	1.11022302463e-13	1	ENSP00000293230-uc002jru.1-uc002jrv.1, ENSP00000311579-uc003wss.2-uc011kww.1, ENSP00000356230-uc001gyo.1-uc001gym.1, ENSP00000359818-uc001knt.2-uc001knq.2	1.0	E
1	1.09690034833e-13	1	ENSP00000311429-uc002aqb.2-uc010bhv.2, ENSP00000327154-uc003owr.2-uc003ows.2, ENSP00000353458-uc001wsk.2-uc001wsl.2, ENSP00000362369-uc002xjo.1-uc010zwe.1	1.0	E
1	1.09134923321e-13	1	ENSP00000256496-uc003bqg.2-uc011asy.1, ENSP00000314420-uc002gkd.2-uc010cns.2, ENSP00000357448-uc001ffr.2-uc010pep.1, ENSP00000358060-uc001euq.2-uc009wlt.2	1.0	E
1	1.08801856413e-13	1	ENSP00000275227-uc003qdw.1-uc010kgd.1, ENSP00000342222-uc002gpy.2-uc002gpz.2, ENSP00000351138-uc004bxa.2-uc004bxb.2, ENSP00000415034-uc003cqp.2-uc010hjo.1	1.0	E
1	1.08357767203e-13	1	ENSP00000263960-uc002uuh.1-uc010fsl.1, ENSP00000294179-uc001nvh.2-uc010rmi.1, ENSP00000317904-uc002plp.2-uc010xzy.1, ENSP00000436958-uc001pbl.2-uc001pbk.2	1.0	E
1	9.81437153769e-14	1	ENSP00000265000-uc003isz.3-uc011ckb.1, ENSP00000346532-uc002orx.2-uc002ose.2, ENSP00000360031-uc001knf.2-uc001kne.2, ENSP00000371535-uc003grg.2-uc003grh.2	1.0	E
1	9.42579347907e-14	1	ENSP00000329867-uc001ouw.2-uc001oux.2, ENSP00000334490-uc002zrq.2-uc010gsa.2, ENSP00000361355-uc001kbl.2-uc001kbo.3, ENSP00000379737-uc003swy.2-uc010kur.2	1.0	E
1	7.62723217918e-14	1	ENSP00000226578-uc003hwg.2-uc011ces.1, ENSP00000251143-uc002dgn.1-uc002dgp.1, ENSP00000311429-uc002aqb.2-uc010bhv.2, ENSP00000316054-uc003fms.2-uc003fmu.2	1.0	E
1	7.29416527179e-14	1	ENSP00000261413-uc003kbz.3-uc011csd.1, ENSP00000314420-uc002gkd.2-uc010cns.2, ENSP00000377389-uc001onw.2-uc001onz.2, ENSP00000393978-uc002pfj.2-uc002pfd.2	1.0	E
1	6.70574706874e-14	1	ENSP00000339016-uc001kez.1-uc010qmr.1, ENSP00000351338-uc003csx.2-uc003cst.2, ENSP00000352288-uc003bkv.3-uc003bkt.1, ENSP00000383401-uc002kod.1-uc002kof.2	1.0	E
1	5.88418203051e-14	1	ENSP00000275227-uc003qdw.1-uc010kgd.1, ENSP00000281405-uc002rdj.2-uc002rdh.2, ENSP00000355180-uc002zhu.1-uc002zhw.1, ENSP00000420793-uc002scl.2-uc010ypx.1	1.0	E
1	5.68434188608e-14	1	ENSP00000263736-uc002rus.2-uc010yoc.1, ENSP00000329002-uc001fes.2-uc009wov.2, ENSP00000340507-uc003vuc.2-uc003vub.2, ENSP00000400113-uc001mpi.2-uc001mpj.2	1.0	E
1	5.6399329651e-14	1	ENSP00000263196-uc002zoq.1-uc011agr.1, ENSP00000264638-uc002iay.2-uc010wgs.1, ENSP00000347444-uc004axj.2-uc011luy.1, ENSP00000355050-uc010zvw.1-uc002xhj.2	1.0	E
1	5.6177285046e-14	1	ENSP00000258796-uc003smp.2-uc010ksn.2, ENSP00000268638-uc002fjh.2-uc010chp.2, ENSP00000329419-uc003etf.3-uc011bmv.1, ENSP00000360031-uc001knf.2-uc001kne.2	1.0	E
1	4.55191440096e-14	1	ENSP00000320885-uc002roc.2-uc002rod.2, ENSP00000354086-uc001cxa.3-uc001cxc.3, ENSP00000355827-uc001hoh.2-uc010pvc.1, ENSP00000379411-uc002dhg.3-uc002dhh.3	1.0	E
1	3.97459842816e-14	1	ENSP00000303696-uc002lwr.2-uc010xha.1, ENSP00000308344-uc002jbc.2-uc010wpn.1, ENSP00000318687-uc001utj.2-uc010tds.1, ENSP00000364448-uc001vup.2-uc001vut.2	1.0	E
1	3.93018950717e-14	1	ENSP00000257287-uc003hbi.2-uc003hbj.2, ENSP00000299767-uc001tkb.1-uc010swg.1, ENSP00000345444-uc001qfp.2-uc009zcv.2, ENSP00000354957-uc004ahr.2-uc011lry.1	1.0	E
1	3.03090885723e-14	1	ENSP00000311949-uc001gew.2-uc001gez.2, ENSP00000373206-uc003dnl.2-uc003dnj.2, ENSP00000416097-uc011maw.1-uc010mxw.2, ENSP00000419126-uc001lgw.2-uc001lgx.2	1.0	E
1	2.25375273999e-14	1	ENSP00000294179-uc001nvh.2-uc010rmi.1, ENSP00000334490-uc002zrq.2-uc010gsa.2, ENSP00000340693-uc003dts.2-uc003dtu.2, ENSP00000422464-uc003iph.1-uc011cir.1	1.0	E
1	2.19824158876e-14	1	ENSP00000269217-uc002kus.3-uc002kut.3, ENSP00000312158-uc003nib.1-uc003nic.1, ENSP00000341957-uc010pvb.1-uc010puz.1, ENSP00000369081-uc003mxv.2-uc010jnz.2	1.0	E
1	2.12052597703e-14	1	ENSP00000234160-uc002ugk.2-uc002ugm.2, ENSP00000257548-uc010sxi.1-uc001tnw.3, ENSP00000332979-uc002yyw.2-uc010goo.2, ENSP00000387258-uc002tcd.3-uc010ywe.1	1.0	E
1	2.09832151654e-14	1	ENSP00000257700-uc003vda.1-uc010ljj.1, ENSP00000267859-uc010uhc.1-uc002agi.3, ENSP00000318012-uc004bvu.3-uc011mbj.1, ENSP00000358335-uc003pnz.1-uc003pny.1	1.0	E
1	1.62092561595e-14	1	ENSP00000356849-uc001gdt.1-uc010plf.1, ENSP00000381693-uc001jve.2-uc009xrn.1, ENSP00000381970-uc003koa.1-uc003kob.1, ENSP00000400717-uc002jfc.2-uc010wqh.1	1.0	E
1	1.39888101103e-14	1	ENSP00000263563-uc001jrd.3-uc001jre.3, ENSP00000353375-uc003csb.2-uc003crw.2, ENSP00000356849-uc001gdt.1-uc010plf.1, ENSP00000357283-uc001fni.2-uc001fnk.2	1.0	E
1	1.35447209004e-14	1	ENSP00000263238-uc002tkx.1-uc010yyd.1, ENSP00000362298-uc001jrm.2-uc009xqk.2, ENSP00000367227-uc003zyo.2-uc003zyn.2, ENSP00000436958-uc001pbl.2-uc001pbk.2	1.0	E
1	1.13242748512e-14	1	ENSP00000238823-uc002rpa.1-uc010ynd.1, ENSP00000265594-uc003fle.2-uc003flf.2, ENSP00000350331-uc001iig.2-uc001iii.2, ENSP00000471656-uc001qsi.2-uc010sfw.1	1.0	E
1	1.11022302463e-14	1	ENSP00000264963-uc002swu.2-uc010yuw.1, ENSP00000267938-uc002bbg.2-uc002bbi.2, ENSP00000320485, ENSP00000400113-uc001mpi.2-uc001mpj.2	1.0	E
1	1.07691633389e-14	1	ENSP00000263196-uc002zoq.1-uc011agr.1, ENSP00000281416-uc002urz.2-uc010zge.1, ENSP00000293677-uc002moa.2-uc002mnz.2, ENSP00000317214-uc004epc.1-uc011msu.1	1.0	E
1	9.54791801178e-15	1	ENSP00000333667-uc001snf.1-uc010srj.1, ENSP00000371531-uc003zhl.1-uc003zhn.1, ENSP00000371535-uc003grg.2-uc003grh.2, ENSP00000455933-uc010vnx.1-uc010voa.1	1.0	E
1	8.65973959208e-15	1	ENSP00000160298-uc002mgv.3-uc002mgw.2, ENSP00000262809-uc002njh.2-uc002njg.2, ENSP00000383401-uc002kod.1-uc002kof.2, ENSP00000410051-uc010seh.1-uc010sei.1	1.0	E
1	7.9936057773e-15	1	ENSP00000265742-uc003ulw.2-uc010lew.1, ENSP00000281416-uc002urz.2-uc010zge.1, ENSP00000328023-uc001qdh.2-uc010sbm.1, ENSP00000419879-uc002wls.2-uc010zqv.1	1.0	E
1	7.32747196253e-15	1	ENSP00000269701-uc002nav.2-uc010dzy.2, ENSP00000287169-uc001nkx.1-uc001nky.1, ENSP00000334490-uc002zrq.2-uc010gsa.2, ENSP00000364001-uc001iwx.3-uc001iwv.3	1.0	E
1	6.2172489379e-15	1	ENSP00000263196-uc002zoq.1-uc011agr.1, ENSP00000292538-uc003uyt.2-uc003uyz.2, ENSP00000334738-uc003adk.2-uc011akg.1, ENSP00000395007-uc010lpi.2-uc003wfw.2	1.0	E
1	5.99520433298e-15	1	ENSP00000262207-uc003yan.2-uc011lfl.1, ENSP00000357551-uc001lmg.1-uc001lmf.1, ENSP00000400113-uc001mpi.2-uc001mpj.2, ENSP00000441285-uc001gee.2-uc010plh.1	1.0	E
1	5.3290705182e-15	1	ENSP00000260762-uc001kig.2-uc001kih.2, ENSP00000348564-uc001zql.2-uc001zqj.2, ENSP00000377374-uc003mbw.3-uc011dfa.1, ENSP00000436958-uc001pbl.2-uc001pbk.2	1.0	E
1	5.3290705182e-15	1	ENSP00000329748-uc001rls.1-uc001rlr.1, ENSP00000347444-uc004axj.2-uc011luy.1, ENSP00000371531-uc003zhl.1-uc003zhn.1, ENSP00000426968-uc010iqc.2-uc003ioz.2	1.0	E
1	3.99680288865e-15	1	ENSP00000299575-uc002ffz.1-uc010vnn.1, ENSP00000345498-uc001dyb.1-uc001dye.1, ENSP00000365388-uc001isv.2-uc010qdf.1, ENSP00000413507-uc011kav.1-uc003tey.2	1.0	E
1	3.33066907388e-15	1	ENSP00000005587-uc003syc.2-uc011jzj.1, ENSP00000278193-uc001mrl.2-uc009yii.2, ENSP00000294785-uc001fvx.2-uc010pjg.1, ENSP00000451763-uc001xoz.1-uc010tuj.1	1.0	E
1	1.99840144433e-15	1	ENSP00000278193-uc001mrl.2-uc009yii.2, ENSP00000379006-uc002ape.3-uc010ujb.1, ENSP00000416097-uc011maw.1-uc010mxw.2, ENSP00000471771-uc004eay.3-uc010nll.2	1.0	E
1	1.7763568394e-15	1	ENSP00000252826-uc002pmw.2-uc002pmy.2, ENSP00000253247-uc002jgd.1-uc010deu.1, ENSP00000362298-uc001jrm.2-uc009xqk.2, ENSP00000461672-uc002kal.1-uc002kai.1	1.0	E
1	1.55431223448e-15	1	ENSP00000306920-uc003cfi.1-uc003cfj.1, ENSP00000358918-uc001kvy.1-uc009xxe.1, ENSP00000362298-uc001jrm.2-uc009xqk.2, ENSP00000403476-uc010oia.1-uc010oib.1	1.0	E
1	1.33226762955e-15	1	ENSP00000263980-uc001bnm.2-uc001bnl.2, ENSP00000318775-uc003gro.2-uc003grp.2, ENSP00000436958-uc001pbl.2-uc001pbk.2, ENSP00000445725-uc003xpm.2-uc010lxp.2	1.0	E
1	1.22124532709e-15	1	ENSP00000265993-uc001klb.3-uc001kla.3, ENSP00000310129-uc003fnn.1-uc011brk.1, ENSP00000318012-uc004bvu.3-uc011mbj.1, ENSP00000368076-uc002fbm.1-uc010vml.1	1.0	E
1	1.11022302463e-15	1	ENSP00000318687-uc001utj.2-uc010tds.1, ENSP00000353375-uc003csb.2-uc003crw.2, ENSP00000385746-uc004dag.2-uc010nfs.2, ENSP00000443442-uc001ria.2-uc001rif.1	1.0	E
1	8.881784197e-16	1	ENSP00000261173-uc001tbh.2-uc009zsr.2, ENSP00000333657-uc002yzf.1-uc010gop.1, ENSP00000344223-uc002fhi.2-uc002fhh.2, ENSP00000371531-uc003zhl.1-uc003zhn.1	1.0	E
1	6.66133814775e-16	1	ENSP00000226578-uc003hwg.2-uc011ces.1, ENSP00000377867-uc004ewk.1-uc004ewm.1, ENSP00000401470-uc003azu.2-uc003azr.2, ENSP00000422464-uc003iph.1-uc011cir.1	1.0	E
1	2.22044604925e-16	1	ENSP00000238146-uc001ufi.2-uc001ufl.2, ENSP00000282003-uc001vkw.1-uc010afc.2, ENSP00000369081-uc003mxv.2-uc010jnz.2, ENSP00000416892-uc003auf.2-uc003auh.2	1.0	E
1	2.22044604925e-16	1	ENSP00000320885-uc002roc.2-uc002rod.2, ENSP00000331504-uc002bpv.2-uc002bpy.2, ENSP00000386626-uc002tzd.3-uc010zch.1, ENSP00000386935-uc010ncb.2-uc004cla.3	1.0	E
1	2.22044604925e-16	1	ENSP00000246505-uc010tjw.1-uc001vtf.2, ENSP00000295797-uc003fgs.2-uc003fgt.2, ENSP00000299853-uc002dkk.2-uc010vbt.1, ENSP00000378438-uc002azq.3-uc002azr.3	1.0	E
1	0.0	1	ENSP00000263196-uc002zoq.1-uc011agr.1, ENSP00000312618-uc003ela.3-uc003ele.2, ENSP00000323811-uc003caf.2-uc010hep.2, ENSP00000364001-uc001iwx.3-uc001iwv.3	1.0	E
1	0.0	1	ENSP00000245787-uc002tlk.2-uc010yye.1, ENSP00000289968-uc002dnb.2-uc002dmw.2, ENSP00000355180-uc002zhu.1-uc002zhw.1, ENSP00000393571-uc001pjq.2-uc010rvu.1	1.0	E